1 0.880297 0.381403 0.018177 0.064972
1 0.448583 0.273009 0.009896 0.032833
1 0.773729 0.309694 0.010729 0.047963
0 0.534060 0.331389 0.003839 0.007963
1 0.328060 0.328134 0.011901 0.055028
1 0.530245 0.313634 0.015250 0.040565
1 0.344768 0.389333 0.016786 0.064019
1 0.787549 0.487282 0.030891 0.088306
1 0.815602 0.391653 0.013641 0.067917
1 0.342721 0.645995 0.031130 0.134972
1 0.079810 0.327931 0.015151 0.052694
1 0.655510 0.356097 0.013677 0.058454
1 0.718401 0.352921 0.008615 0.051231
1 0.663268 0.317338 0.011286 0.045324
1 0.780398 0.336662 0.017036 0.036769
1 0.675190 0.381819 0.019151 0.058250
1 0.569771 0.296602 0.009865 0.033759
1 0.788846 0.303421 0.009307 0.041472
1 0.369242 0.305162 0.009161 0.036991
1 0.158828 0.396194 0.020094 0.066037
1 0.446484 0.321708 0.011073 0.044176
1 0.877513 0.357440 0.015464 0.053343
1 0.349237 0.331486 0.007922 0.041972
