1 0.878174 0.250741 0.015359 0.054370
1 0.640471 0.366824 0.018932 0.060907
1 0.237344 0.502477 0.016625 0.078843
1 0.772542 0.472083 0.023135 0.065648
1 0.496146 0.501167 0.015938 0.073963
1 0.916820 0.416912 0.010276 0.069861
1 0.689977 0.378389 0.013484 0.063352
1 0.473659 0.277523 0.016411 0.047083
1 0.556273 0.410306 0.013255 0.070370
1 0.394271 0.344028 0.014198 0.065037
0 0.643719 0.132972 0.004479 0.008296
1 0.757398 0.527648 0.014109 0.090204
1 0.655263 0.285569 0.010818 0.055731
1 0.741190 0.283972 0.014943 0.055111
1 0.442430 0.323056 0.012672 0.061611
1 0.177474 0.790898 0.025469 0.113593
1 0.505172 0.292185 0.011698 0.057333
1 0.562026 0.218398 0.010344 0.043352
1 0.473505 0.396935 0.016219 0.066685
1 0.622510 0.164250 0.007792 0.042685
1 0.657727 0.230880 0.014724 0.047370
1 0.224174 0.270222 0.010516 0.053685
1 0.762820 0.394194 0.020630 0.070685
1 0.643281 0.146421 0.010094 0.040917
