1 0.506297 0.478731 0.013646 0.053741
1 0.465701 0.475398 0.006755 0.042463
1 0.520523 0.487023 0.006411 0.043065
1 0.529341 0.481861 0.008547 0.043759
1 0.449404 0.507009 0.007557 0.051333
1 0.453078 0.509250 0.009521 0.051000
1 0.472953 0.495125 0.007750 0.048231
1 0.478078 0.498051 0.010677 0.048583
1 0.500766 0.523546 0.010271 0.056852
1 0.502596 0.547495 0.010870 0.067528
1 0.758117 0.545792 0.010516 0.056046
1 0.781755 0.500366 0.010240 0.050509
1 0.353680 0.466801 0.009443 0.046657
1 0.692445 0.438176 0.011016 0.035556
1 0.428271 0.514764 0.011458 0.054435
1 0.407544 0.508560 0.013370 0.053750
0 0.622190 0.509384 0.003578 0.007194
1 0.625922 0.489616 0.006062 0.045065
1 0.631133 0.501903 0.012130 0.035417
1 0.383010 0.524537 0.012781 0.059833
1 0.614677 0.487681 0.007312 0.049213
1 0.520242 0.499431 0.015891 0.009306
1 0.524107 0.481856 0.006609 0.048583
