1 0.638565 0.337417 0.012005 0.046241
1 0.354052 0.483403 0.024823 0.047620
1 0.469836 0.389843 0.014651 0.041852
0 0.414036 0.409565 0.004906 0.008722
1 0.749721 0.441481 0.010380 0.057481
1 0.294909 0.361028 0.009589 0.046407
1 0.315826 0.398894 0.008589 0.044787
1 0.573451 0.346681 0.008286 0.044509
1 0.677099 0.394014 0.012646 0.049028
1 0.458177 0.370602 0.011521 0.044056
1 0.197602 0.340139 0.016828 0.042019
1 0.409539 0.463162 0.015141 0.051787
1 0.334760 0.401069 0.013323 0.042065
1 0.340432 0.367759 0.010948 0.044222
1 0.415773 0.436236 0.012859 0.052065
1 0.710490 0.484935 0.018635 0.056667
1 0.569430 0.676852 0.017182 0.081167
1 0.179034 0.391282 0.013745 0.046083
1 0.133172 0.574685 0.014906 0.070130
1 0.159354 0.454495 0.013458 0.050806
1 0.665953 0.357861 0.013187 0.045796
1 0.903057 0.426926 0.010948 0.048407
1 0.116289 0.482685 0.015484 0.057093
