1 0.220633 0.599838 0.013693 0.072398
1 0.484000 0.284222 0.010000 0.042370
1 0.238203 0.302792 0.008813 0.045065
1 0.444346 0.225991 0.007891 0.037148
1 0.526185 0.362560 0.016297 0.054435
1 0.238354 0.208569 0.006937 0.032769
1 0.503315 0.279148 0.008443 0.040407
1 0.569370 0.189380 0.006312 0.035444
1 0.066229 0.379949 0.011021 0.048361
1 0.075193 0.425398 0.013865 0.057352
1 0.062836 0.219565 0.009745 0.035259
0 0.750221 0.329125 0.005880 0.010713
1 0.586854 0.817481 0.022021 0.093574
1 0.341185 0.372042 0.014651 0.051676
1 0.083044 0.505495 0.015589 0.065380
1 0.195737 0.638074 0.015349 0.063241
1 0.774406 0.342634 0.009906 0.049602
1 0.658997 0.463051 0.010016 0.056157
1 0.934792 0.569833 0.015885 0.068815
1 0.476974 0.387398 0.009292 0.050944
1 0.262617 0.379093 0.011714 0.048648
1 0.696187 0.249028 0.008760 0.041500
1 0.583255 0.297222 0.012187 0.043111
1 0.206992 0.289569 0.010443 0.039528
