1 0.140435 0.419681 0.008536 0.034880
1 0.746893 0.595926 0.027797 0.090278
1 0.739823 0.488556 0.017333 0.060481
1 0.505297 0.457667 0.012135 0.052463
1 0.222190 0.451287 0.014557 0.051815
1 0.171177 0.519528 0.013792 0.071537
1 0.567034 0.445185 0.012880 0.049426
1 0.603557 0.469454 0.012646 0.054130
1 0.434620 0.513019 0.011271 0.063315
1 0.668458 0.445921 0.009531 0.049639
1 0.187099 0.452764 0.013302 0.051417
1 0.597141 0.418000 0.007094 0.037889
1 0.513255 0.428736 0.009417 0.043324
1 0.411359 0.462250 0.010635 0.045389
1 0.370794 0.433208 0.008297 0.039676
1 0.173602 0.419481 0.012943 0.040037
1 0.504188 0.409060 0.008250 0.033769
1 0.407943 0.427977 0.009375 0.034657
1 0.380013 0.433269 0.009797 0.043759
1 0.401292 0.411708 0.007281 0.032528
1 0.995805 0.461935 0.008391 0.059667
1 0.381552 0.410870 0.011229 0.035611
