2 0.4 0.2046875 0.009375 0.04453125
3 0.70078125 0.190625 0.0109375 0.0375
2 0.525 0.225 0.0125 0.0375
3 0.5671875 0.4125 0.0109375 0.0625
2 0.59453125 0.26484375 0.0109375 0.046875
2 0.44375 0.25859375 0.0140625 0.046875
2 0.71796875 0.3 0.0109375 0.05546875
2 0.3625 0.275 0.0109375 0.04921875
2 0.66171875 0.26171875 0.0140625 0.0515625
2 0.3265625 0.265625 0.0140625 0.05546875
2 0.76015625 0.28515625 0.0140625 0.0515625
2 0.4546875 0.265625 0.0109375 0.04921875
2 0.7046875 0.3296875 0.0125 0.0546875
2 0.3328125 0.31875 0.0125 0.05078125
2 0.58203125 0.3140625 0.0109375 0.05546875
2 0.75390625 0.35703125 0.015625 0.05625
2 0.81875 0.525 0.0171875 0.0703125
2 0.17109375 0.28671875 0.015625 0.053125
2 0.7484375 0.43515625 0.0125 0.0671875
2 0.2703125 0.5046875 0.0171875 0.06875
2 0.81484375 0.71484375 0.0234375 0.0921875
2 0.5640625 0.39140625 0.009375 0.04375