0 0.45390625 0.6296875 0.009375 0.015625
3 0.6390625 0.1890625 0.009375 0.03984375
2 0.33515625 0.3015625 0.0171875 0.0515625
2 0.425 0.26015625 0.0109375 0.0453125
2 0.64453125 0.3625 0.0171875 0.046875
2 0.3609375 0.4 0.0140625 0.06484375
2 0.66640625 0.28046875 0.0125 0.046875
2 0.4640625 0.60703125 0.0234375 0.0828125
2 0.359375 0.4578125 0.015625 0.071875
2 0.69453125 0.3578125 0.0140625 0.0625
2 0.56953125 0.7359375 0.025 0.0828125
2 0.5609375 0.33828125 0.015625 0.059375
2 0.6046875 0.75546875 0.025 0.090625
2 0.5453125 0.61484375 0.0203125 0.0875
2 0.31796875 0.36015625 0.0125 0.0640625
2 0.71484375 0.365625 0.015625 0.0625
2 0.1078125 0.3921875 0.015625 0.0625
3 0.62578125 0.47109375 0.015625 0.071875
2 0.49140625 0.42734375 0.0171875 0.06875
2 0.5890625 0.496875 0.021875 0.06953125
2 0.15390625 0.671875 0.0234375 0.0953125
2 0.74375 0.44140625 0.0265625 0.0734375
2 0.3671875 0.6515625 0.0203125 0.084375