2 0.6875 0.4875 0.0265625 0.0671875
2 0.69765625 0.4921875 0.025 0.0578125
2 0.109375 0.61015625 0.01875 0.078125
2 0.56796875 0.5484375 0.01875 0.0671875
2 0.3296875 0.3484375 0.0125 0.046875
2 0.23125 0.4359375 0.0203125 0.05546875
2 0.65078125 0.54296875 0.028125 0.0578125
2 0.740625 0.5890625 0.0328125 0.0609375
2 0.6234375 0.634375 0.0171875 0.06953125
2 0.6734375 0.36796875 0.021875 0.046875
2 0.37578125 0.5734375 0.0171875 0.0671875
2 0.71484375 0.57734375 0.0234375 0.059375
2 0.134375 0.63046875 0.0140625 0.078125
2 0.634375 0.315625 0.021875 0.0421875
2 0.15234375 0.45703125 0.0140625 0.0625
2 0.23359375 0.49921875 0.0171875 0.0671875
2 0.559375 0.4609375 0.0203125 0.059375
3 0.49609375 0.409375 0.01875 0.0484375
2 0.3953125 0.5296875 0.021875 0.0625
2 0.4984375 0.5625 0.021875 0.0703125
2 0.22109375 0.675 0.025 0.0671875
3 0.5921875 0.21171875 0.01171875 0.03125
0 0.74453125 0.609375 0.0078125 0.01328125