3 0.6890625 0.315625 0.0078125 0.02578125
0 0.06875 0.7609375 0.0109375 0.01484375
2 0.4421875 0.36640625 0.0078125 0.0328125
2 0.60078125 0.40546875 0.009375 0.0359375
2 0.4875 0.3671875 0.00625 0.03046875
2 0.1078125 0.78203125 0.0203125 0.0484375
2 0.51171875 0.4828125 0.0125 0.04453125
2 0.475 0.47578125 0.0125 0.0421875
2 0.815625 0.6671875 0.0171875 0.05546875
2 0.275 0.4578125 0.0171875 0.0421875
2 0.578125 0.80546875 0.0140625 0.0625
3 0.48671875 0.52421875 0.0125 0.046875
2 0.5828125 0.36015625 0.0078125 0.0359375
2 0.69765625 0.41328125 0.0109375 0.0375
3 0.075 0.825 0.03203125 0.07421875
2 0.2921875 0.525 0.0140625 0.04453125
2 0.334375 0.42265625 0.0140625 0.0421875
2 0.72890625 0.490625 0.0140625 0.046875
2 0.740625 0.740625 0.0125 0.0609375
2 0.69296875 0.609375 0.015625 0.053125
2 0.1296875 0.7734375 0.0234375 0.075
2 0.82109375 0.625 0.015625 0.059375
2 0.1921875 0.58671875 0.0140625 0.0515625
2 0.56015625 0.61328125 0.0203125 0.0546875