2 0.4859375 0.28515625 0.0125 0.053125
2 0.81953125 0.278125 0.009375 0.04921875
2 0.60234375 0.18671875 0.009375 0.0375
2 0.34375 0.25 0.009375 0.0484375
2 0.35859375 0.4265625 0.0140625 0.0578125
2 0.4953125 0.2953125 0.021875 0.0375
1 0.06875 0.303125 0.015625 0.04921875
2 0.79140625 0.2515625 0.009375 0.04921875
2 0.2671875 0.315625 0.0109375 0.05078125
2 0.38671875 0.325 0.0125 0.0515625
2 0.36484375 0.37578125 0.0171875 0.05
2 0.5640625 0.4421875 0.0140625 0.0703125
2 0.83046875 0.296875 0.0125 0.04921875
2 0.24609375 0.62109375 0.028125 0.071875
3 0.490625 0.4015625 0.015625 0.05546875
2 0.58359375 0.359375 0.0125 0.0546875
3 0.8671875 0.871875 0.0359375 0.096875
2 0.40859375 0.525 0.0234375 0.065625
2 0.30859375 0.4453125 0.025 0.0625
2 0.375 0.6078125 0.0375 0.071875
2 0.8015625 0.471875 0.01875 0.071875
2 0.76640625 0.49375 0.01875 0.0671875
3 0.45859375 0.13046875 0.009375 0.034375
0 0.46484375 0.3171875 0.00625 0.01171875
2 0.4875 0.2953125 0.0109375 0.04296875