2 0.21796875 0.3796875 0.021875 0.05390625
2 0.63046875 0.171875 0.009375 0.0375
1 0.07265625 0.31875 0.0109375 0.0484375
2 0.38046875 0.2453125 0.0109375 0.0484375
2 0.2546875 0.42109375 0.0140625 0.0546875
3 0.48203125 0.38828125 0.009375 0.05625
3 0.91328125 0.90078125 0.025 0.103125
2 0.42734375 0.24921875 0.0109375 0.0421875
2 0.1078125 0.61171875 0.01875 0.0734375
2 0.84296875 0.3125 0.0109375 0.053125
2 0.89375 0.36796875 0.009375 0.0625
2 0.4875 0.28984375 0.015625 0.0484375
2 0.1953125 0.325 0.015625 0.05
2 0.22109375 0.41796875 0.0203125 0.053125
2 0.2453125 0.4375 0.0140625 0.06015625
2 0.87265625 0.27421875 0.0109375 0.0484375
2 0.63046875 0.39765625 0.015625 0.0578125
2 0.39609375 0.5640625 0.0140625 0.0671875
2 0.190625 0.58984375 0.0265625 0.0671875
2 0.78515625 0.55703125 0.015625 0.0796875
2 0.6578125 0.36875 0.0109375 0.0609375
2 0.72734375 0.54140625 0.01875 0.075
2 0.46328125 0.5265625 0.0234375 0.0625
3 0.49140625 0.12890625 0.009375 0.03125
0 0.2484375 0.39765625 0.00546875 0.009375