2 0.5515625 0.4 0.009375 0.03515625
2 0.503125 0.3828125 0.01328125 0.03671875
3 0.66796875 0.35703125 0.009375 0.0328125
2 0.61953125 0.4140625 0.0109375 0.03515625
2 0.62890625 0.41328125 0.0140625 0.0375
2 0.58828125 0.37265625 0.0109375 0.0328125
2 0.42890625 0.4 0.009375 0.0390625
2 0.409375 0.403125 0.0109375 0.03984375
2 0.325 0.43515625 0.0109375 0.046875
2 0.54453125 0.4203125 0.009375 0.040625
2 0.30625 0.43125 0.0125 0.04375
2 0.528125 0.42109375 0.0109375 0.04375
3 0.43515625 0.440625 0.015625 0.04921875
2 0.2 0.5375 0.015625 0.0625
2 0.44609375 0.47265625 0.015625 0.0515625
2 0.1140625 0.6125 0.0140625 0.0703125
2 0.5609375 0.53125 0.0109375 0.06015625
2 0.49609375 0.478125 0.0109375 0.05546875
2 0.78125 0.46875 0.015625 0.05546875
2 0.2765625 0.4890625 0.0109375 0.06015625
2 0.3125 0.75078125 0.025 0.0875
2 0.8328125 0.60703125 0.01875 0.0765625
0 0.63359375 0.41875 0.0046875 0.01015625