2 0.44765625 0.1890625 0.009375 0.03125
2 0.40078125 0.18984375 0.009375 0.040625
2 0.753125 0.2265625 0.01015625 0.0453125
2 0.16875 0.3609375 0.0265625 0.0515625
2 0.38203125 0.2046875 0.0140625 0.0421875
2 0.51640625 0.1984375 0.0078125 0.0421875
2 0.55234375 0.19765625 0.009375 0.0484375
2 0.60703125 0.23671875 0.0078125 0.0421875
2 0.48828125 0.2421875 0.015625 0.03515625
2 0.73125 0.26875 0.0125 0.0484375
2 0.46015625 0.24140625 0.01875 0.0453125
2 0.5390625 0.228125 0.0109375 0.0421875
2 0.20703125 0.315625 0.0125 0.0578125
2 0.4265625 0.31640625 0.0109375 0.0515625
2 0.36171875 0.409375 0.0171875 0.0640625
2 0.15859375 0.3796875 0.0234375 0.06015625
2 0.64453125 0.32734375 0.015625 0.0578125
2 0.80625 0.4390625 0.0203125 0.0671875
3 0.39296875 0.290625 0.0109375 0.053125
2 0.31171875 0.325 0.0140625 0.0546875
2 0.28046875 0.690625 0.034375 0.09375
0 0.5390625 0.24609375 0.00390625 0.0078125
3 0.753125 0.19140625 0.009375 0.04375