2 0.46875 0.353125 0.0140625 0.03671875
2 0.45859375 0.29296875 0.0078125 0.034375
2 0.54609375 0.28203125 0.00625 0.0296875
2 0.34609375 0.309375 0.0078125 0.0375
2 0.36875 0.37265625 0.009375 0.0328125
2 0.27421875 0.3921875 0.0140625 0.0453125
2 0.5765625 0.315625 0.0078125 0.040625
2 0.59453125 0.35703125 0.0109375 0.0390625
2 0.47109375 0.428125 0.0109375 0.0453125
2 0.3390625 0.3078125 0.0078125 0.03984375
2 0.415625 0.33828125 0.009375 0.0359375
2 0.70234375 0.4171875 0.009375 0.04921875
3 0.51328125 0.3609375 0.009375 0.0421875
2 0.2578125 0.409375 0.0109375 0.05078125
2 0.259375 0.3375 0.0109375 0.0390625
2 0.66328125 0.3578125 0.0109375 0.04453125
2 0.5484375 0.32734375 0.0125 0.0390625
2 0.6390625 0.34921875 0.0078125 0.040625
2 0.27109375 0.475 0.0109375 0.05625
2 0.54609375 0.396875 0.0125 0.0421875
2 0.4234375 0.51796875 0.015625 0.0578125
3 0.90546875 0.79921875 0.0234375 0.0828125
0 0.484375 0.35546875 0.00625 0.0140625
3 0.2890625 0.2421875 0.0109375 0.03828125