2 0.31640625 0.2953125 0.009375 0.03984375
2 0.3296875 0.31171875 0.015625 0.0421875
3 0.3546875 0.32265625 0.0078125 0.0484375
2 0.29375 0.31796875 0.0140625 0.04375
2 0.23046875 0.35234375 0.0140625 0.05
2 0.3734375 0.3328125 0.0109375 0.04921875
2 0.41640625 0.29140625 0.0125 0.04375
2 0.27890625 0.34375 0.0125 0.04921875
2 0.65703125 0.353125 0.009375 0.0515625
2 0.3375 0.3625 0.015625 0.05078125
2 0.5375 0.29609375 0.0078125 0.0421875
2 0.50703125 0.33984375 0.009375 0.0484375
2 0.21640625 0.36875 0.015625 0.046875
2 0.39453125 0.4265625 0.015625 0.06015625
2 0.75859375 0.39375 0.0171875 0.059375
2 0.57265625 0.76953125 0.025 0.103125
2 0.74453125 0.43828125 0.0140625 0.0625
2 0.70859375 0.46484375 0.021875 0.0625
2 0.6109375 0.77734375 0.0234375 0.10625
2 0.37890625 0.53984375 0.0265625 0.0734375
2 0.234375 0.46953125 0.0171875 0.0625
2 0.1734375 0.390625 0.0171875 0.053125
3 0.7015625 0.259375 0.0109375 0.0375
2 0.3921875 0.253125 0.009375 0.03984375
0 0.2828125 0.3625 0.0046875 0.0109375