2 0.68046875 0.3375 0.0109375 0.03984375
2 0.42265625 0.29453125 0.009375 0.0375
2 0.65234375 0.38984375 0.0140625 0.0515625
2 0.65390625 0.31015625 0.0109375 0.0359375
2 0.69296875 0.36640625 0.0171875 0.0515625
0 0.26015625 0.58046875 0.0078125 0.0125
2 0.81484375 0.4125 0.015625 0.0578125
2 0.4796875 0.321875 0.0140625 0.04453125
2 0.53125 0.33828125 0.0078125 0.046875
3 0.57578125 0.38984375 0.009375 0.0515625
2 0.80703125 0.440625 0.0109375 0.05625
2 0.84296875 0.4984375 0.021875 0.0578125
2 0.66015625 0.47265625 0.0125 0.059375
2 0.6109375 0.259375 0.0078125 0.03515625
2 0.31953125 0.346875 0.0109375 0.05
2 0.51875 0.47578125 0.0140625 0.06875
2 0.46640625 0.48828125 0.0171875 0.0625
1 0.9734375 0.3421875 0.01875 0.04921875
2 0.16875 0.5203125 0.01875 0.0671875
2 0.53984375 0.55390625 0.0140625 0.0796875
2 0.77734375 0.465625 0.009375 0.0625
2 0.4296875 0.62578125 0.01875 0.0828125
3 0.30390625 0.25390625 0.009375 0.0359375