3 0.49375 0.49765625 0.0140625 0.046875
2 0.6109375 0.409375 0.01171875 0.0421875
2 0.22578125 0.421875 0.0171875 0.04453125
2 0.27890625 0.3796875 0.0140625 0.0359375
2 0.51015625 0.525 0.0171875 0.0578125
2 0.46171875 0.44140625 0.015625 0.0453125
2 0.525 0.56484375 0.0140625 0.0578125
2 0.6609375 0.553125 0.021875 0.06171875
2 0.33046875 0.4421875 0.0125 0.0453125
2 0.56953125 0.4796875 0.01875 0.0515625
2 0.23515625 0.63203125 0.021875 0.059375
2 0.30546875 0.4734375 0.0109375 0.05
2 0.2359375 0.6875 0.0296875 0.075
2 0.2171875 0.47265625 0.0140625 0.053125
2 0.10234375 0.53203125 0.0125 0.0609375
2 0.62421875 0.540625 0.0140625 0.05625
2 0.7921875 0.53359375 0.0140625 0.059375
2 0.134375 0.5140625 0.015625 0.05546875
2 0.91328125 0.4953125 0.0171875 0.0515625
2 0.753125 0.45546875 0.01875 0.0515625
2 0.43515625 0.5390625 0.0203125 0.0578125
0 0.37265625 0.3796875 0.00625 0.0109375
3 0.69921875 0.346875 0.0078125 0.034375