2 0.0046875 0.4984375 0.0078125 0.0484375
2 0.46796875 0.64765625 0.0171875 0.046875
2 0.41171875 0.38671875 0.009375 0.034375
3 0.54921875 0.5453125 0.0109375 0.0484375
2 0.653125 0.4546875 0.009375 0.0390625
2 0.27421875 0.5515625 0.025 0.046875
2 0.534375 0.428125 0.009375 0.0359375
2 0.52421875 0.48046875 0.0109375 0.0421875
2 0.46328125 0.475 0.0109375 0.03984375
2 0.27890625 0.44609375 0.0109375 0.0421875
2 0.4796875 0.6671875 0.0203125 0.0546875
2 0.63671875 0.7875 0.015625 0.071875
2 0.175 0.5703125 0.015625 0.053125
2 0.67890625 0.478125 0.0125 0.04453125
2 0.44921875 0.77421875 0.021875 0.06875
3 0.02109375 0.8109375 0.025 0.0734375
2 0.60625 0.5296875 0.0125 0.04921875
2 0.2875 0.6375 0.0171875 0.05546875
2 0.6859375 0.528125 0.0109375 0.0515625
2 0.74453125 0.553125 0.0125 0.05078125
2 0.72265625 0.7265625 0.01875 0.0640625
2 0.5203125 0.7375 0.021875 0.06015625
0 0.4515625 0.79375 0.00625 0.0140625
3 0.6546875 0.36875 0.0078125 0.03125
2 0.65390625 0.43515625 0.0078125 0.0359375