2 0.24765625 0.49296875 0.0109375 0.046875
2 0.3609375 0.34296875 0.015625 0.0375
2 0.475 0.3625 0.0171875 0.03515625
3 0.46015625 0.47734375 0.0203125 0.053125
2 0.56484375 0.4109375 0.015625 0.04453125
2 0.16328125 0.41015625 0.015625 0.0484375
2 0.2359375 0.51953125 0.021875 0.0578125
2 0.50703125 0.409375 0.01875 0.0421875
2 0.12890625 0.4671875 0.01875 0.0453125
2 0.39765625 0.4640625 0.0125 0.04921875
2 0.56328125 0.4734375 0.01875 0.04921875
2 0.22109375 0.46796875 0.015625 0.0578125
2 0.61640625 0.584375 0.015625 0.0625
2 0.42890625 0.584375 0.0171875 0.0671875
2 0.3265625 0.71796875 0.0171875 0.078125
2 0.66796875 0.6234375 0.021875 0.06953125
2 0.78984375 0.440625 0.0140625 0.053125
2 0.1671875 0.678125 0.0203125 0.071875
2 0.69140625 0.490625 0.0234375 0.05546875
2 0.828125 0.5453125 0.0203125 0.0625
2 0.76640625 0.7296875 0.025 0.07421875
0 0.50546875 0.37578125 0.0046875 0.009375
3 0.703125 0.33671875 0.0140625 0.0390625