2 0.59296875 0.4140625 0.0125 0.046875
2 0.47109375 0.5921875 0.0140625 0.07578125
0 0.57734375 0.6578125 0.009375 0.0125
2 0.58515625 0.446875 0.0203125 0.053125
2 0.5046875 0.3625 0.0109375 0.05
2 0.36796875 0.35625 0.015625 0.053125
2 0.70625 0.6 0.0171875 0.06484375
2 0.5375 0.40625 0.015625 0.0515625
2 0.42578125 0.3515625 0.009375 0.04921875
2 0.6015625 0.44453125 0.015625 0.0578125
1 0.8859375 0.4421875 0.0140625 0.06015625
2 0.63515625 0.4703125 0.0140625 0.07578125
2 0.50546875 0.4296875 0.009375 0.0578125
3 0.4625 0.45390625 0.0125 0.0578125
2 0.55625 0.50859375 0.0171875 0.0671875
2 0.4078125 0.528125 0.0140625 0.0640625
2 0.1015625 0.41953125 0.0140625 0.059375
2 0.69375 0.50078125 0.025 0.0640625
2 0.48515625 0.6046875 0.021875 0.06484375
2 0.08046875 0.5296875 0.0171875 0.0671875
2 0.2328125 0.52734375 0.0171875 0.065625
2 0.4796875 0.58203125 0.01875 0.06875