0 0.59140625 0.471875 0.00625 0.01015625
2 0.38828125 0.1953125 0.0078125 0.03515625
2 0.38671875 0.33359375 0.0140625 0.05
3 0.49140625 0.32890625 0.0203125 0.0515625
2 0.74296875 0.2578125 0.0109375 0.04453125
2 0.4859375 0.2703125 0.0140625 0.0453125
2 0.2609375 0.2859375 0.0109375 0.0484375
2 0.33671875 0.321875 0.0140625 0.046875
2 0.36640625 0.39375 0.015625 0.06015625
2 0.28515625 0.2578125 0.0140625 0.0453125
2 0.215625 0.32265625 0.0109375 0.053125
2 0.8734375 0.36875 0.0140625 0.05625
2 0.60859375 0.43828125 0.025 0.0578125
2 0.340625 0.475 0.0203125 0.0578125
2 0.909375 0.3875 0.0171875 0.0578125
2 0.2515625 0.4 0.0140625 0.053125
2 0.184375 0.415625 0.01875 0.06015625
2 0.340625 0.871875 0.0328125 0.090625
2 0.184375 0.534375 0.0171875 0.071875
2 0.43203125 0.5859375 0.021875 0.0734375
2 0.30390625 0.53671875 0.01875 0.071875
2 0.11640625 0.5375 0.015625 0.06484375
3 0.7390625 0.19375 0.0125 0.03984375