2 0.3984375 0.35 0.0125 0.05078125
2 0.3671875 0.38671875 0.0171875 0.0421875
1 0.25546875 0.4359375 0.0140625 0.04921875
2 0.26328125 0.45859375 0.0171875 0.0671875
2 0.453125 0.37578125 0.0109375 0.0578125
2 0.23671875 0.47890625 0.0140625 0.0609375
2 0.484375 0.4828125 0.015625 0.06484375
2 0.32734375 0.48515625 0.025 0.065625
2 0.26875 0.5171875 0.028125 0.078125
2 0.63984375 0.3859375 0.021875 0.0640625
2 0.30390625 0.44296875 0.0234375 0.0578125
3 0.74765625 0.3453125 0.015625 0.0625
2 0.4203125 0.446875 0.0171875 0.071875
2 0.521875 0.36953125 0.0265625 0.0640625
2 0.38046875 0.425 0.021875 0.06015625
2 0.41875 0.48984375 0.028125 0.0609375
2 0.61953125 0.459375 0.0125 0.07578125
2 0.7671875 0.33046875 0.015625 0.0625
2 0.56171875 0.5203125 0.015625 0.08125
2 0.27890625 0.5625 0.0234375 0.096875
2 0.91484375 0.5515625 0.025 0.0828125
0 0.39140625 0.37421875 0.00625 0.009375