1 0.87890625 0.3453125 0.0140625 0.0484375
2 0.51484375 0.253125 0.009375 0.05390625
2 0.8375 0.334375 0.015625 0.0515625
2 0.57734375 0.221875 0.0140625 0.0546875
2 0.521875 0.2234375 0.0125 0.0484375
2 0.52109375 0.265625 0.0125 0.053125
2 0.88671875 0.37734375 0.0125 0.059375
2 0.5515625 0.234375 0.0140625 0.05078125
2 0.72265625 0.31015625 0.0109375 0.0484375
2 0.40546875 0.31171875 0.0109375 0.0625
2 0.3875 0.2296875 0.009375 0.05078125
3 0.4609375 0.27578125 0.021875 0.059375
2 0.5921875 0.3296875 0.0109375 0.0515625
2 0.5453125 0.28203125 0.0125 0.0609375
2 0.84296875 0.38046875 0.015625 0.065625
2 0.703125 0.303125 0.0125 0.0578125
2 0.790625 0.39921875 0.0125 0.0625
2 0.74140625 0.3234375 0.015625 0.0671875
2 0.2046875 0.33984375 0.0125 0.071875
2 0.16796875 0.3546875 0.021875 0.06953125
2 0.4640625 0.4703125 0.0171875 0.0765625
2 0.08515625 0.290625 0.01875 0.0671875