2 0.67109375 0.3578125 0.009375 0.0328125
1 0.090625 0.36953125 0.009375 0.0328125
2 0.56875 0.371875 0.0140625 0.0375
2 0.4578125 0.321875 0.0078125 0.0328125
2 0.36171875 0.39453125 0.0140625 0.0375
2 0.4203125 0.40390625 0.0125 0.0375
2 0.5578125 0.465625 0.009375 0.046875
3 0.52109375 0.4421875 0.0140625 0.0453125
2 0.2765625 0.41015625 0.0078125 0.046875
2 0.29296875 0.5546875 0.015625 0.04921875
2 0.6875 0.415625 0.0078125 0.046875
2 0.4859375 0.5078125 0.009375 0.053125
2 0.72109375 0.4359375 0.0140625 0.0484375
3 0.06171875 0.75546875 0.025 0.078125
2 0.7859375 0.56015625 0.0109375 0.059375
2 0.2265625 0.53359375 0.0140625 0.0578125
2 0.3859375 0.51015625 0.0109375 0.0515625
2 0.3703125 0.47578125 0.0109375 0.046875
2 0.57265625 0.4828125 0.01875 0.046875
2 0.459375 0.49296875 0.0140625 0.0515625
2 0.71484375 0.67265625 0.021875 0.0609375
2 0.62109375 0.590625 0.01875 0.0546875
2 0.79296875 0.66875 0.0234375 0.0671875
0 0.3953125 0.4796875 0.0046875 0.0125
3 0.73125 0.2578125 0.009375 0.03359375