3 0.11171875 0.26953125 0.0078125 0.0328125
1 0.83359375 0.34296875 0.015625 0.0359375
2 0.653125 0.35625 0.0125 0.040625
2 0.35 0.334375 0.009375 0.0421875
3 0.4765625 0.3796875 0.009375 0.046875
2 0.52578125 0.4140625 0.0109375 0.046875
2 0.40703125 0.45703125 0.009375 0.05625
2 0.3984375 0.453125 0.015625 0.0578125
2 0.146875 0.4671875 0.0109375 0.059375
2 0.67734375 0.3625 0.0171875 0.03984375
2 0.20234375 0.74296875 0.015625 0.0765625
2 0.7296875 0.41015625 0.0171875 0.046875
2 0.5640625 0.3890625 0.0140625 0.046875
2 0.5109375 0.365625 0.015625 0.046875
2 0.54453125 0.44296875 0.0109375 0.053125
2 0.1125 0.60234375 0.0171875 0.071875
2 0.1640625 0.4546875 0.0171875 0.053125
2 0.425 0.50703125 0.0125 0.0578125
2 0.73984375 0.51171875 0.0140625 0.053125
2 0.1328125 0.72109375 0.0203125 0.084375
2 0.38515625 0.5953125 0.0234375 0.06015625
2 0.659375 0.35 0.0109375 0.0375
2 0.65 0.3453125 0.015625 0.046875