2 0.578125 0.41875 0.00703125 0.034375
2 0.3578125 0.4421875 0.0109375 0.0375
2 0.3375 0.43984375 0.0125 0.0359375
2 0.61640625 0.421875 0.00625 0.0359375
2 0.65 0.475 0.009375 0.0390625
2 0.528125 0.4671875 0.0109375 0.04375
2 0.85 0.56171875 0.0171875 0.04375
3 0.58046875 0.496875 0.009375 0.04453125
2 0.3640625 0.5515625 0.0125 0.0515625
2 0.15078125 0.55703125 0.0109375 0.05625
2 0.5828125 0.553125 0.0109375 0.05
2 0.37734375 0.5578125 0.015625 0.05
2 0.13671875 0.628125 0.0125 0.06015625
2 0.1484375 0.6171875 0.0140625 0.06484375
3 0.1125 0.815625 0.0140625 0.08515625
2 0.7109375 0.53359375 0.009375 0.0484375
2 0.56015625 0.63046875 0.0140625 0.0625
2 0.603125 0.61640625 0.0171875 0.053125
2 0.78359375 0.60859375 0.0203125 0.0578125
3 0.4828125 0.346875 0.00625 0.0234375
2 0.928125 0.54609375 0.0109375 0.0484375
2 0.93828125 0.553125 0.0140625 0.034375
0 0.946875 0.5703125 0.0046875 0.00703125
1 0.67578125 0.4125 0.0109375 0.040625