2 0.4640625 0.46015625 0.0109375 0.03125
2 0.4328125 0.48828125 0.0109375 0.0390625
2 0.63203125 0.50703125 0.0078125 0.0375
2 0.74375 0.49375 0.009375 0.03984375
1 0.15703125 0.51328125 0.0078125 0.04375
2 0.14296875 0.56875 0.0109375 0.0375
2 0.64453125 0.55625 0.009375 0.04453125
2 0.46484375 0.5234375 0.009375 0.040625
2 0.309375 0.46953125 0.0078125 0.0359375
2 0.76953125 0.57890625 0.0125 0.046875
2 0.384375 0.55703125 0.0125 0.04375
3 0.5171875 0.4953125 0.0078125 0.0375
2 0.6921875 0.54296875 0.00625 0.0421875
2 0.284375 0.69296875 0.009375 0.05625
2 0.32734375 0.6140625 0.0078125 0.05078125
2 0.72734375 0.6625 0.0109375 0.05625
2 0.5875 0.70859375 0.0125 0.059375
2 0.85859375 0.6125 0.0109375 0.05546875
3 0.8625 0.78046875 0.0171875 0.0703125
0 0.15625 0.5890625 0.0078125 0.01328125
3 0.375 0.3921875 0.00703125 0.0234375
2 0.4796875 0.4234375 0.01015625 0.03125
2 0.5328125 0.44453125 0.009375 0.034375
2 0.696875 0.44296875 0.0078125 0.0328125
2 0.69140625 0.44921875 0.0078125 0.03125