2 0.575 0.38359375 0.0125 0.0265625
2 0.71953125 0.46953125 0.009375 0.040625
2 0.79765625 0.48203125 0.009375 0.0421875
2 0.5046875 0.42734375 0.0109375 0.034375
2 0.44296875 0.42265625 0.009375 0.0359375
2 0.92421875 0.5671875 0.0125 0.05078125
2 0.36171875 0.50078125 0.0140625 0.0453125
2 0.115625 0.51875 0.009375 0.04921875
2 0.80625 0.5078125 0.009375 0.0421875
3 0.60078125 0.4796875 0.015625 0.04375
2 0.5578125 0.46875 0.009375 0.03984375
2 0.3328125 0.48828125 0.0109375 0.04375
2 0.16484375 0.58203125 0.0140625 0.0609375
2 0.5703125 0.6140625 0.01875 0.05546875
2 0.73515625 0.553125 0.015625 0.0515625
2 0.140625 0.5828125 0.0140625 0.05625
2 0.4796875 0.6015625 0.0203125 0.0578125
1 0.09453125 0.8328125 0.021875 0.0875
3 0.52578125 0.33828125 0.0078125 0.0265625
2 0.6328125 0.4171875 0.01171875 0.03671875
2 0.6421875 0.4140625 0.0125 0.03203125
2 0.6828125 0.42265625 0.0125 0.0359375
2 0.696875 0.4234375 0.0125 0.03671875
1 0.7234375 0.41171875 0.00859375 0.0390625