2 0.053125 0.64375 0.021875 0.0640625
2 0.775 0.3703125 0.0109375 0.040625
1 0.1546875 0.36015625 0.0125 0.046875
2 0.42265625 0.371875 0.0125 0.03984375
2 0.7265625 0.34921875 0.0125 0.040625
2 0.290625 0.459375 0.0125 0.05625
2 0.40625 0.39296875 0.0140625 0.0453125
3 0.44296875 0.4625 0.0140625 0.059375
2 0.26640625 0.4578125 0.0140625 0.05625
2 0.29140625 0.6078125 0.0140625 0.07578125
2 0.4234375 0.57734375 0.015625 0.078125
2 0.3609375 0.5296875 0.0109375 0.06953125
2 0.23515625 0.5546875 0.01875 0.06953125
2 0.06484375 0.5953125 0.034375 0.0609375
2 0.64140625 0.65703125 0.0203125 0.0875
2 0.65 0.5453125 0.0171875 0.0671875
2 0.91328125 0.6375 0.015625 0.08046875
2 0.5421875 0.65 0.0203125 0.08046875
2 0.528125 0.478125 0.015625 0.0578125
2 0.78828125 0.6484375 0.0234375 0.0859375
2 0.3171875 0.62109375 0.01875 0.0828125
2 0.85859375 0.49140625 0.0171875 0.0640625
3 0.5171875 0.2796875 0.00859375 0.0359375