2 0.72421875 0.2578125 0.009375 0.0453125
2 0.7171875 0.2609375 0.009375 0.04453125
2 0.58671875 0.20546875 0.0109375 0.0328125
2 0.7515625 0.284375 0.009375 0.046875
2 0.6140625 0.21953125 0.0171875 0.0359375
2 0.78203125 0.30078125 0.0078125 0.046875
2 0.66015625 0.2765625 0.009375 0.05078125
3 0.515625 0.2359375 0.0078125 0.0421875
2 0.5765625 0.24140625 0.0109375 0.0421875
2 0.74609375 0.32265625 0.009375 0.053125
2 0.41796875 0.225 0.009375 0.03984375
2 0.76171875 0.325 0.009375 0.05078125
2 0.67421875 0.34765625 0.0171875 0.0546875
2 0.13984375 0.2953125 0.0109375 0.053125
2 0.1640625 0.3671875 0.0171875 0.065625
2 0.4765625 0.3078125 0.0171875 0.04921875
2 0.4015625 0.29921875 0.0140625 0.0515625
2 0.15703125 0.29453125 0.0109375 0.0546875
0 0.6046875 0.23515625 0.00546875 0.0109375
2 0.5765625 0.20625 0.0140625 0.0375
1 0.80859375 0.2859375 0.0140625 0.0421875
2 0.66015625 0.2578125 0.0140625 0.04296875