2 0.38203125 0.2328125 0.0078125 0.0375
2 0.24296875 0.296875 0.0125 0.0515625
2 0.315625 0.265625 0.009375 0.046875
2 0.42578125 0.228125 0.0109375 0.0375
2 0.2921875 0.2765625 0.0125 0.04375
2 0.23046875 0.30703125 0.0109375 0.046875
2 0.45390625 0.26796875 0.009375 0.046875
2 0.30703125 0.2921875 0.009375 0.04921875
3 0.4796875 0.259375 0.009375 0.046875
2 0.35859375 0.2890625 0.009375 0.04921875
2 0.25 0.33046875 0.0125 0.053125
2 0.6453125 0.23984375 0.009375 0.0375
2 0.85625 0.31328125 0.009375 0.053125
2 0.20859375 0.334375 0.0109375 0.05078125
2 0.59453125 0.31796875 0.009375 0.053125
2 0.2890625 0.37734375 0.0125 0.0578125
2 0.82265625 0.3140625 0.0109375 0.05546875
2 0.503125 0.3234375 0.015625 0.053125
2 0.8390625 0.3859375 0.0171875 0.065625
1 0.175 0.29375 0.0125 0.04375
2 0.378125 0.2265625 0.00859375 0.0375
3 0.96953125 0.2453125 0.0125 0.05703125