0 0.35859375 0.3859375 0.00625 0.01015625
2 0.55859375 0.25703125 0.0078125 0.0390625
2 0.61640625 0.23828125 0.0109375 0.0375
2 0.51171875 0.2546875 0.009375 0.0453125
2 0.778125 0.26328125 0.009375 0.04375
2 0.36484375 0.265625 0.009375 0.0421875
2 0.528125 0.2609375 0.009375 0.0421875
3 0.66171875 0.3203125 0.009375 0.04921875
1 0.04921875 0.3203125 0.0140625 0.0515625
2 0.384375 0.26328125 0.015625 0.046875
2 0.3921875 0.346875 0.0109375 0.05078125
2 0.63515625 0.3546875 0.015625 0.0546875
2 0.7109375 0.2828125 0.0125 0.04921875
2 0.846875 0.3265625 0.0109375 0.05546875
2 0.83359375 0.32578125 0.0125 0.053125
2 0.1171875 0.43828125 0.015625 0.071875
2 0.559375 0.415625 0.0109375 0.0578125
2 0.40078125 0.4328125 0.0203125 0.06484375
2 0.34921875 0.359375 0.0109375 0.06015625
2 0.809375 0.49921875 0.015625 0.0765625
2 0.6703125 0.734375 0.0296875 0.103125
2 0.5796875 0.340625 0.0109375 0.05078125
2 0.67578125 0.51328125 0.0203125 0.078125
3 0.84453125 0.24140625 0.0125 0.04375