2 0.38359375 0.1953125 0.0203125 0.059375
3 0.77109375 0.128125 0.0140625 0.06171875
2 0.38984375 0.2109375 0.0265625 0.071875
2 0.4421875 0.1640625 0.0203125 0.05625
2 0.60546875 0.19375 0.01875 0.06953125
2 0.66796875 0.18828125 0.0140625 0.0671875
2 0.5515625 0.190625 0.0125 0.065625
2 0.70859375 0.24140625 0.0140625 0.071875
2 0.48671875 0.1796875 0.0125 0.06015625
2 0.45546875 0.1921875 0.0171875 0.0625
2 0.73125 0.18671875 0.0125 0.071875
2 0.32421875 0.1765625 0.021875 0.06484375
2 0.2171875 0.2046875 0.0140625 0.06953125
2 0.7 0.30234375 0.01875 0.084375
3 0.54296875 0.26484375 0.01875 0.0796875
2 0.51953125 0.22578125 0.0140625 0.0734375
2 0.76328125 0.240625 0.0203125 0.075
2 0.19453125 0.253125 0.021875 0.0765625
2 0.3421875 0.2125 0.0265625 0.0625
2 0.23203125 0.32578125 0.0171875 0.084375
2 0.296875 0.284375 0.0296875 0.078125
2 0.6078125 0.1578125 0.02109375 0.0625
0 0.43359375 0.13828125 0.0046875 0.009375