2 0.20234375 0.60546875 0.0125 0.046875
2 0.31484375 0.4640625 0.0140625 0.0421875
2 0.33671875 0.4125 0.0078125 0.03984375
2 0.290625 0.475 0.009375 0.04453125
2 0.44453125 0.4453125 0.0078125 0.0421875
0 0.41796875 0.67578125 0.00625 0.0125
2 0.77578125 0.45546875 0.0125 0.0578125
2 0.48828125 0.4171875 0.0109375 0.04453125
2 0.19765625 0.64375 0.0171875 0.0578125
2 0.2125 0.50546875 0.0140625 0.046875
2 0.68984375 0.5875 0.009375 0.0578125
2 0.57109375 0.496875 0.0140625 0.053125
3 0.79765625 0.92265625 0.028125 0.0765625
3 0.41640625 0.4953125 0.0109375 0.04921875
2 0.2203125 0.653125 0.0171875 0.06015625
2 0.7796875 0.71796875 0.01875 0.065625
2 0.3734375 0.62265625 0.0171875 0.053125
2 0.60390625 0.33984375 0.009375 0.0375
2 0.39296875 0.64765625 0.025 0.0609375
2 0.18984375 0.596875 0.0140625 0.046875
1 0.25078125 0.3484375 0.0125 0.03671875
2 0.44765625 0.3453125 0.009375 0.0359375
2 0.33984375 0.4015625 0.0109375 0.0359375
3 0.490625 0.24765625 0.00859375 0.025