0 0.2015625 0.5109375 0.0046875 0.0109375
2 0.44453125 0.384375 0.009375 0.0421875
2 0.4859375 0.2828125 0.00625 0.028125
2 0.28203125 0.32109375 0.0078125 0.0328125
2 0.53984375 0.30625 0.0109375 0.0328125
2 0.58671875 0.37734375 0.0078125 0.0421875
1 0.775 0.36875 0.0078125 0.0421875
2 0.6046875 0.390625 0.009375 0.040625
2 0.17421875 0.4234375 0.0109375 0.0390625
2 0.6140625 0.44296875 0.0109375 0.0484375
2 0.65625 0.47578125 0.0109375 0.053125
2 0.64453125 0.4296875 0.00625 0.04375
2 0.4515625 0.4046875 0.009375 0.0421875
2 0.56484375 0.46328125 0.0078125 0.04375
2 0.8109375 0.74765625 0.0140625 0.0625
2 0.3078125 0.47578125 0.0109375 0.04375
2 0.68359375 0.5515625 0.0140625 0.0578125
2 0.40546875 0.678125 0.015625 0.071875
3 0.60625 0.5171875 0.0125 0.05546875
2 0.60625 0.6390625 0.0140625 0.0625
2 0.48359375 0.50859375 0.0109375 0.0578125
2 0.265625 0.6140625 0.0140625 0.06015625
2 0.109375 0.97421875 0.021875 0.05
2 0.6890625 0.621875 0.0171875 0.06484375
3 0.49140625 0.25078125 0.009375 0.0359375