2 0.32734375 0.2875 0.0078125 0.03125
2 0.63828125 0.36328125 0.009375 0.0453125
2 0.421875 0.278125 0.0109375 0.03046875
2 0.384375 0.28984375 0.00625 0.03125
3 0.1078125 0.31640625 0.009375 0.0328125
2 0.546875 0.2765625 0.009375 0.028125
2 0.50859375 0.275 0.009375 0.03125
2 0.55625 0.321875 0.009375 0.03515625
2 0.6390625 0.3890625 0.009375 0.0484375
2 0.5921875 0.3203125 0.0078125 0.03984375
1 0.8265625 0.3515625 0.009375 0.04453125
2 0.0875 0.459375 0.0078125 0.053125
2 0.12890625 0.378125 0.0109375 0.03984375
2 0.303125 0.3625 0.0125 0.0421875
2 0.54609375 0.371875 0.009375 0.0453125
3 0.48671875 0.31953125 0.009375 0.0375
2 0.68203125 0.425 0.0109375 0.05078125
2 0.0875 0.53125 0.0171875 0.053125
2 0.46328125 0.40859375 0.0109375 0.0484375
2 0.6171875 0.45859375 0.0109375 0.05
2 0.70078125 0.4203125 0.0125 0.04921875
2 0.2234375 0.4359375 0.0109375 0.04921875
2 0.628125 0.621875 0.0140625 0.06484375
0 0.5046875 0.28046875 0.003125 0.00625