2 0.64375 0.240625 0.0109375 0.0390625
2 0.80078125 0.28671875 0.0109375 0.04375
2 0.8171875 0.33046875 0.009375 0.0546875
2 0.75546875 0.36171875 0.0109375 0.053125
2 0.8890625 0.34453125 0.0109375 0.0578125
2 0.76875 0.3703125 0.0125 0.0578125
2 0.3 0.28203125 0.0109375 0.05
2 0.9 0.43828125 0.015625 0.065625
2 0.54765625 0.3171875 0.0125 0.05078125
1 0.14453125 0.34609375 0.0140625 0.053125
2 0.57265625 0.40234375 0.0171875 0.0625
2 0.51796875 0.39921875 0.015625 0.0625
2 0.7765625 0.46328125 0.0140625 0.0671875
2 0.43671875 0.70234375 0.01875 0.0921875
2 0.1203125 0.446875 0.0140625 0.065625
3 0.6984375 0.41796875 0.015625 0.0671875
2 0.5953125 0.50546875 0.015625 0.0734375
2 0.84921875 0.52421875 0.015625 0.078125
2 0.91015625 0.52421875 0.01875 0.0796875
2 0.94296875 0.47109375 0.015625 0.075
2 0.75234375 0.47890625 0.0203125 0.06875
2 0.79140625 0.6609375 0.0265625 0.09453125
0 0.2609375 0.35078125 0.00546875 0.0125
3 0.8796875 0.24453125 0.009375 0.04375