3 0.2046875 0.203125 0.0109375 0.0390625
2 0.35703125 0.22421875 0.009375 0.0421875
2 0.4296875 0.2796875 0.0109375 0.05
2 0.209375 0.2953125 0.0125 0.0578125
2 0.16640625 0.34375 0.015625 0.06015625
2 0.5234375 0.26484375 0.0109375 0.05
2 0.43359375 0.32890625 0.0140625 0.0578125
2 0.46953125 0.32890625 0.0109375 0.059375
2 0.2765625 0.36640625 0.0125 0.0625
2 0.26796875 0.3140625 0.0125 0.0515625
2 0.1734375 0.37890625 0.0140625 0.0671875
2 0.1234375 0.434375 0.0140625 0.07421875
2 0.47265625 0.384375 0.0203125 0.0625
1 0.884375 0.31484375 0.0140625 0.0578125
2 0.65390625 0.26171875 0.0109375 0.053125
3 0.31875 0.34765625 0.0125 0.0625
2 0.45625 0.44140625 0.015625 0.071875
2 0.1796875 0.46484375 0.0203125 0.071875
2 0.1296875 0.553125 0.015625 0.08046875
2 0.86640625 0.459375 0.0171875 0.078125
2 0.48203125 0.734375 0.021875 0.1078125
2 0.375 0.29296875 0.0125 0.0546875
2 0.465625 0.2046875 0.01328125 0.04296875
0 0.86875 0.334375 0.00703125 0.0125