2 0.73359375 0.234375 0.009375 0.04921875
2 0.64375 0.20859375 0.0125 0.046875
2 0.73125 0.3328125 0.0140625 0.0546875
2 0.8765625 0.371875 0.0140625 0.0546875
2 0.65703125 0.31015625 0.0109375 0.0578125
2 0.87421875 0.42109375 0.015625 0.0734375
2 0.3625 0.25 0.009375 0.0515625
2 0.59609375 0.2875 0.009375 0.053125
1 0.12734375 0.321875 0.0125 0.0578125
2 0.51875 0.35 0.0125 0.06484375
2 0.48984375 0.27734375 0.0109375 0.053125
2 0.5515625 0.35859375 0.0125 0.059375
2 0.33515625 0.35625 0.01875 0.06015625
2 0.83203125 0.3171875 0.0171875 0.05625
3 0.72421875 0.3796875 0.0140625 0.071875
2 0.86171875 0.4625 0.015625 0.078125
2 0.5359375 0.4609375 0.0203125 0.07421875
2 0.68515625 0.38984375 0.01875 0.065625
2 0.1734375 0.46796875 0.0171875 0.075
2 0.82109375 0.490625 0.01875 0.071875
2 0.84140625 0.59765625 0.0296875 0.0921875
2 0.5109375 0.7515625 0.0265625 0.103125
3 0.8046875 0.20390625 0.0125 0.05
0 0.33828125 0.36796875 0.00625 0.0109375