2 0.628125 0.39765625 0.00625 0.0328125
2 0.4234375 0.40546875 0.0125 0.034375
2 0.72578125 0.446875 0.0078125 0.0453125
3 0.59296875 0.45 0.0125 0.0421875
2 0.5765625 0.4 0.009375 0.03125
1 0.25234375 0.3890625 0.0078125 0.03046875
2 0.3984375 0.453125 0.0140625 0.040625
2 0.340625 0.5203125 0.01953125 0.05
2 0.77890625 0.453125 0.0078125 0.046875
3 0.203125 0.59921875 0.0234375 0.0625
2 0.4546875 0.4546875 0.0125 0.0421875
2 0.51953125 0.51484375 0.009375 0.0515625
2 0.353125 0.4890625 0.0140625 0.05078125
2 0.665625 0.50078125 0.0140625 0.053125
2 0.49609375 0.51796875 0.009375 0.046875
2 0.3984375 0.559375 0.0125 0.05546875
2 0.6453125 0.5125 0.0140625 0.05078125
2 0.48203125 0.49609375 0.0109375 0.0515625
2 0.6984375 0.63203125 0.0140625 0.06875
2 0.8484375 0.58828125 0.0109375 0.0609375
2 0.63359375 0.6328125 0.015625 0.06953125
2 0.41796875 0.44140625 0.0125 0.0375
2 0.4046875 0.41171875 0.01171875 0.0359375
3 0.7796875 0.3375 0.0078125 0.0296875