3 0.7109375 0.2828125 0.00625 0.0359375
2 0.41640625 0.2875 0.0078125 0.0328125
2 0.4578125 0.3265625 0.009375 0.04453125
2 0.5984375 0.34453125 0.0078125 0.0375
2 0.640625 0.30625 0.0078125 0.03515625
2 0.59375 0.384375 0.009375 0.05
2 0.5046875 0.3125 0.009375 0.03515625
2 0.3609375 0.31484375 0.0109375 0.0375
2 0.453125 0.3453125 0.0125 0.0421875
2 0.72421875 0.35703125 0.009375 0.046875
3 0.484375 0.36171875 0.009375 0.0421875
2 0.35390625 0.3828125 0.009375 0.0484375
2 0.4546875 0.43046875 0.0109375 0.053125
2 0.3234375 0.375 0.0109375 0.05
2 0.29375 0.49765625 0.0109375 0.06875
2 0.6109375 0.45859375 0.0125 0.0609375
2 0.64140625 0.41796875 0.015625 0.0546875
3 0.0703125 0.759375 0.0390625 0.11015625
2 0.16640625 0.71328125 0.0203125 0.0984375
2 0.24609375 0.55546875 0.0125 0.071875
2 0.27109375 0.4375 0.015625 0.0640625
2 0.81015625 0.415625 0.0109375 0.05546875
2 0.7734375 0.59453125 0.0203125 0.0828125
0 0.715625 0.378125 0.0046875 0.0109375