2 0.3484375 0.29765625 0.00625 0.0265625
2 0.50234375 0.2953125 0.009375 0.0375
2 0.56796875 0.3875 0.009375 0.04921875
2 0.62265625 0.29765625 0.0078125 0.0328125
3 0.4484375 0.35703125 0.00625 0.04375
2 0.54296875 0.359375 0.0078125 0.0453125
2 0.38984375 0.321875 0.009375 0.04375
2 0.709375 0.3328125 0.009375 0.0453125
2 0.5578125 0.3296875 0.00625 0.04375
2 0.421875 0.38671875 0.009375 0.0453125
2 0.31171875 0.3703125 0.0078125 0.0484375
2 0.27421875 0.36015625 0.0078125 0.05
2 0.25078125 0.40859375 0.0109375 0.05625
2 0.575 0.4015625 0.0140625 0.05078125
2 0.77578125 0.39140625 0.009375 0.053125
2 0.2671875 0.50390625 0.0140625 0.0703125
2 0.7765625 0.50546875 0.0125 0.0625
2 0.29609375 0.68515625 0.0296875 0.0921875
3 0.6828125 0.2796875 0.009375 0.03359375
0 0.67109375 0.33671875 0.0046875 0.0109375
2 0.42109375 0.28125 0.009375 0.03984375