1 0.304948 0.338889 0.021354 0.075926
1 0.550781 0.332407 0.015104 0.072222
1 0.818229 0.389815 0.020833 0.077778
1 0.416927 0.365741 0.018229 0.072222
1 0.760417 0.794907 0.027083 0.102778
1 0.536979 0.594907 0.012500 0.093519
1 0.372135 0.641667 0.023438 0.090741
1 0.244010 0.709722 0.022396 0.102778
1 0.175000 0.613426 0.017708 0.091667
1 0.452604 0.050926 0.012500 0.044444
1 0.515885 0.307870 0.017188 0.065741
1 0.389583 0.480093 0.031250 0.075000
1 0.420833 0.450463 0.026042 0.065741
1 0.600521 0.396296 0.013542 0.077778
1 0.509896 0.463426 0.028125 0.073148
1 0.246354 0.437500 0.011458 0.078704
1 0.346094 0.257407 0.019271 0.064815
1 0.392708 0.208333 0.012500 0.057407
1 0.799219 0.476852 0.016146 0.087037
1 0.849219 0.555556 0.028646 0.087037
1 0.789323 0.257870 0.014063 0.063889
1 0.583594 0.395833 0.016146 0.075000
0 0.894844 0.026051 0.008531 0.012769
