1 0.233073 0.368056 0.016146 0.075000
1 0.540104 0.376852 0.014583 0.070370
1 0.717708 0.331481 0.013542 0.066667
1 0.392708 0.434722 0.019792 0.078704
1 0.804427 0.804630 0.022396 0.100000
1 0.434115 0.554630 0.020313 0.087037
1 0.486979 0.735648 0.025000 0.095370
1 0.228906 0.808796 0.019271 0.104630
1 0.201302 0.671296 0.024479 0.090741
1 0.331510 0.109259 0.013021 0.044444
1 0.500000 0.299537 0.010417 0.058333
1 0.194271 0.469444 0.016667 0.081481
1 0.401302 0.500000 0.022396 0.079630
1 0.553125 0.380556 0.012500 0.064815
1 0.484896 0.462963 0.019792 0.075926
1 0.203125 0.500926 0.018750 0.081481
1 0.290365 0.335648 0.019271 0.067593
1 0.340625 0.211574 0.010417 0.050926
1 0.740104 0.471759 0.021875 0.080556
1 0.798958 0.517130 0.023958 0.082407
1 0.712500 0.222222 0.012500 0.053704
1 0.546094 0.335648 0.014063 0.049074
