1 0.203906 0.356019 0.013021 0.069444
1 0.512240 0.378241 0.014063 0.069444
1 0.689583 0.317593 0.013542 0.066667
1 0.401302 0.420833 0.019271 0.073148
1 0.798177 0.766667 0.023438 0.096296
1 0.419792 0.558333 0.013542 0.081481
1 0.550000 0.722685 0.017708 0.091667
1 0.270052 0.810185 0.021354 0.105556
1 0.221875 0.683796 0.020833 0.089815
1 0.272135 0.133333 0.010937 0.042593
1 0.500781 0.298148 0.010937 0.055556
1 0.174740 0.451389 0.015104 0.073148
1 0.402865 0.508796 0.017188 0.076852
1 0.538281 0.372685 0.017188 0.067593
1 0.487760 0.454167 0.014063 0.069444
1 0.170833 0.513426 0.017708 0.078704
1 0.295833 0.340741 0.021875 0.066667
1 0.311458 0.220370 0.013542 0.050000
1 0.767708 0.465278 0.014583 0.080556
1 0.814583 0.511574 0.019792 0.080556
1 0.689583 0.220370 0.011458 0.053704
1 0.571354 0.324074 0.015625 0.062963
