1 0.191667 0.217593 0.014583 0.066667
1 0.376042 0.417130 0.013542 0.084259
1 0.875521 0.178704 0.015625 0.061111
1 0.358073 0.228241 0.011979 0.065741
1 0.920052 0.546759 0.029687 0.082407
1 0.493490 0.388889 0.016146 0.075926
1 0.534635 0.538426 0.026562 0.078704
1 0.460938 0.944907 0.021875 0.110185
1 0.077083 0.481944 0.020833 0.078704
1 0.266406 0.032870 0.011979 0.045370
1 0.458854 0.163426 0.018750 0.049074
1 0.428385 0.258333 0.015104 0.059259
1 0.393750 0.313426 0.015625 0.063889
1 0.575781 0.193056 0.016146 0.056481
1 0.763021 0.287963 0.014583 0.066667
1 0.137500 0.304167 0.014583 0.069444
1 0.245312 0.156019 0.008333 0.058333
1 0.472917 0.110648 0.010417 0.052778
1 0.588021 0.327315 0.026042 0.071296
1 0.943750 0.339815 0.020833 0.074074
1 0.753906 0.086574 0.010937 0.050926
1 0.590625 0.202315 0.015625 0.058333
0 0.752865 0.306481 0.004687 0.009259
