1 0.237240 0.293519 0.013021 0.064815
1 0.480208 0.346296 0.017708 0.064815
1 0.801042 0.335648 0.011458 0.065741
1 0.449740 0.304167 0.013021 0.062037
1 0.765365 0.616204 0.016146 0.084259
1 0.553646 0.494907 0.017708 0.073148
1 0.651042 0.780093 0.019792 0.100926
1 0.335417 0.596296 0.019792 0.090741
1 0.232031 0.565741 0.021354 0.081481
1 0.363021 0.115741 0.012500 0.044444
1 0.653646 0.279630 0.011458 0.057407
1 0.292448 0.381481 0.021354 0.062963
1 0.395052 0.424074 0.016146 0.074074
1 0.565104 0.319444 0.015625 0.061111
1 0.598958 0.410185 0.015625 0.068519
1 0.167187 0.399537 0.015625 0.073148
1 0.327344 0.256944 0.021354 0.056481
1 0.353385 0.241204 0.013021 0.052778
1 0.735938 0.451389 0.014583 0.080556
1 0.795312 0.456019 0.015625 0.080556
1 0.747656 0.293981 0.010937 0.056481
1 0.759375 0.305093 0.013542 0.058333
0 0.260156 0.163889 0.005729 0.009259
