1 0.334896 0.344444 0.016667 0.053704
1 0.516146 0.437500 0.010417 0.062037
1 0.857031 0.387963 0.017188 0.055556
1 0.543229 0.331481 0.010417 0.051852
1 0.690885 0.717593 0.026562 0.075926
1 0.297135 0.450463 0.019271 0.054630
1 0.610677 0.720833 0.019271 0.076852
1 0.354948 0.600463 0.022396 0.075000
1 0.308594 0.567593 0.020313 0.068519
1 0.316667 0.260648 0.011458 0.039815
1 0.770052 0.290741 0.013021 0.040741
1 0.435937 0.353704 0.009375 0.050000
1 0.466406 0.430556 0.014063 0.057407
1 0.560677 0.378704 0.011979 0.057407
1 0.626563 0.440741 0.017708 0.051852
1 0.182552 0.425463 0.018229 0.052778
1 0.347135 0.326852 0.014063 0.051852
1 0.388802 0.317593 0.010937 0.046296
1 0.754167 0.433333 0.015625 0.062963
1 0.871875 0.517593 0.016667 0.072222
1 0.792708 0.331481 0.012500 0.044444
1 0.794792 0.344907 0.016667 0.047222
0 0.201823 0.450926 0.005729 0.009259
