1 0.150521 0.394907 0.008333 0.047222
1 0.442188 0.418981 0.011458 0.047222
1 0.570573 0.344444 0.008854 0.040741
1 0.468229 0.366204 0.010417 0.037963
1 0.878385 0.690741 0.014063 0.072222
1 0.209896 0.486111 0.012500 0.051852
1 0.606771 0.625463 0.020833 0.062037
1 0.191667 0.660185 0.013542 0.072222
1 0.186979 0.574074 0.012500 0.059259
1 0.154688 0.317130 0.008333 0.030556
1 0.560417 0.314352 0.007292 0.034259
1 0.156510 0.437963 0.009896 0.048148
1 0.880729 0.359722 0.008333 0.039815
1 0.419531 0.431944 0.007812 0.045370
1 0.450781 0.375463 0.009896 0.041667
1 0.523177 0.380093 0.011979 0.039815
1 0.008594 0.504167 0.015104 0.054630
1 0.251823 0.379167 0.008854 0.045370
1 0.172656 0.338426 0.006771 0.036111
1 0.685937 0.419907 0.010417 0.047222
1 0.720313 0.438426 0.010417 0.050926
1 0.555469 0.291204 0.006771 0.032407
1 0.545573 0.351389 0.009896 0.039815
