1 0.136979 0.214352 0.013542 0.063889
1 0.334375 0.300463 0.012500 0.067593
1 0.723698 0.149537 0.015104 0.049074
1 0.406771 0.179630 0.010417 0.055556
1 0.909896 0.564352 0.016667 0.084259
1 0.534375 0.364815 0.015625 0.072222
1 0.603385 0.476852 0.014063 0.079630
1 0.306510 0.896759 0.023438 0.117593
1 0.063542 0.498148 0.019792 0.085185
1 0.199740 0.052315 0.011979 0.039815
1 0.555208 0.120833 0.012500 0.045370
1 0.150781 0.264815 0.014063 0.064815
1 0.427865 0.299074 0.013021 0.066667
1 0.491146 0.183796 0.010417 0.052778
1 0.613802 0.219907 0.011979 0.056481
1 0.127083 0.287037 0.017708 0.064815
1 0.249219 0.119907 0.009896 0.049074
1 0.282292 0.103704 0.013542 0.044444
1 0.647396 0.237037 0.011458 0.066667
1 0.925000 0.333333 0.018750 0.072222
1 0.680729 0.075000 0.013542 0.044444
1 0.671615 0.156481 0.011979 0.051852
0 0.713542 0.144907 0.004167 0.008333
