1 0.168750 0.210185 0.014583 0.064815
1 0.352083 0.318519 0.012500 0.070370
1 0.777083 0.149074 0.008333 0.057407
1 0.389323 0.184259 0.017188 0.059259
1 0.923177 0.557407 0.027604 0.085185
1 0.527344 0.366204 0.015104 0.071296
1 0.614062 0.480093 0.019792 0.082407
1 0.349219 0.911111 0.024479 0.116667
1 0.062500 0.498611 0.021875 0.082407
1 0.217969 0.037500 0.011979 0.041667
1 0.538802 0.124537 0.016146 0.049074
1 0.213802 0.250463 0.013021 0.065741
1 0.426302 0.300463 0.017188 0.067593
1 0.511979 0.184722 0.011458 0.056481
1 0.649740 0.237037 0.013021 0.062963
1 0.137760 0.292130 0.016146 0.067593
1 0.268490 0.120833 0.014063 0.054630
1 0.324740 0.098148 0.008854 0.048148
1 0.666406 0.251852 0.017188 0.068519
1 0.937760 0.331019 0.027604 0.071296
1 0.696615 0.067593 0.009896 0.044444
1 0.666146 0.167593 0.014583 0.053704
0 0.768490 0.168519 0.004687 0.009259
