1 0.231250 0.265278 0.023958 0.058333
1 0.463281 0.318519 0.023438 0.062963
1 0.823698 0.312963 0.020313 0.062963
1 0.445312 0.267593 0.016667 0.055556
1 0.773177 0.621759 0.020313 0.076852
1 0.538281 0.443056 0.021354 0.071296
1 0.694792 0.792130 0.014583 0.102778
1 0.338802 0.539815 0.023438 0.077778
1 0.229948 0.528241 0.032813 0.071296
1 0.375781 0.094444 0.013021 0.042593
1 0.662500 0.248611 0.015625 0.054630
1 0.235677 0.332407 0.029687 0.053704
1 0.415365 0.389352 0.015104 0.065741
1 0.553125 0.282870 0.021875 0.054630
1 0.626302 0.376389 0.015104 0.067593
1 0.164062 0.350000 0.027083 0.055556
1 0.362240 0.231481 0.017188 0.053704
1 0.398177 0.210648 0.013021 0.050926
1 0.779167 0.420833 0.014583 0.078704
1 0.821875 0.423611 0.016667 0.069444
1 0.748437 0.255093 0.010417 0.047222
1 0.751823 0.279630 0.020313 0.057407
0 0.162760 0.154630 0.005729 0.009259
