1 0.218490 0.370833 0.013021 0.054630
1 0.595573 0.388426 0.014063 0.056481
1 0.890625 0.348148 0.018750 0.051852
1 0.508854 0.303704 0.016667 0.046296
1 0.854427 0.655556 0.020313 0.072222
1 0.213281 0.423611 0.021354 0.052778
1 0.651823 0.719444 0.018229 0.079630
1 0.290885 0.590278 0.018229 0.073148
1 0.360677 0.557407 0.019271 0.068519
1 0.245052 0.261574 0.014063 0.041667
1 0.836979 0.265741 0.014583 0.033333
1 0.298177 0.383796 0.011979 0.054630
1 0.398698 0.436574 0.010937 0.060185
1 0.560417 0.345833 0.012500 0.047222
1 0.672135 0.398611 0.017188 0.054630
1 0.052604 0.440741 0.017708 0.061111
1 0.276823 0.321759 0.014063 0.049074
1 0.330990 0.305093 0.011979 0.045370
1 0.791146 0.413889 0.015625 0.059259
1 0.909375 0.445370 0.022917 0.061111
1 0.858073 0.291204 0.017188 0.039815
1 0.747656 0.320370 0.013021 0.048148
0 0.926042 0.285185 0.004167 0.007407
