1 0.200521 0.316667 0.012500 0.059259
1 0.474740 0.379167 0.013021 0.065741
1 0.648438 0.294444 0.012500 0.057407
1 0.430729 0.382870 0.013542 0.065741
1 0.826823 0.724074 0.023438 0.085185
1 0.410938 0.514352 0.014583 0.075000
1 0.640885 0.682870 0.025521 0.086111
1 0.333333 0.800463 0.018750 0.100926
1 0.256771 0.677778 0.015625 0.087037
1 0.227083 0.162963 0.010417 0.044444
1 0.550260 0.266667 0.014063 0.050000
1 0.166146 0.424074 0.014583 0.070370
1 0.438802 0.467593 0.014063 0.070370
1 0.526563 0.345833 0.011458 0.058333
1 0.513281 0.407870 0.013021 0.065741
1 0.144271 0.507870 0.016667 0.075000
1 0.321615 0.332407 0.018229 0.061111
1 0.273958 0.228241 0.014583 0.047222
1 0.756510 0.422685 0.017188 0.071296
1 0.809375 0.467593 0.016667 0.074074
1 0.655208 0.215278 0.011458 0.047222
1 0.590365 0.293056 0.014063 0.054630
