1 0.390885 0.331481 0.011979 0.051852
1 0.465625 0.423611 0.013542 0.058333
1 0.824479 0.373148 0.012500 0.055556
1 0.526302 0.340278 0.009896 0.050926
1 0.742448 0.717593 0.017188 0.077778
1 0.438281 0.462500 0.020313 0.058333
1 0.651302 0.691667 0.016146 0.081481
1 0.322135 0.630093 0.015104 0.078704
1 0.196875 0.534722 0.023958 0.054630
1 0.298177 0.257870 0.007812 0.043519
1 0.736458 0.295370 0.009375 0.042593
1 0.469010 0.328241 0.009896 0.045370
1 0.436719 0.414815 0.011979 0.057407
1 0.546094 0.361111 0.010937 0.051852
1 0.674740 0.416204 0.011979 0.054630
1 0.174219 0.399074 0.019271 0.055556
1 0.329948 0.318519 0.010937 0.051852
1 0.352865 0.307407 0.009896 0.042593
1 0.743229 0.415278 0.012500 0.060185
1 0.843229 0.499537 0.015625 0.069444
1 0.743490 0.317130 0.014063 0.045370
1 0.778906 0.349537 0.014063 0.049074
0 0.187760 0.426389 0.004687 0.008333
