1 0.282552 0.364815 0.014063 0.077778
1 0.540365 0.380093 0.011979 0.073148
1 0.772396 0.374074 0.017708 0.075926
1 0.399479 0.387500 0.017708 0.076852
1 0.795833 0.818981 0.025000 0.100926
1 0.473177 0.571759 0.018229 0.087963
1 0.431771 0.717130 0.014583 0.095370
1 0.197917 0.786574 0.022917 0.102778
1 0.210938 0.650000 0.020833 0.088889
1 0.403906 0.077778 0.010937 0.040741
1 0.515625 0.308333 0.012500 0.064815
1 0.220833 0.492130 0.017708 0.082407
1 0.391146 0.484259 0.012500 0.081481
1 0.551042 0.410648 0.015625 0.073148
1 0.496875 0.457870 0.011458 0.075000
1 0.242708 0.469444 0.016667 0.081481
1 0.317708 0.300000 0.010417 0.066667
1 0.365625 0.213426 0.012500 0.054630
1 0.737240 0.476389 0.022396 0.082407
1 0.822917 0.555556 0.022917 0.092593
1 0.750260 0.240741 0.013021 0.059259
1 0.527083 0.379630 0.019792 0.074074
