1 0.173437 0.239352 0.012500 0.067593
1 0.373958 0.480093 0.016667 0.086111
1 0.860938 0.207407 0.010417 0.061111
1 0.316146 0.259722 0.009375 0.065741
1 0.871875 0.554167 0.018750 0.084259
1 0.539062 0.406481 0.017708 0.077778
1 0.452083 0.556481 0.015625 0.085185
1 0.497917 0.909259 0.020833 0.116667
1 0.072135 0.493981 0.018229 0.080556
1 0.266667 0.055556 0.012500 0.048148
1 0.426823 0.194907 0.011979 0.058333
1 0.486198 0.275000 0.010937 0.066667
1 0.335156 0.336574 0.011979 0.069444
1 0.597656 0.207407 0.011979 0.059259
1 0.729427 0.304630 0.011979 0.066667
1 0.115104 0.322222 0.015625 0.072222
1 0.200781 0.207407 0.011979 0.062963
1 0.498698 0.137037 0.009896 0.050000
1 0.490365 0.394444 0.018229 0.083333
1 0.929167 0.351852 0.019792 0.074074
1 0.723698 0.100463 0.011979 0.049074
1 0.493229 0.207407 0.010417 0.061111
0 0.499219 0.304167 0.006771 0.012037
