1 0.282552 0.344444 0.017188 0.077778
1 0.515885 0.337500 0.014063 0.069444
1 0.774740 0.380556 0.018229 0.079630
1 0.395573 0.360648 0.020313 0.075000
1 0.752083 0.813426 0.023958 0.102778
1 0.481250 0.593981 0.020833 0.095370
1 0.355990 0.662500 0.038021 0.087963
1 0.197656 0.749537 0.019271 0.110185
1 0.181250 0.625000 0.016667 0.090741
1 0.418750 0.050926 0.011458 0.044444
1 0.492708 0.303704 0.017708 0.064815
1 0.268490 0.515741 0.021354 0.085185
1 0.364323 0.459722 0.013021 0.076852
1 0.552604 0.403241 0.012500 0.078704
1 0.480469 0.444907 0.017188 0.075000
1 0.220312 0.447685 0.022917 0.076852
1 0.319531 0.261111 0.014063 0.066667
1 0.360156 0.204167 0.013021 0.056481
1 0.731250 0.464352 0.019792 0.084259
1 0.827344 0.547222 0.025521 0.092593
1 0.750000 0.240278 0.013542 0.062037
1 0.529687 0.396296 0.017708 0.075926
