1 0.396615 0.327778 0.011979 0.050000
1 0.453646 0.415278 0.010417 0.050926
1 0.814844 0.367593 0.013021 0.055556
1 0.518229 0.337963 0.010417 0.051852
1 0.750260 0.710648 0.017188 0.075000
1 0.456510 0.452778 0.018229 0.055556
1 0.659115 0.685185 0.016146 0.079630
1 0.313281 0.643056 0.015104 0.076852
1 0.183333 0.522685 0.018750 0.058333
1 0.291146 0.258796 0.009375 0.045370
1 0.719271 0.294444 0.008333 0.042593
1 0.469271 0.322685 0.008333 0.041667
1 0.432292 0.411111 0.012500 0.055556
1 0.536719 0.355093 0.009896 0.049074
1 0.676562 0.409259 0.010417 0.053704
1 0.174479 0.390741 0.011458 0.055556
1 0.323698 0.316667 0.010937 0.050000
1 0.339844 0.304167 0.009896 0.043519
1 0.735677 0.409259 0.013021 0.059259
1 0.839583 0.492130 0.015625 0.063889
1 0.727344 0.312963 0.010937 0.042593
1 0.777604 0.346759 0.010417 0.052778
0 0.202083 0.416204 0.005208 0.010185
