1 0.145052 0.375000 0.008854 0.044444
1 0.409896 0.436574 0.010417 0.050926
1 0.519792 0.350926 0.008333 0.040741
1 0.416146 0.377778 0.011458 0.042593
1 0.788802 0.676852 0.017188 0.064815
1 0.229427 0.508333 0.010937 0.053704
1 0.644010 0.641667 0.008854 0.064815
1 0.223698 0.706019 0.015104 0.073148
1 0.183333 0.611574 0.013542 0.062037
1 0.137760 0.304167 0.010937 0.039815
1 0.513281 0.320370 0.009896 0.033333
1 0.111979 0.455556 0.011458 0.050000
1 0.874219 0.357407 0.009896 0.040741
1 0.426823 0.433333 0.009896 0.048148
1 0.435677 0.388426 0.010937 0.041667
1 0.468490 0.392130 0.009896 0.041667
1 0.048698 0.521759 0.016146 0.058333
1 0.280469 0.392593 0.009896 0.046296
1 0.160677 0.335185 0.008854 0.037037
1 0.630729 0.433333 0.010417 0.051852
1 0.668229 0.452315 0.010417 0.050926
1 0.510417 0.293981 0.008333 0.032407
1 0.489323 0.356019 0.009896 0.039815
0 0.874867 0.352287 0.003661 0.006870
