1 0.183594 0.315278 0.010937 0.049074
1 0.448437 0.397222 0.013542 0.055556
1 0.576562 0.303704 0.010417 0.046296
1 0.448698 0.343056 0.009896 0.047222
1 0.837240 0.665278 0.016146 0.071296
1 0.302604 0.477778 0.013542 0.061111
1 0.690625 0.627315 0.011458 0.069444
1 0.285677 0.730093 0.018229 0.086111
1 0.228646 0.606481 0.015625 0.074074
1 0.175000 0.231944 0.010417 0.039815
1 0.553646 0.268056 0.010417 0.039815
1 0.138021 0.412500 0.011458 0.056481
1 0.476823 0.404167 0.013021 0.052778
1 0.487760 0.347222 0.010937 0.048148
1 0.507812 0.362500 0.009375 0.047222
1 0.108594 0.485648 0.015104 0.065741
1 0.322135 0.346296 0.014063 0.051852
1 0.209896 0.271296 0.008333 0.038889
1 0.698698 0.405093 0.010937 0.060185
1 0.736979 0.430556 0.013542 0.059259
1 0.575781 0.241667 0.008854 0.038889
1 0.537760 0.307870 0.010937 0.045370
