1 0.262240 0.374537 0.016146 0.075000
1 0.538021 0.367593 0.012500 0.070370
1 0.792969 0.477778 0.027604 0.070370
1 0.466406 0.462500 0.019271 0.080556
1 0.808073 0.733796 0.029687 0.095370
1 0.581510 0.591667 0.015104 0.083333
1 0.386458 0.684259 0.029167 0.075926
1 0.337500 0.609259 0.029167 0.081481
1 0.220312 0.596296 0.015625 0.083333
1 0.417448 0.097685 0.008854 0.045370
1 0.578385 0.364815 0.011979 0.066667
1 0.436458 0.497222 0.011458 0.079630
1 0.470313 0.509259 0.012500 0.077778
1 0.571875 0.503704 0.018750 0.070370
1 0.574219 0.523611 0.017188 0.075000
1 0.225781 0.498148 0.013021 0.083333
1 0.328385 0.285648 0.008854 0.063889
1 0.399479 0.250463 0.015625 0.054630
1 0.715000 0.502546 0.019479 0.066204
1 0.726042 0.509722 0.018750 0.080556
1 0.776823 0.346296 0.021354 0.062963
1 0.658073 0.492130 0.016146 0.080556
0 0.728906 0.447685 0.005729 0.010185
