1 0.242969 0.364815 0.017188 0.077778
1 0.542969 0.370833 0.015104 0.073148
1 0.726823 0.329630 0.016146 0.068519
1 0.384896 0.416667 0.018750 0.075926
1 0.802604 0.806944 0.021875 0.100926
1 0.454688 0.540741 0.025000 0.092593
1 0.470573 0.730093 0.019271 0.097222
1 0.218229 0.800926 0.021875 0.107407
1 0.200260 0.656481 0.017188 0.088889
1 0.348958 0.091204 0.010417 0.043519
1 0.500781 0.288889 0.009896 0.059259
1 0.193750 0.462037 0.016667 0.077778
1 0.395833 0.492593 0.020833 0.079630
1 0.554167 0.380093 0.015625 0.069444
1 0.486458 0.454630 0.013542 0.075926
1 0.210156 0.484722 0.014063 0.078704
1 0.284635 0.325926 0.019271 0.068519
1 0.346354 0.201852 0.010417 0.051852
1 0.731510 0.462500 0.020313 0.080556
1 0.803906 0.511111 0.019271 0.087037
1 0.716667 0.215741 0.011458 0.055556
1 0.537500 0.345370 0.012500 0.066667
