1 0.190625 0.311111 0.014583 0.057407
1 0.460677 0.381944 0.016146 0.063889
1 0.629167 0.291204 0.011458 0.056481
1 0.430990 0.371759 0.011979 0.062037
1 0.827344 0.705556 0.014063 0.083333
1 0.392708 0.501852 0.013542 0.072222
1 0.653385 0.670833 0.028646 0.084259
1 0.320833 0.789815 0.023958 0.100000
1 0.254688 0.667593 0.016667 0.083333
1 0.207292 0.174537 0.010417 0.043519
1 0.549219 0.260185 0.010937 0.048148
1 0.152865 0.418519 0.014063 0.066667
1 0.445573 0.448148 0.015104 0.070370
1 0.513542 0.342130 0.011458 0.056481
1 0.510417 0.392130 0.012500 0.062037
1 0.136458 0.508796 0.017708 0.076852
1 0.315625 0.331019 0.011458 0.060185
1 0.253125 0.232870 0.012500 0.047222
1 0.742969 0.415278 0.016146 0.069444
1 0.789323 0.456944 0.017188 0.075000
1 0.634635 0.214815 0.010937 0.046296
1 0.575260 0.289815 0.010937 0.055556
