1 0.192188 0.218056 0.014583 0.065741
1 0.377083 0.425463 0.013542 0.087963
1 0.877083 0.182407 0.014583 0.061111
1 0.354167 0.237037 0.018750 0.062963
1 0.918750 0.548611 0.020833 0.084259
1 0.497917 0.389352 0.012500 0.076852
1 0.517448 0.541667 0.031771 0.075926
1 0.467448 0.944444 0.024479 0.109259
1 0.075521 0.481944 0.017708 0.078704
1 0.267448 0.034722 0.011979 0.045370
1 0.455208 0.168056 0.013542 0.049074
1 0.446615 0.259259 0.020313 0.057407
1 0.388281 0.317130 0.019271 0.062037
1 0.580521 0.192222 0.017083 0.052963
1 0.761198 0.291204 0.022396 0.065741
1 0.137500 0.306019 0.014583 0.069444
1 0.244531 0.160185 0.015104 0.059259
1 0.482552 0.115741 0.015104 0.050000
1 0.575260 0.336574 0.022396 0.071296
1 0.944271 0.341667 0.014583 0.074074
1 0.756250 0.089352 0.011458 0.050926
1 0.583333 0.202662 0.012083 0.057639
0 0.753323 0.310648 0.005208 0.008333
