1 0.169531 0.443519 0.011979 0.051852
1 0.534115 0.441667 0.017188 0.050000
1 0.702865 0.382407 0.008854 0.044444
1 0.458854 0.387500 0.007292 0.043519
1 0.845573 0.695833 0.020313 0.067593
1 0.206510 0.514352 0.015104 0.052778
1 0.611458 0.677778 0.019792 0.066667
1 0.214844 0.672685 0.014063 0.071296
1 0.237240 0.591204 0.015104 0.063889
1 0.173437 0.344444 0.010417 0.038889
1 0.680469 0.336574 0.007812 0.036111
1 0.191406 0.462037 0.009896 0.051852
1 0.359115 0.492130 0.015104 0.052778
1 0.495312 0.399537 0.011458 0.043519
1 0.588542 0.418519 0.010417 0.044444
1 0.225000 0.399074 0.007292 0.044444
1 0.212500 0.371759 0.008333 0.037963
1 0.763542 0.452315 0.012500 0.050926
1 0.842187 0.472222 0.009375 0.051852
1 0.691927 0.320370 0.007812 0.031481
1 0.628646 0.382407 0.013542 0.044444
