1 0.186979 0.214815 0.012500 0.066667
1 0.371615 0.405093 0.017188 0.086111
1 0.871094 0.171296 0.013021 0.061111
1 0.358333 0.222222 0.012500 0.062963
1 0.925781 0.539815 0.019271 0.085185
1 0.489323 0.386574 0.018229 0.075000
1 0.545833 0.531944 0.032292 0.078704
1 0.453385 0.943056 0.021354 0.112037
1 0.073698 0.479167 0.017188 0.076852
1 0.261979 0.028704 0.011458 0.044444
1 0.464844 0.157870 0.018229 0.049074
1 0.411719 0.250926 0.023438 0.059259
1 0.399219 0.312037 0.015104 0.062963
1 0.568229 0.189815 0.012500 0.055556
1 0.757812 0.282407 0.013542 0.068519
1 0.137500 0.303241 0.017708 0.071296
1 0.244271 0.151389 0.014583 0.058333
1 0.459635 0.106944 0.014063 0.049074
1 0.604167 0.314352 0.021875 0.075000
1 0.941406 0.333796 0.018229 0.075000
1 0.749219 0.080093 0.010937 0.050926
1 0.599219 0.202315 0.020313 0.060185
0 0.751042 0.299537 0.005208 0.008333
