1 0.133594 0.204167 0.014063 0.056481
1 0.341927 0.268056 0.014063 0.060185
1 0.722396 0.160185 0.010417 0.051852
1 0.483594 0.168056 0.015104 0.047222
1 0.901823 0.564352 0.024479 0.073148
1 0.568490 0.333796 0.015104 0.065741
1 0.566406 0.469444 0.018229 0.077778
1 0.265885 0.843981 0.021354 0.112037
1 0.088802 0.419444 0.016146 0.074074
1 0.170573 0.088889 0.015104 0.040741
1 0.609375 0.101852 0.009375 0.040741
1 0.126823 0.237037 0.010937 0.053704
1 0.414062 0.279630 0.016667 0.059259
1 0.546354 0.173148 0.016667 0.042593
1 0.592969 0.199537 0.011979 0.052778
1 0.125000 0.271296 0.020833 0.057407
1 0.293229 0.117593 0.013542 0.040741
1 0.270313 0.111111 0.013542 0.033333
1 0.610417 0.207407 0.011458 0.057407
1 0.859115 0.304167 0.015104 0.065741
1 0.648438 0.090741 0.011458 0.035185
1 0.685677 0.157870 0.010937 0.049074
0 0.640365 0.107407 0.003646 0.007407
