1 0.166406 0.208333 0.013021 0.066667
1 0.356771 0.365278 0.017708 0.084259
1 0.837240 0.153241 0.013021 0.058333
1 0.354167 0.205556 0.019792 0.061111
1 0.918750 0.531019 0.017708 0.086111
1 0.481510 0.376852 0.025521 0.070370
1 0.584115 0.509722 0.019271 0.086111
1 0.405729 0.933333 0.021875 0.124074
1 0.056771 0.484722 0.018750 0.082407
1 0.236458 0.021296 0.009375 0.042593
1 0.486198 0.137963 0.014063 0.050000
1 0.326302 0.244907 0.019271 0.062037
1 0.402083 0.308333 0.014583 0.070370
1 0.532813 0.188426 0.013542 0.058333
1 0.724740 0.260185 0.016146 0.062963
1 0.125260 0.297685 0.015104 0.071296
1 0.240625 0.132407 0.017708 0.051852
1 0.403906 0.095833 0.011979 0.049074
1 0.636198 0.280093 0.015104 0.073148
1 0.926562 0.323148 0.020833 0.072222
1 0.721354 0.064352 0.011458 0.049074
1 0.623177 0.197222 0.023438 0.053704
0 0.757031 0.237037 0.004687 0.009259
