1 0.147135 0.371296 0.008854 0.044444
1 0.412240 0.437037 0.010937 0.051852
1 0.522396 0.349537 0.009375 0.041667
1 0.418229 0.376852 0.011458 0.042593
1 0.790104 0.676389 0.020833 0.063889
1 0.233073 0.505556 0.011979 0.053704
1 0.647135 0.641667 0.009896 0.064815
1 0.227344 0.711574 0.015104 0.076852
1 0.185417 0.612037 0.013542 0.062963
1 0.139583 0.300000 0.010417 0.040741
1 0.515104 0.317130 0.007292 0.034259
1 0.111979 0.452778 0.010417 0.050000
1 0.882031 0.356019 0.008854 0.041667
1 0.429167 0.431944 0.010417 0.049074
1 0.436979 0.386574 0.008333 0.043519
1 0.470052 0.391204 0.008854 0.043519
1 0.052083 0.518981 0.015625 0.058333
1 0.283594 0.390741 0.009896 0.046296
1 0.162500 0.331944 0.009375 0.036111
1 0.633333 0.433333 0.011458 0.051852
1 0.670833 0.453241 0.011458 0.052778
1 0.513802 0.290741 0.007812 0.031481
1 0.491146 0.353704 0.008333 0.040741
0 0.881211 0.349963 0.003661 0.006870
