1 0.267708 0.231019 0.012500 0.049074
1 0.364844 0.306019 0.010937 0.062037
1 0.745833 0.218056 0.010417 0.049074
1 0.474219 0.221296 0.015104 0.050000
1 0.829948 0.599074 0.023438 0.074074
1 0.566667 0.344907 0.017708 0.058333
1 0.588281 0.525463 0.016146 0.073148
1 0.265365 0.798148 0.022396 0.100000
1 0.115885 0.408796 0.014063 0.063889
1 0.195312 0.153241 0.014583 0.043519
1 0.618229 0.161111 0.011458 0.038889
1 0.280990 0.231019 0.011979 0.043519
1 0.394792 0.310648 0.012500 0.058333
1 0.522917 0.216667 0.013542 0.044444
1 0.621875 0.256019 0.012500 0.050926
1 0.107813 0.291204 0.014583 0.054630
1 0.262760 0.181944 0.009896 0.041667
1 0.242188 0.181019 0.014583 0.043519
1 0.640365 0.264815 0.015104 0.057407
1 0.819792 0.354630 0.022917 0.064815
1 0.647917 0.163889 0.008333 0.037037
1 0.712500 0.225463 0.012500 0.049074
0 0.310937 0.235648 0.004167 0.008333
