1 0.373958 0.247685 0.018750 0.043519
1 0.403906 0.336111 0.018229 0.055556
1 0.769271 0.263426 0.010417 0.050926
1 0.476302 0.250463 0.011979 0.049074
1 0.807292 0.633796 0.014583 0.075000
1 0.559115 0.364815 0.017188 0.051852
1 0.614844 0.565278 0.010937 0.071296
1 0.266927 0.743056 0.019271 0.095370
1 0.143750 0.421759 0.017708 0.063889
1 0.242188 0.191204 0.013542 0.036111
1 0.631771 0.207870 0.008333 0.041667
1 0.403385 0.250926 0.013021 0.044444
1 0.419792 0.333333 0.014583 0.057407
1 0.512500 0.253704 0.011458 0.046296
1 0.645833 0.298148 0.009375 0.050000
1 0.137240 0.295833 0.019271 0.049074
1 0.264583 0.229167 0.014583 0.047222
1 0.264844 0.225926 0.014063 0.051852
1 0.671094 0.310185 0.010937 0.055556
1 0.831510 0.394444 0.017188 0.066667
1 0.649219 0.210648 0.009896 0.037963
1 0.739323 0.265741 0.017188 0.051852
0 0.263073 0.214500 0.004135 0.008278
