1 0.146875 0.381481 0.008333 0.044444
1 0.410677 0.438426 0.010937 0.050926
1 0.521094 0.354167 0.009896 0.039815
1 0.421094 0.379630 0.010937 0.042593
1 0.796354 0.680556 0.021875 0.062963
1 0.226042 0.506019 0.011458 0.052778
1 0.638542 0.637500 0.011458 0.067593
1 0.218750 0.693981 0.012500 0.071296
1 0.185156 0.605093 0.013021 0.060185
1 0.140365 0.310648 0.008854 0.037963
1 0.514062 0.324074 0.006250 0.033333
1 0.119271 0.456019 0.009375 0.049074
1 0.862240 0.358333 0.008854 0.038889
1 0.427604 0.433333 0.007292 0.048148
1 0.435937 0.390278 0.009375 0.041667
1 0.472135 0.394444 0.008854 0.038889
1 0.045573 0.518981 0.013021 0.054630
1 0.278906 0.394444 0.008854 0.046296
1 0.162500 0.339815 0.008333 0.035185
1 0.630469 0.434722 0.008854 0.050926
1 0.666667 0.452778 0.012500 0.048148
1 0.510156 0.299537 0.006771 0.032407
1 0.491406 0.358333 0.007812 0.038889
0 0.861047 0.352944 0.003646 0.006870
