1 0.137240 0.203704 0.015104 0.061111
1 0.341667 0.268981 0.013542 0.067593
1 0.721875 0.157870 0.011458 0.054630
1 0.477865 0.165278 0.016146 0.049074
1 0.908854 0.566667 0.017708 0.083333
1 0.566406 0.337963 0.013021 0.062963
1 0.571875 0.465741 0.016667 0.075926
1 0.270052 0.852315 0.020313 0.119444
1 0.088281 0.425463 0.016146 0.071296
1 0.175521 0.081944 0.014583 0.041667
1 0.609115 0.100926 0.011979 0.040741
1 0.124479 0.234259 0.012500 0.042593
1 0.420833 0.279167 0.014583 0.062037
1 0.545312 0.173148 0.016667 0.044444
1 0.591927 0.197685 0.013021 0.054630
1 0.127083 0.271296 0.017708 0.055556
1 0.296354 0.116667 0.013542 0.040741
1 0.282813 0.108333 0.012500 0.031481
1 0.614583 0.208796 0.013542 0.054630
1 0.871615 0.304630 0.014063 0.068519
1 0.659375 0.090741 0.013542 0.037037
1 0.686198 0.153241 0.010937 0.050926
0 0.646354 0.104167 0.004167 0.008333
