1 0.147135 0.381944 0.008854 0.043519
1 0.411198 0.437500 0.010937 0.050926
1 0.521615 0.353704 0.009896 0.038889
1 0.421615 0.378704 0.010937 0.042593
1 0.797917 0.680556 0.019792 0.062963
1 0.226302 0.506019 0.011979 0.052778
1 0.638542 0.637037 0.011458 0.066667
1 0.218229 0.691667 0.012500 0.070370
1 0.185156 0.604167 0.013021 0.060185
1 0.140885 0.310648 0.008854 0.037963
1 0.514844 0.324074 0.006771 0.033333
1 0.119792 0.455556 0.009375 0.048148
1 0.862500 0.358333 0.008333 0.038889
1 0.427865 0.433333 0.007812 0.048148
1 0.436458 0.390278 0.009375 0.041667
1 0.472917 0.394444 0.009375 0.038889
1 0.045312 0.518519 0.013542 0.055556
1 0.279167 0.393981 0.008333 0.045370
1 0.162760 0.339815 0.007812 0.035185
1 0.631250 0.433796 0.009375 0.050926
1 0.667448 0.452315 0.011979 0.049074
1 0.510677 0.300000 0.006771 0.033333
1 0.492188 0.358333 0.007292 0.038889
0 0.861104 0.352806 0.003646 0.006870
