1 0.173698 0.208796 0.016146 0.065741
1 0.361198 0.377778 0.013021 0.085185
1 0.847917 0.156019 0.014583 0.060185
1 0.354427 0.198611 0.008854 0.052778
1 0.918490 0.531944 0.027604 0.082407
1 0.481510 0.376389 0.019271 0.071296
1 0.572917 0.516204 0.022917 0.084259
1 0.422396 0.937963 0.026042 0.122222
1 0.059896 0.484722 0.017708 0.082407
1 0.244792 0.022685 0.010417 0.041667
1 0.476302 0.146296 0.015104 0.046296
1 0.351562 0.245833 0.012500 0.062037
1 0.401302 0.310648 0.013021 0.067593
1 0.543229 0.185648 0.011458 0.058333
1 0.738281 0.265741 0.014063 0.057407
1 0.129167 0.299537 0.017708 0.071296
1 0.236719 0.137500 0.018229 0.050926
1 0.422656 0.096759 0.009896 0.050926
1 0.625521 0.288426 0.026042 0.071296
1 0.929948 0.324537 0.018229 0.075000
1 0.730469 0.067593 0.010937 0.048148
1 0.611719 0.203704 0.022396 0.055556
