1 0.174219 0.341667 0.013021 0.046296
1 0.439323 0.417130 0.011979 0.052778
1 0.554948 0.327315 0.007812 0.043519
1 0.443490 0.360648 0.011979 0.041667
1 0.821354 0.668981 0.016667 0.067593
1 0.273438 0.492130 0.012500 0.056481
1 0.680729 0.636111 0.012500 0.068519
1 0.264323 0.716667 0.016146 0.075926
1 0.216146 0.605093 0.014583 0.067593
1 0.168229 0.271759 0.010417 0.032407
1 0.544792 0.295370 0.008333 0.035185
1 0.135937 0.432870 0.012500 0.052778
1 0.952083 0.346296 0.009375 0.044444
1 0.461458 0.416667 0.011458 0.050000
1 0.467969 0.367130 0.010937 0.045370
1 0.496094 0.375926 0.009896 0.046296
1 0.092708 0.499074 0.017708 0.061111
1 0.313542 0.370370 0.013542 0.048148
1 0.194792 0.303241 0.008333 0.037963
1 0.670573 0.420833 0.010937 0.054630
1 0.711198 0.442130 0.010937 0.054630
1 0.550521 0.269444 0.008333 0.035185
1 0.521615 0.333333 0.010937 0.042593
0 0.953529 0.338352 0.003661 0.006870
