1 0.230469 0.314815 0.016146 0.064815
1 0.480469 0.360185 0.020313 0.062963
1 0.776563 0.351852 0.011458 0.066667
1 0.440625 0.328704 0.015625 0.061111
1 0.753385 0.628241 0.027604 0.082407
1 0.549479 0.526852 0.016667 0.075926
1 0.618750 0.780093 0.025000 0.100926
1 0.317708 0.631019 0.018750 0.095370
1 0.218229 0.591667 0.020833 0.083333
1 0.347656 0.131019 0.016146 0.041667
1 0.640625 0.300000 0.010417 0.055556
1 0.298438 0.407407 0.021875 0.062963
1 0.372917 0.447222 0.015625 0.075926
1 0.559375 0.342130 0.012500 0.060185
1 0.577865 0.431944 0.013021 0.067593
1 0.150260 0.427778 0.017188 0.075926
1 0.289323 0.276389 0.020313 0.049074
1 0.320312 0.267130 0.015625 0.047222
1 0.706250 0.468519 0.017708 0.083333
1 0.770573 0.477778 0.016146 0.083333
1 0.743490 0.312963 0.013021 0.055556
1 0.754427 0.324537 0.015104 0.054630
0 0.297135 0.241667 0.003646 0.007407
