1 0.189844 0.310648 0.014063 0.060185
1 0.459115 0.381481 0.014063 0.062963
1 0.627604 0.290741 0.010417 0.055556
1 0.430729 0.370370 0.012500 0.064815
1 0.827604 0.703704 0.019792 0.081481
1 0.390104 0.501852 0.013542 0.072222
1 0.653385 0.668981 0.023438 0.086111
1 0.320573 0.790278 0.023438 0.100926
1 0.254688 0.666667 0.015625 0.083333
1 0.205469 0.175000 0.009896 0.042593
1 0.548438 0.260185 0.009375 0.046296
1 0.151042 0.418981 0.013542 0.067593
1 0.445833 0.447222 0.014583 0.068519
1 0.513021 0.341204 0.009375 0.056481
1 0.509896 0.390278 0.012500 0.058333
1 0.134635 0.507870 0.017188 0.076852
1 0.316667 0.331019 0.014583 0.060185
1 0.251302 0.233796 0.013021 0.047222
1 0.740104 0.414815 0.015625 0.068519
1 0.788021 0.454167 0.015625 0.073148
1 0.632292 0.215278 0.011458 0.045370
1 0.573958 0.289815 0.012500 0.055556
