1 0.235417 0.297222 0.013542 0.064815
1 0.481771 0.348148 0.020833 0.064815
1 0.797135 0.338426 0.010937 0.063889
1 0.446875 0.307870 0.012500 0.060185
1 0.763542 0.617593 0.016667 0.085185
1 0.554948 0.499074 0.020313 0.070370
1 0.645052 0.778704 0.020313 0.098148
1 0.331771 0.602778 0.016667 0.090741
1 0.228646 0.570833 0.017708 0.080556
1 0.359375 0.118981 0.011458 0.043519
1 0.651302 0.283333 0.010937 0.055556
1 0.290885 0.384722 0.016146 0.062037
1 0.391146 0.426389 0.015625 0.075000
1 0.563542 0.323611 0.011458 0.058333
1 0.595833 0.412963 0.014583 0.068519
1 0.163281 0.404630 0.015104 0.072222
1 0.321615 0.258796 0.021354 0.056481
1 0.347917 0.243519 0.013542 0.053704
1 0.731250 0.453704 0.014583 0.081481
1 0.791667 0.458796 0.014583 0.080556
1 0.745833 0.295833 0.015625 0.056481
1 0.760938 0.308796 0.018750 0.056481
0 0.267188 0.177000 0.004167 0.008333
