1 0.238021 0.369444 0.019792 0.075926
1 0.540885 0.374537 0.016146 0.071296
1 0.720573 0.331944 0.013021 0.067593
1 0.389323 0.427778 0.016146 0.077778
1 0.802083 0.808333 0.023958 0.103704
1 0.440365 0.549537 0.021354 0.084259
1 0.480208 0.732870 0.013542 0.095370
1 0.223438 0.806944 0.021875 0.104630
1 0.200000 0.665741 0.016667 0.088889
1 0.337240 0.103241 0.011979 0.045370
1 0.502344 0.296759 0.013021 0.062037
1 0.194271 0.468056 0.016667 0.082407
1 0.397656 0.495833 0.019271 0.075000
1 0.554427 0.381481 0.017188 0.070370
1 0.487240 0.460648 0.017188 0.075000
1 0.205990 0.494907 0.018229 0.080556
1 0.286719 0.331944 0.021354 0.067593
1 0.342708 0.208333 0.011458 0.051852
1 0.737760 0.468981 0.021354 0.082407
1 0.799740 0.514815 0.013021 0.085185
1 0.714323 0.219444 0.009896 0.055556
1 0.540625 0.344444 0.016667 0.064815
