1 0.207552 0.359259 0.016146 0.072222
1 0.517188 0.380556 0.014583 0.072222
1 0.692708 0.319907 0.015625 0.065741
1 0.400000 0.421296 0.014583 0.074074
1 0.799219 0.767593 0.016146 0.094444
1 0.418490 0.559722 0.021354 0.080556
1 0.541667 0.727315 0.029167 0.093519
1 0.261979 0.807870 0.026042 0.102778
1 0.223958 0.681944 0.022917 0.089815
1 0.276823 0.132870 0.009896 0.043519
1 0.498958 0.300000 0.017708 0.059259
1 0.176563 0.452778 0.016667 0.072222
1 0.402344 0.507870 0.018229 0.080556
1 0.540365 0.373611 0.015104 0.065741
1 0.488542 0.456481 0.018750 0.070370
1 0.174479 0.511111 0.015625 0.075926
1 0.295052 0.338889 0.010937 0.066667
1 0.314844 0.221296 0.013021 0.050000
1 0.763802 0.470370 0.019271 0.081481
1 0.816146 0.512963 0.014583 0.079630
1 0.692448 0.220833 0.014063 0.052778
1 0.569271 0.325926 0.012500 0.061111
