1 0.336979 0.343056 0.018750 0.054630
1 0.512760 0.437500 0.010937 0.062037
1 0.854688 0.388426 0.014583 0.054630
1 0.541146 0.332407 0.012500 0.050000
1 0.689583 0.715741 0.023958 0.077778
1 0.303646 0.450463 0.019792 0.054630
1 0.612500 0.717593 0.017708 0.074074
1 0.352344 0.599537 0.019271 0.076852
1 0.301563 0.565278 0.025000 0.069444
1 0.315885 0.260648 0.010937 0.039815
1 0.769531 0.290741 0.010937 0.042593
1 0.439063 0.353241 0.010417 0.050926
1 0.465365 0.430556 0.015104 0.057407
1 0.559896 0.378241 0.011458 0.056481
1 0.627604 0.438889 0.018750 0.051852
1 0.180469 0.425463 0.021354 0.052778
1 0.345833 0.326389 0.014583 0.050926
1 0.387240 0.317593 0.010937 0.044444
1 0.753646 0.431481 0.014583 0.062963
1 0.867188 0.518519 0.018750 0.070370
1 0.791667 0.330093 0.011458 0.047222
1 0.793750 0.344444 0.015625 0.048148
0 0.200781 0.450000 0.005729 0.009259
