1 0.219531 0.386111 0.013021 0.057407
1 0.607812 0.395833 0.019792 0.054630
1 0.890625 0.360185 0.015625 0.051852
1 0.509896 0.318056 0.013542 0.045370
1 0.867188 0.655093 0.023958 0.073148
1 0.225521 0.443519 0.012500 0.053704
1 0.661458 0.712500 0.020833 0.084259
1 0.284635 0.605093 0.021354 0.071296
1 0.348958 0.567130 0.016667 0.067593
1 0.241406 0.277778 0.011979 0.040741
1 0.845313 0.278704 0.008333 0.038889
1 0.289844 0.398611 0.014063 0.054630
1 0.388281 0.450000 0.009896 0.059259
1 0.566406 0.353241 0.018229 0.045370
1 0.679167 0.408796 0.013542 0.054630
1 0.039844 0.460185 0.018229 0.059259
1 0.274740 0.335648 0.010937 0.049074
1 0.323437 0.318519 0.008333 0.044444
1 0.804427 0.422685 0.020313 0.060185
1 0.916146 0.454167 0.025000 0.062037
1 0.869531 0.298148 0.015104 0.042593
1 0.741146 0.335648 0.015625 0.050926
0 0.950344 0.263491 0.004167 0.008204
