1 0.240885 0.362963 0.019271 0.068519
1 0.495312 0.375463 0.017708 0.067593
1 0.726562 0.389352 0.011458 0.069444
1 0.457292 0.387963 0.018750 0.064815
1 0.798438 0.661574 0.028125 0.084259
1 0.552865 0.582407 0.017188 0.087037
1 0.517448 0.751852 0.029687 0.092593
1 0.308073 0.668056 0.020313 0.093519
1 0.202344 0.628704 0.022396 0.087037
1 0.341667 0.134722 0.014583 0.039815
1 0.630729 0.339352 0.016667 0.060185
1 0.338021 0.475926 0.017708 0.070370
1 0.369792 0.486574 0.018750 0.073148
1 0.579948 0.394907 0.015104 0.062037
1 0.555729 0.472222 0.015625 0.072222
1 0.144531 0.482407 0.018229 0.081481
1 0.292187 0.286111 0.016667 0.053704
1 0.354687 0.263426 0.019792 0.041667
1 0.635677 0.494907 0.014063 0.086111
1 0.695573 0.512963 0.023438 0.077778
1 0.751042 0.348148 0.019792 0.064815
1 0.719792 0.381019 0.010417 0.067593
0 0.507026 0.123648 0.005208 0.010074
