1 0.254167 0.367130 0.017708 0.076852
1 0.530469 0.354167 0.017188 0.076852
1 0.815365 0.445370 0.019271 0.079630
1 0.412240 0.448148 0.022396 0.075926
1 0.805729 0.744907 0.020833 0.100926
1 0.555208 0.580556 0.020833 0.088889
1 0.368229 0.661111 0.019792 0.090741
1 0.273958 0.619907 0.023958 0.095370
1 0.180990 0.583796 0.028646 0.084259
1 0.407031 0.083333 0.010937 0.044444
1 0.526042 0.341667 0.014583 0.059259
1 0.395052 0.481481 0.015104 0.075926
1 0.543229 0.463426 0.016667 0.097222
1 0.557031 0.463426 0.014063 0.065741
1 0.555208 0.507407 0.017708 0.077778
1 0.223177 0.478704 0.017188 0.079630
1 0.308854 0.275463 0.010417 0.063889
1 0.378906 0.237963 0.015104 0.055556
1 0.796354 0.516667 0.030208 0.079630
1 0.832812 0.537037 0.018750 0.088889
1 0.782031 0.317593 0.013021 0.066667
1 0.600521 0.456481 0.023958 0.077778
0 0.538802 0.387963 0.005729 0.011111
