1 0.203385 0.320370 0.011979 0.061111
1 0.475781 0.377315 0.013021 0.065741
1 0.654687 0.295370 0.014583 0.059259
1 0.428646 0.387037 0.012500 0.066667
1 0.823698 0.731019 0.024479 0.087963
1 0.415625 0.516667 0.014583 0.074074
1 0.637240 0.684722 0.013021 0.087963
1 0.338542 0.808796 0.027083 0.106481
1 0.258073 0.681019 0.023438 0.087963
1 0.234635 0.159722 0.011979 0.045370
1 0.548438 0.267593 0.011458 0.053704
1 0.168229 0.423611 0.013542 0.069444
1 0.437500 0.472685 0.019792 0.073148
1 0.527083 0.348148 0.017708 0.061111
1 0.513281 0.412037 0.015104 0.064815
1 0.147656 0.510648 0.018229 0.078704
1 0.319792 0.332407 0.016667 0.062963
1 0.280729 0.225463 0.014583 0.047222
1 0.762760 0.423611 0.010937 0.073148
1 0.813281 0.475926 0.018229 0.077778
1 0.662760 0.213426 0.008854 0.049074
1 0.593490 0.293981 0.013021 0.054630
