1 0.144010 0.413889 0.010937 0.050000
1 0.465104 0.424074 0.010417 0.050000
1 0.605729 0.353704 0.010417 0.038889
1 0.447135 0.367130 0.008854 0.036111
1 0.844271 0.685648 0.020833 0.067593
1 0.192188 0.493519 0.015625 0.051852
1 0.586979 0.636574 0.011458 0.063889
1 0.184375 0.658796 0.013542 0.069444
1 0.189583 0.574537 0.012500 0.060185
1 0.146094 0.324074 0.008854 0.035185
1 0.587760 0.318981 0.006771 0.034259
1 0.159115 0.443981 0.010937 0.049074
1 0.907292 0.380556 0.009375 0.044444
1 0.372917 0.452315 0.014583 0.049074
1 0.450521 0.381019 0.011458 0.041667
1 0.542969 0.387037 0.009896 0.042593
1 0.221354 0.386111 0.007292 0.040741
1 0.174740 0.349074 0.007812 0.038889
1 0.714583 0.425000 0.013542 0.050000
1 0.758333 0.443519 0.010417 0.051852
1 0.591667 0.297222 0.007292 0.031481
1 0.570573 0.357870 0.007812 0.039815
