1 0.234115 0.299537 0.015104 0.063889
1 0.481510 0.348611 0.022396 0.065741
1 0.795312 0.339352 0.011458 0.063889
1 0.445312 0.309259 0.014583 0.061111
1 0.761719 0.618519 0.017188 0.085185
1 0.554688 0.500463 0.020833 0.069444
1 0.641927 0.777315 0.020313 0.097222
1 0.329427 0.605093 0.016146 0.089815
1 0.226823 0.572685 0.017188 0.080556
1 0.357031 0.120370 0.010937 0.042593
1 0.650000 0.284259 0.011458 0.055556
1 0.290104 0.386574 0.015625 0.062037
1 0.388802 0.428704 0.016146 0.075926
1 0.562500 0.324537 0.011458 0.058333
1 0.593490 0.414352 0.014063 0.071296
1 0.161458 0.406481 0.014583 0.072222
1 0.318490 0.259722 0.020313 0.056481
1 0.345052 0.245370 0.014063 0.053704
1 0.728125 0.454630 0.014583 0.081481
1 0.789323 0.460185 0.014063 0.079630
1 0.744271 0.296759 0.016667 0.056481
1 0.759635 0.309722 0.020313 0.054630
0 0.269792 0.182870 0.004167 0.008333
