1 0.148438 0.382407 0.009375 0.044444
1 0.415365 0.434722 0.009896 0.049074
1 0.527604 0.350926 0.008333 0.038889
1 0.427604 0.376389 0.011458 0.041667
1 0.814583 0.684722 0.021875 0.063889
1 0.226302 0.502778 0.013021 0.053704
1 0.639844 0.633796 0.011979 0.065741
1 0.216406 0.688889 0.016146 0.068519
1 0.186458 0.600926 0.012500 0.061111
1 0.144271 0.311111 0.009375 0.037037
1 0.520573 0.321759 0.005729 0.034259
1 0.126562 0.453704 0.010417 0.048148
1 0.864062 0.356944 0.009375 0.039815
1 0.432552 0.431481 0.010937 0.046296
1 0.441146 0.387037 0.008333 0.042593
1 0.479948 0.390278 0.007812 0.039815
1 0.042969 0.516204 0.015104 0.054630
1 0.279687 0.392130 0.010417 0.045370
1 0.164844 0.339352 0.007812 0.036111
1 0.639844 0.431944 0.008854 0.049074
1 0.673698 0.450926 0.011979 0.050000
1 0.515625 0.297685 0.006250 0.032407
1 0.498958 0.357407 0.010417 0.038889
0 0.862682 0.350713 0.003646 0.006870
