1 0.232031 0.362500 0.020313 0.071296
1 0.529167 0.354167 0.014583 0.071296
1 0.844271 0.428241 0.021875 0.073148
1 0.368490 0.425926 0.021354 0.072222
1 0.792708 0.772222 0.026042 0.100000
1 0.543229 0.598611 0.017708 0.093519
1 0.344271 0.662963 0.026042 0.087037
1 0.232031 0.634722 0.017188 0.086111
1 0.139063 0.591204 0.016667 0.084259
1 0.409375 0.076389 0.010417 0.043519
1 0.502344 0.332407 0.011979 0.066667
1 0.369271 0.492130 0.023958 0.082407
1 0.522708 0.497315 0.022292 0.068704
1 0.629948 0.442593 0.024479 0.066667
1 0.528906 0.515741 0.026562 0.050000
1 0.205208 0.474537 0.014583 0.082407
1 0.295312 0.274537 0.012500 0.065741
1 0.359896 0.237500 0.013542 0.058333
1 0.828646 0.515278 0.025000 0.082407
1 0.871094 0.547222 0.028646 0.087037
1 0.778646 0.301389 0.016667 0.065741
1 0.600000 0.434259 0.026042 0.070370
0 0.517969 0.191204 0.005729 0.012037
