1 0.131250 0.196759 0.014583 0.047222
1 0.338542 0.263889 0.015625 0.061111
1 0.722135 0.161111 0.011979 0.050000
1 0.482552 0.168056 0.017188 0.043519
1 0.878906 0.557870 0.027604 0.076852
1 0.571354 0.325926 0.015625 0.059259
1 0.559375 0.468519 0.015625 0.074074
1 0.259115 0.834259 0.020313 0.111111
1 0.092448 0.401852 0.020313 0.064815
1 0.160417 0.095833 0.016667 0.041667
1 0.607552 0.101852 0.014063 0.033333
1 0.132292 0.225000 0.012500 0.051852
1 0.400000 0.274537 0.017708 0.056481
1 0.538281 0.169444 0.015104 0.042593
1 0.595573 0.197222 0.011979 0.048148
1 0.110156 0.266667 0.021354 0.055556
1 0.280729 0.118981 0.018750 0.039815
1 0.241667 0.116204 0.013542 0.034259
1 0.608333 0.206481 0.013542 0.053704
1 0.837240 0.299074 0.023438 0.059259
1 0.638802 0.096296 0.011979 0.038889
1 0.682813 0.161574 0.012500 0.050926
0 0.541667 0.095509 0.004687 0.009259
