1 0.211198 0.338426 0.015104 0.069444
1 0.496875 0.373611 0.010417 0.067593
1 0.683594 0.306944 0.011979 0.062037
1 0.421615 0.411111 0.020313 0.068519
1 0.804688 0.743056 0.017708 0.089815
1 0.429948 0.541667 0.016146 0.079630
1 0.598437 0.707870 0.020833 0.089815
1 0.312240 0.804630 0.016146 0.101852
1 0.251563 0.688426 0.023958 0.087963
1 0.261198 0.143981 0.010937 0.041667
1 0.532813 0.283333 0.011458 0.053704
1 0.183073 0.438426 0.014063 0.073148
1 0.420312 0.496296 0.015625 0.075926
1 0.542448 0.358333 0.010937 0.062963
1 0.501042 0.440741 0.015625 0.068519
1 0.163802 0.507407 0.022396 0.077778
1 0.319010 0.336574 0.017188 0.063889
1 0.305990 0.223148 0.013021 0.051852
1 0.773438 0.448148 0.020833 0.074074
1 0.829427 0.496296 0.016146 0.077778
1 0.688021 0.217593 0.012500 0.050000
1 0.594010 0.308796 0.016146 0.058333
