1 0.216927 0.368056 0.015104 0.056481
1 0.592969 0.387963 0.015104 0.055556
1 0.889844 0.345833 0.019271 0.052778
1 0.508854 0.301852 0.014583 0.048148
1 0.849479 0.654630 0.027083 0.072222
1 0.212500 0.421759 0.018750 0.054630
1 0.647396 0.720370 0.022917 0.079630
1 0.292448 0.587500 0.015104 0.073148
1 0.364063 0.556019 0.020833 0.069444
1 0.245052 0.258796 0.010937 0.041667
1 0.836198 0.262500 0.010937 0.039815
1 0.299219 0.381944 0.011979 0.054630
1 0.400000 0.434722 0.009375 0.060185
1 0.559115 0.345833 0.011979 0.047222
1 0.671875 0.397222 0.014583 0.053704
1 0.054688 0.437963 0.016667 0.061111
1 0.277865 0.318981 0.016146 0.050926
1 0.332292 0.303241 0.012500 0.045370
1 0.786979 0.413889 0.017708 0.059259
1 0.909635 0.445370 0.020313 0.061111
1 0.856510 0.290741 0.018229 0.040741
1 0.747917 0.319907 0.014583 0.047222
0 0.920833 0.271296 0.004167 0.007407
