1 0.252604 0.366204 0.017708 0.078704
1 0.544792 0.374537 0.016667 0.073148
1 0.735156 0.335648 0.013021 0.069444
1 0.384115 0.411574 0.017188 0.075000
1 0.796354 0.806481 0.022917 0.098148
1 0.464844 0.543981 0.025521 0.089815
1 0.463281 0.729167 0.020313 0.095370
1 0.214062 0.797685 0.021875 0.102778
1 0.204687 0.658333 0.023958 0.090741
1 0.359635 0.088426 0.011979 0.043519
1 0.503125 0.289352 0.012500 0.060185
1 0.192969 0.463889 0.017188 0.079630
1 0.393750 0.489815 0.020833 0.077778
1 0.555729 0.386574 0.014583 0.069444
1 0.488281 0.453241 0.011979 0.075000
1 0.216667 0.480093 0.021875 0.078704
1 0.287240 0.328241 0.021354 0.071296
1 0.350260 0.202315 0.010937 0.052778
1 0.732552 0.464352 0.021354 0.082407
1 0.812500 0.518519 0.018750 0.087037
1 0.721094 0.218056 0.013021 0.054630
1 0.534375 0.350000 0.013542 0.068519
