1 0.388021 0.267130 0.015625 0.045370
1 0.408073 0.356944 0.014063 0.060185
1 0.776042 0.289815 0.014583 0.048148
1 0.477604 0.274537 0.008333 0.047222
1 0.786198 0.653241 0.015104 0.075000
1 0.536458 0.381944 0.018750 0.050926
1 0.624479 0.597222 0.018750 0.074074
1 0.261979 0.718056 0.015625 0.089815
1 0.152083 0.438426 0.020833 0.060185
1 0.248958 0.212500 0.010417 0.041667
1 0.634375 0.238426 0.014583 0.043519
1 0.436719 0.264352 0.011979 0.041667
1 0.423177 0.350926 0.015104 0.051852
1 0.502865 0.279630 0.007812 0.044444
1 0.652604 0.326852 0.016667 0.050000
1 0.143490 0.312963 0.015104 0.044444
1 0.270052 0.257130 0.011979 0.048704
1 0.271521 0.242431 0.006854 0.040787
1 0.682031 0.337037 0.019271 0.057407
1 0.829167 0.420370 0.012500 0.062963
1 0.643750 0.240741 0.010417 0.040741
1 0.748698 0.291667 0.013021 0.051852
0 0.252344 0.302315 0.004687 0.008333
