1 0.294531 0.354167 0.016146 0.078704
1 0.540365 0.360185 0.011979 0.074074
1 0.781510 0.371759 0.015104 0.075000
1 0.405729 0.368056 0.013542 0.071296
1 0.793750 0.826852 0.031250 0.107407
1 0.477344 0.575463 0.016146 0.091667
1 0.422917 0.700000 0.022917 0.096296
1 0.197135 0.772685 0.020313 0.104630
1 0.214844 0.634722 0.017188 0.087963
1 0.417708 0.064352 0.009375 0.041667
1 0.515885 0.303704 0.017188 0.064815
1 0.239583 0.495370 0.015625 0.085185
1 0.386719 0.471296 0.019271 0.077778
1 0.555469 0.406944 0.015104 0.075000
1 0.496094 0.448611 0.017188 0.075000
1 0.250781 0.456481 0.021354 0.077778
1 0.329688 0.280556 0.017708 0.068519
1 0.369010 0.205556 0.013021 0.055556
1 0.738021 0.467593 0.016667 0.083333
1 0.828125 0.555556 0.019792 0.092593
1 0.755729 0.235648 0.012500 0.058333
1 0.528385 0.375926 0.014063 0.072222
