1 0.358854 0.337963 0.013542 0.053704
1 0.492188 0.434259 0.016667 0.062963
1 0.841146 0.383333 0.014583 0.055556
1 0.535677 0.334259 0.009896 0.050000
1 0.686458 0.709722 0.023958 0.069444
1 0.353646 0.467130 0.015625 0.058333
1 0.621094 0.701389 0.022396 0.073148
1 0.336979 0.608796 0.017708 0.076852
1 0.257812 0.555556 0.020833 0.061111
1 0.309896 0.259259 0.010417 0.042593
1 0.764062 0.293056 0.010417 0.045370
1 0.453385 0.342130 0.011979 0.049074
1 0.450260 0.425926 0.015104 0.057407
1 0.556510 0.372685 0.010937 0.052778
1 0.651302 0.429167 0.011979 0.058333
1 0.170573 0.418519 0.019271 0.050000
1 0.339844 0.323611 0.015104 0.050926
1 0.376302 0.313889 0.009896 0.046296
1 0.750781 0.424537 0.013021 0.062037
1 0.850781 0.511574 0.016146 0.071296
1 0.775000 0.325000 0.015625 0.048148
1 0.786979 0.345833 0.016667 0.049074
0 0.195573 0.443056 0.005729 0.010185
