1 0.219010 0.387037 0.014063 0.057407
1 0.608594 0.395370 0.021354 0.053704
1 0.891146 0.360185 0.013542 0.051852
1 0.510156 0.318981 0.010937 0.045370
1 0.868490 0.654630 0.026562 0.072222
1 0.227083 0.443981 0.012500 0.054630
1 0.661458 0.712037 0.021875 0.083333
1 0.283594 0.606019 0.021354 0.071296
1 0.347656 0.567593 0.016146 0.068519
1 0.241406 0.278704 0.010937 0.040741
1 0.845833 0.279630 0.008333 0.038889
1 0.289323 0.399537 0.015104 0.054630
1 0.388021 0.451389 0.012500 0.058333
1 0.566927 0.353704 0.019271 0.044444
1 0.680469 0.409259 0.013021 0.053704
1 0.038802 0.461574 0.019271 0.060185
1 0.274479 0.336111 0.011458 0.050000
1 0.322396 0.318981 0.009375 0.045370
1 0.805729 0.423148 0.021875 0.059259
1 0.916406 0.455093 0.023438 0.062037
1 0.869271 0.298611 0.016667 0.041667
1 0.740625 0.336111 0.017708 0.050000
0 0.951516 0.263398 0.004167 0.008167
