1 0.237240 0.351852 0.021354 0.061111
1 0.493490 0.374074 0.021354 0.062963
1 0.730729 0.382407 0.018750 0.074074
1 0.452865 0.375926 0.019271 0.064815
1 0.783854 0.652315 0.026042 0.082407
1 0.553125 0.578241 0.018750 0.084259
1 0.536458 0.755093 0.018750 0.091667
1 0.305990 0.668519 0.020313 0.092593
1 0.203385 0.625000 0.024479 0.087037
1 0.338021 0.137037 0.011458 0.035185
1 0.630208 0.331481 0.014583 0.061111
1 0.328385 0.462500 0.020313 0.065741
1 0.365885 0.479630 0.019271 0.075926
1 0.574479 0.381944 0.018750 0.060185
1 0.554688 0.463889 0.014583 0.070370
1 0.142708 0.473611 0.021875 0.075000
1 0.284115 0.281481 0.019271 0.050000
1 0.344010 0.263426 0.021354 0.043519
1 0.646354 0.489815 0.019792 0.081481
1 0.711719 0.506944 0.017188 0.087963
1 0.746354 0.343519 0.019792 0.064815
1 0.726302 0.357870 0.010937 0.054630
0 0.438635 0.095213 0.005208 0.009778
