1 0.396615 0.311111 0.013021 0.048148
1 0.427865 0.401574 0.016146 0.054259
1 0.786979 0.344444 0.016667 0.050000
1 0.495312 0.322685 0.012500 0.049074
1 0.760156 0.694907 0.016146 0.075000
1 0.487760 0.431481 0.014063 0.051852
1 0.651042 0.661574 0.019792 0.076852
1 0.287240 0.677315 0.016146 0.082407
1 0.165625 0.487500 0.017708 0.058333
1 0.273958 0.250000 0.013542 0.046296
1 0.671875 0.284259 0.010417 0.042593
1 0.460156 0.306019 0.008854 0.039815
1 0.423698 0.394444 0.015104 0.057407
1 0.513542 0.332870 0.010417 0.047222
1 0.669271 0.385648 0.010417 0.052778
1 0.161979 0.365741 0.011458 0.046296
1 0.299479 0.303241 0.012500 0.049074
1 0.305990 0.288426 0.008854 0.039815
1 0.709896 0.389815 0.015625 0.057407
1 0.833333 0.469907 0.013542 0.062037
1 0.683073 0.293519 0.010937 0.044444
1 0.767188 0.336111 0.010417 0.051852
0 0.227865 0.375926 0.004687 0.009259
