1 0.153385 0.382870 0.008854 0.045370
1 0.424479 0.424537 0.010417 0.049074
1 0.541667 0.345370 0.009375 0.040741
1 0.445312 0.368519 0.008333 0.042593
1 0.850000 0.688426 0.010417 0.065741
1 0.222396 0.492130 0.012500 0.050926
1 0.634635 0.623148 0.013021 0.062963
1 0.204948 0.671759 0.011979 0.071296
1 0.189062 0.583796 0.012500 0.058333
1 0.152083 0.308796 0.010417 0.036111
1 0.535417 0.315741 0.007292 0.033333
1 0.140104 0.442130 0.009375 0.049074
1 0.869271 0.350000 0.009375 0.040741
1 0.440365 0.426389 0.008854 0.047222
1 0.450000 0.378241 0.008333 0.041667
1 0.494010 0.382407 0.010937 0.040741
1 0.032552 0.507407 0.014063 0.053704
1 0.273177 0.384259 0.008854 0.044444
1 0.168750 0.334722 0.007292 0.034259
1 0.654948 0.423148 0.009896 0.048148
1 0.689583 0.441204 0.009375 0.049074
1 0.528125 0.291667 0.007292 0.033333
1 0.517188 0.350000 0.008333 0.038889
