1 0.177604 0.281019 0.017708 0.065741
1 0.346875 0.525926 0.016667 0.087037
1 0.857031 0.263889 0.013021 0.062963
1 0.240104 0.306944 0.017708 0.063889
1 0.813542 0.609722 0.013542 0.086111
1 0.512500 0.450926 0.013542 0.075926
1 0.427865 0.595370 0.013021 0.081481
1 0.478125 0.868519 0.020833 0.112963
1 0.095573 0.535648 0.018229 0.078704
1 0.238281 0.103241 0.010937 0.047222
1 0.443490 0.262500 0.011979 0.058333
1 0.458333 0.319907 0.011458 0.067593
1 0.326302 0.414815 0.015104 0.074074
1 0.574479 0.251852 0.010417 0.057407
1 0.682813 0.344907 0.011458 0.065741
1 0.130208 0.389352 0.018750 0.073148
1 0.213281 0.285648 0.024479 0.063889
1 0.477865 0.194907 0.010937 0.052778
1 0.459115 0.439352 0.015104 0.080556
1 0.924219 0.378241 0.015104 0.075000
1 0.663281 0.150463 0.008854 0.049074
1 0.511198 0.289815 0.014063 0.064815
0 0.471875 0.348611 0.007292 0.012037
