1 0.350260 0.342593 0.011979 0.051852
1 0.502604 0.436111 0.012500 0.061111
1 0.843490 0.387037 0.017188 0.053704
1 0.537500 0.332870 0.012500 0.049074
1 0.683594 0.710648 0.021354 0.063889
1 0.332552 0.460185 0.024479 0.057407
1 0.617969 0.704630 0.018229 0.068519
1 0.342708 0.603241 0.015625 0.076852
1 0.276562 0.562500 0.019792 0.067593
1 0.311719 0.259722 0.007812 0.041667
1 0.766927 0.292130 0.011979 0.045370
1 0.446875 0.347222 0.008333 0.048148
1 0.457552 0.425926 0.010937 0.059259
1 0.557292 0.376389 0.009375 0.054630
1 0.640365 0.435185 0.015104 0.055556
1 0.170573 0.420370 0.017188 0.050000
1 0.339844 0.325463 0.010937 0.050926
1 0.380990 0.315741 0.008854 0.044444
1 0.751823 0.428704 0.011979 0.061111
1 0.855729 0.516667 0.020833 0.068519
1 0.783594 0.326389 0.013021 0.049074
1 0.791927 0.343519 0.013021 0.051852
0 0.197917 0.446296 0.005208 0.009259
