1 0.175260 0.209722 0.016146 0.065741
1 0.356250 0.325463 0.012500 0.078704
1 0.784115 0.146759 0.014063 0.058333
1 0.386719 0.187037 0.013021 0.057407
1 0.927604 0.554167 0.022917 0.086111
1 0.522917 0.366204 0.019792 0.069444
1 0.611979 0.483333 0.021875 0.077778
1 0.359375 0.912037 0.026042 0.116667
1 0.065104 0.496296 0.019792 0.081481
1 0.220312 0.034722 0.015625 0.041667
1 0.535677 0.125926 0.010937 0.050000
1 0.230469 0.251852 0.014063 0.066667
1 0.427604 0.301389 0.014583 0.065741
1 0.517708 0.185648 0.012500 0.058333
1 0.660417 0.238426 0.012500 0.058333
1 0.140365 0.293056 0.017188 0.071296
1 0.271094 0.122222 0.009896 0.053704
1 0.336719 0.096759 0.008854 0.047222
1 0.666146 0.253704 0.018750 0.068519
1 0.942187 0.328704 0.016667 0.072222
1 0.700781 0.065741 0.011979 0.046296
1 0.663802 0.169444 0.019271 0.055556
0 0.778776 0.169560 0.004427 0.008102
