1 0.254427 0.369444 0.017188 0.074074
1 0.531510 0.362500 0.015104 0.073148
1 0.789323 0.462500 0.025521 0.060185
1 0.432812 0.463426 0.016667 0.078704
1 0.806771 0.733796 0.021875 0.093519
1 0.554167 0.587500 0.022917 0.087963
1 0.367708 0.664815 0.020833 0.090741
1 0.308854 0.611574 0.015625 0.091667
1 0.197396 0.585648 0.025000 0.080556
1 0.411719 0.090278 0.010937 0.043519
1 0.547917 0.356019 0.017708 0.062037
1 0.415625 0.487963 0.019792 0.077778
1 0.522396 0.497222 0.018750 0.070370
1 0.546667 0.501111 0.023333 0.074444
1 0.546354 0.510556 0.023958 0.078889
1 0.227344 0.487963 0.016146 0.083333
1 0.314844 0.278704 0.011979 0.064815
1 0.386979 0.242130 0.012500 0.056481
1 0.766406 0.522685 0.025521 0.082407
1 0.793490 0.537963 0.028646 0.083333
1 0.774740 0.329167 0.016146 0.063889
1 0.618750 0.468981 0.025000 0.076852
0 0.619010 0.383333 0.005729 0.011111
