1 0.212760 0.364352 0.014063 0.073148
1 0.527604 0.381944 0.013542 0.071296
1 0.700000 0.324537 0.012500 0.065741
1 0.398438 0.426389 0.012500 0.075000
1 0.801302 0.780093 0.026562 0.097222
1 0.417187 0.564352 0.019792 0.084259
1 0.529427 0.731019 0.029687 0.091667
1 0.255469 0.806019 0.029687 0.104630
1 0.217188 0.681481 0.017708 0.088889
1 0.290104 0.129630 0.013542 0.042593
1 0.498437 0.305093 0.014583 0.060185
1 0.182292 0.456944 0.016667 0.071296
1 0.402344 0.507407 0.016146 0.077778
1 0.542708 0.378241 0.015625 0.067593
1 0.490365 0.460648 0.016146 0.073148
1 0.183333 0.513426 0.018750 0.078704
1 0.293229 0.341204 0.015625 0.065741
1 0.323698 0.221296 0.016146 0.051852
1 0.756771 0.474537 0.019792 0.082407
1 0.813542 0.516204 0.016667 0.082407
1 0.698438 0.223148 0.012500 0.053704
1 0.567708 0.333796 0.015625 0.063889
