1 0.210938 0.361111 0.013542 0.074074
1 0.524479 0.380556 0.014583 0.070370
1 0.697396 0.322222 0.013542 0.066667
1 0.400521 0.425463 0.020833 0.075000
1 0.801302 0.779167 0.029687 0.097222
1 0.418750 0.560185 0.014583 0.083333
1 0.534635 0.728241 0.017188 0.091667
1 0.257812 0.805556 0.017708 0.103704
1 0.220052 0.681481 0.024479 0.090741
1 0.285677 0.130556 0.011979 0.042593
1 0.500000 0.299537 0.009375 0.060185
1 0.180729 0.455556 0.014583 0.074074
1 0.404687 0.509259 0.015625 0.079630
1 0.544010 0.375463 0.011979 0.065741
1 0.490104 0.458796 0.013542 0.073148
1 0.181250 0.513889 0.017708 0.079630
1 0.297135 0.340278 0.018229 0.065741
1 0.320312 0.219907 0.017708 0.050926
1 0.764323 0.472222 0.014063 0.081481
1 0.815365 0.515278 0.023438 0.078704
1 0.696615 0.221759 0.013021 0.052778
1 0.569271 0.331481 0.011458 0.061111
