1 0.134375 0.204167 0.014583 0.060185
1 0.341146 0.271759 0.012500 0.069444
1 0.719792 0.154630 0.014583 0.053704
1 0.462760 0.165741 0.018229 0.051852
1 0.909115 0.568056 0.021354 0.084259
1 0.561198 0.344444 0.013021 0.066667
1 0.580208 0.466667 0.016667 0.077778
1 0.274740 0.854630 0.021354 0.111111
1 0.084375 0.438426 0.017708 0.071296
1 0.177344 0.074537 0.013021 0.043519
1 0.608594 0.103241 0.010937 0.037963
1 0.119792 0.248611 0.011458 0.060185
1 0.427083 0.280093 0.016667 0.063889
1 0.532813 0.173148 0.017708 0.046296
1 0.589583 0.200463 0.014583 0.052778
1 0.122917 0.273611 0.015625 0.058333
1 0.287240 0.112500 0.020313 0.039815
1 0.293229 0.111111 0.012500 0.038889
1 0.624219 0.213889 0.011979 0.057407
1 0.885156 0.308333 0.013021 0.070370
1 0.667708 0.087037 0.008333 0.042593
1 0.681771 0.149537 0.011458 0.049074
0 0.654687 0.101389 0.004167 0.008333
