1 0.293490 0.344444 0.016146 0.075926
1 0.529687 0.348611 0.015625 0.073148
1 0.783073 0.372222 0.017188 0.075926
1 0.404687 0.356944 0.016667 0.075000
1 0.784375 0.825926 0.025000 0.105556
1 0.481510 0.584259 0.021354 0.096296
1 0.404167 0.694444 0.030208 0.088889
1 0.193490 0.757407 0.018229 0.105556
1 0.210677 0.626852 0.022396 0.088889
1 0.423177 0.051852 0.010937 0.046296
1 0.507812 0.299537 0.013542 0.065741
1 0.240885 0.507407 0.016146 0.087037
1 0.382552 0.468519 0.013021 0.079630
1 0.553125 0.404630 0.018750 0.077778
1 0.494010 0.443519 0.014063 0.075926
1 0.239323 0.443056 0.015104 0.071296
1 0.330990 0.265741 0.016146 0.066667
1 0.367708 0.200000 0.012500 0.055556
1 0.737760 0.464815 0.016146 0.085185
1 0.827604 0.553241 0.020833 0.095370
1 0.755469 0.233333 0.013021 0.061111
1 0.528646 0.383796 0.016667 0.076852
