1 0.182292 0.271759 0.015625 0.067593
1 0.356510 0.511574 0.016146 0.086111
1 0.866406 0.247685 0.010937 0.062037
1 0.264583 0.291667 0.010417 0.066667
1 0.831510 0.579630 0.017188 0.085185
1 0.522656 0.436574 0.016146 0.076852
1 0.435417 0.586111 0.014583 0.087037
1 0.486198 0.883333 0.021354 0.114815
1 0.081250 0.522222 0.016667 0.079630
1 0.248438 0.087963 0.011458 0.046296
1 0.430729 0.239815 0.012500 0.057407
1 0.467969 0.305556 0.010937 0.066667
1 0.322917 0.385185 0.014583 0.072222
1 0.577865 0.237500 0.011979 0.058333
1 0.697917 0.332407 0.013542 0.066667
1 0.118490 0.367130 0.015104 0.071296
1 0.203646 0.262500 0.011458 0.063889
1 0.483333 0.173611 0.009375 0.050926
1 0.475260 0.423148 0.020313 0.081481
1 0.934896 0.366204 0.013542 0.073148
1 0.680990 0.134259 0.009896 0.048148
1 0.505990 0.263426 0.015104 0.062037
0 0.481510 0.334722 0.006771 0.012037
