1 0.180990 0.260185 0.014063 0.068519
1 0.362240 0.499537 0.016146 0.086111
1 0.864844 0.232870 0.015104 0.060185
1 0.280469 0.281019 0.015104 0.065741
1 0.838021 0.563426 0.019792 0.082407
1 0.529167 0.424537 0.017708 0.078704
1 0.440625 0.575926 0.015625 0.085185
1 0.488542 0.887037 0.019792 0.111111
1 0.075260 0.513889 0.015104 0.083333
1 0.255208 0.075926 0.011458 0.046296
1 0.426302 0.225463 0.013021 0.056481
1 0.473698 0.293981 0.010937 0.067593
1 0.323437 0.367130 0.015625 0.073148
1 0.585156 0.225463 0.011979 0.058333
1 0.707031 0.323148 0.008854 0.068519
1 0.114062 0.350000 0.014583 0.070370
1 0.202865 0.242593 0.013021 0.062963
1 0.486719 0.160185 0.009896 0.051852
1 0.478646 0.412963 0.017708 0.083333
1 0.938542 0.357407 0.013542 0.072222
1 0.693490 0.120833 0.011979 0.049074
1 0.502083 0.246759 0.012500 0.063889
0 0.487760 0.323148 0.006771 0.012963
