1 0.133854 0.205556 0.013542 0.059259
1 0.339323 0.274537 0.011979 0.065741
1 0.718750 0.153704 0.015625 0.051852
1 0.458333 0.167593 0.011458 0.053704
1 0.907292 0.571296 0.020833 0.085185
1 0.559896 0.348611 0.012500 0.069444
1 0.583594 0.466204 0.017188 0.076852
1 0.276823 0.862963 0.022396 0.116667
1 0.083073 0.449074 0.018229 0.077778
1 0.177604 0.070833 0.011458 0.043519
1 0.603906 0.103704 0.009896 0.042593
1 0.119010 0.248611 0.014063 0.058333
1 0.428906 0.281019 0.016146 0.062037
1 0.526042 0.174074 0.011458 0.050000
1 0.590365 0.200463 0.011979 0.050926
1 0.120573 0.274537 0.018229 0.060185
1 0.280208 0.112500 0.012500 0.047222
1 0.293750 0.107870 0.012500 0.037963
1 0.627604 0.216204 0.012500 0.060185
1 0.890104 0.310185 0.013542 0.070370
1 0.669792 0.087037 0.007292 0.042593
1 0.679948 0.147222 0.009896 0.050000
0 0.658333 0.100926 0.004167 0.007407
