1 0.204427 0.350000 0.015104 0.072222
1 0.500521 0.375926 0.012500 0.068519
1 0.685677 0.312037 0.011979 0.062963
1 0.407031 0.416204 0.016146 0.071296
1 0.797135 0.756481 0.024479 0.096296
1 0.425260 0.552778 0.019271 0.079630
1 0.568750 0.718981 0.031250 0.091667
1 0.286198 0.809259 0.031771 0.101852
1 0.230729 0.687037 0.017708 0.088889
1 0.263802 0.139352 0.011979 0.045370
1 0.512240 0.292130 0.013021 0.054630
1 0.176823 0.447685 0.016146 0.075000
1 0.407813 0.505556 0.020833 0.075926
1 0.538802 0.367593 0.015104 0.064815
1 0.489323 0.449537 0.015104 0.071296
1 0.164323 0.508796 0.023438 0.078704
1 0.302344 0.338889 0.020313 0.064815
1 0.305990 0.222685 0.016146 0.050926
1 0.771875 0.460648 0.015625 0.078704
1 0.817448 0.505093 0.021354 0.078704
1 0.687240 0.218519 0.009896 0.051852
1 0.578646 0.318056 0.014583 0.060185
