1 0.283073 0.330093 0.011979 0.052778
1 0.537500 0.416204 0.013542 0.060185
1 0.879948 0.362963 0.014063 0.057407
1 0.534115 0.303241 0.016146 0.047222
1 0.722135 0.699537 0.026562 0.075000
1 0.232292 0.413889 0.018750 0.053704
1 0.588542 0.738889 0.018750 0.087037
1 0.354687 0.567593 0.012500 0.072222
1 0.364583 0.550463 0.011458 0.069444
1 0.301823 0.234722 0.011979 0.045370
1 0.779167 0.263426 0.013542 0.039815
1 0.389583 0.342593 0.010417 0.051852
1 0.462240 0.412500 0.017188 0.058333
1 0.557813 0.354630 0.014583 0.051852
1 0.631771 0.413889 0.014583 0.057407
1 0.181510 0.402778 0.011979 0.059259
1 0.336458 0.306944 0.014583 0.049074
1 0.388542 0.297685 0.011458 0.047222
1 0.751042 0.411574 0.012500 0.065741
1 0.890885 0.482870 0.018229 0.069444
1 0.809896 0.303241 0.012500 0.047222
1 0.796354 0.313426 0.010417 0.052778
0 0.422917 0.281944 0.004167 0.008333
