1 0.208854 0.219907 0.013542 0.047222
1 0.346354 0.292130 0.013542 0.060185
1 0.734375 0.200463 0.012500 0.047222
1 0.472656 0.206019 0.017188 0.049074
1 0.833073 0.582870 0.026562 0.076852
1 0.567187 0.338426 0.019792 0.060185
1 0.572917 0.507870 0.012500 0.073148
1 0.260677 0.814352 0.021354 0.102778
1 0.103906 0.404630 0.021354 0.062963
1 0.171354 0.137963 0.011458 0.042593
1 0.610156 0.142130 0.013021 0.036111
1 0.220573 0.225926 0.014063 0.046296
1 0.385417 0.301852 0.011458 0.057407
1 0.522917 0.200463 0.017708 0.043519
1 0.607292 0.238426 0.011458 0.050926
1 0.098177 0.288889 0.017188 0.057407
1 0.260156 0.163889 0.009896 0.037037
1 0.225000 0.162963 0.008333 0.044444
1 0.624479 0.246759 0.015625 0.054630
1 0.813021 0.337037 0.021875 0.064815
1 0.640885 0.144907 0.009896 0.037963
1 0.698438 0.206944 0.014583 0.047222
0 0.343151 0.196593 0.003646 0.007407
