1 0.219010 0.372685 0.013021 0.054630
1 0.596615 0.389352 0.018229 0.054630
1 0.891406 0.350926 0.015104 0.051852
1 0.508854 0.306481 0.015625 0.046296
1 0.855729 0.654167 0.021875 0.075000
1 0.214323 0.428241 0.019271 0.054630
1 0.652865 0.718519 0.020313 0.083333
1 0.288802 0.592130 0.020313 0.073148
1 0.357812 0.558796 0.016667 0.069444
1 0.244271 0.263889 0.012500 0.040741
1 0.838021 0.266667 0.016667 0.038889
1 0.295833 0.385648 0.013542 0.054630
1 0.397135 0.438426 0.015104 0.060185
1 0.560677 0.345833 0.015104 0.047222
1 0.672656 0.400000 0.019271 0.053704
1 0.049219 0.443519 0.017188 0.061111
1 0.276823 0.324537 0.009896 0.049074
1 0.329948 0.306944 0.008854 0.043519
1 0.792188 0.415278 0.019792 0.060185
1 0.909635 0.446759 0.023438 0.062037
1 0.860677 0.293519 0.011979 0.040741
1 0.745833 0.321759 0.014583 0.049074
0 0.931250 0.298611 0.004167 0.008333
