1 0.395833 0.328241 0.014583 0.050926
1 0.456510 0.416667 0.010937 0.048148
1 0.817708 0.369444 0.013542 0.055556
1 0.519792 0.339815 0.010417 0.051852
1 0.749219 0.711111 0.020313 0.077778
1 0.452344 0.455556 0.020313 0.059259
1 0.657813 0.687500 0.014583 0.082407
1 0.315104 0.639352 0.014583 0.080556
1 0.184115 0.525926 0.019271 0.055556
1 0.293229 0.258796 0.009375 0.045370
1 0.722917 0.294907 0.009375 0.041667
1 0.469271 0.323611 0.010417 0.043519
1 0.433333 0.413889 0.012500 0.055556
1 0.539062 0.356019 0.010417 0.049074
1 0.675521 0.411111 0.010417 0.051852
1 0.175260 0.394444 0.011979 0.057407
1 0.325000 0.317130 0.010417 0.050926
1 0.342708 0.304630 0.009375 0.044444
1 0.736979 0.410185 0.013542 0.059259
1 0.840885 0.493981 0.013021 0.063889
1 0.732031 0.313889 0.009896 0.042593
1 0.777865 0.346296 0.009896 0.051852
0 0.199219 0.416667 0.004687 0.009259
