1 0.163021 0.354630 0.011458 0.046296
1 0.429427 0.425926 0.011979 0.050000
1 0.542708 0.337963 0.010417 0.042593
1 0.433333 0.368056 0.009375 0.043519
1 0.808333 0.672222 0.021875 0.066667
1 0.257031 0.499074 0.011979 0.055556
1 0.669010 0.641667 0.016146 0.066667
1 0.248698 0.715278 0.015104 0.078704
1 0.204687 0.607407 0.013542 0.064815
1 0.156771 0.284722 0.010417 0.034259
1 0.533594 0.306944 0.006771 0.034259
1 0.126562 0.441667 0.010417 0.051852
1 0.923698 0.351852 0.008854 0.042593
1 0.448958 0.422685 0.011458 0.047222
1 0.455208 0.376389 0.010417 0.045370
1 0.487240 0.383333 0.009896 0.044444
1 0.076302 0.506944 0.013021 0.056481
1 0.302604 0.379167 0.009375 0.049074
1 0.182031 0.316204 0.007812 0.037963
1 0.655208 0.427778 0.014583 0.053704
1 0.694531 0.448148 0.011979 0.053704
1 0.536719 0.280093 0.006771 0.034259
1 0.509896 0.342130 0.007292 0.041667
0 0.921523 0.344324 0.003661 0.006870
