1 0.174740 0.246759 0.011979 0.067593
1 0.371094 0.485648 0.016146 0.086111
1 0.861458 0.213889 0.011458 0.061111
1 0.309635 0.265278 0.014063 0.065741
1 0.862760 0.556481 0.018229 0.083333
1 0.540625 0.411574 0.019792 0.076852
1 0.448958 0.562037 0.015625 0.085185
1 0.490365 0.908333 0.029687 0.122222
1 0.073438 0.500463 0.019792 0.080556
1 0.264583 0.061111 0.011458 0.046296
1 0.425000 0.203704 0.009375 0.055556
1 0.483333 0.280556 0.011458 0.066667
1 0.332813 0.342593 0.011458 0.068519
1 0.594531 0.212500 0.011979 0.058333
1 0.719792 0.311111 0.014583 0.066667
1 0.113021 0.328241 0.013542 0.071296
1 0.203125 0.215741 0.014583 0.061111
1 0.495833 0.142593 0.009375 0.050000
1 0.487500 0.399074 0.017708 0.083333
1 0.934635 0.354630 0.014063 0.075926
1 0.716667 0.106019 0.009375 0.047222
1 0.494792 0.218056 0.009375 0.060185
0 0.496875 0.309259 0.007292 0.012963
