1 0.144531 0.376389 0.008854 0.043519
1 0.409375 0.437037 0.010417 0.050000
1 0.518229 0.351852 0.008333 0.040741
1 0.415625 0.378241 0.009375 0.043519
1 0.789062 0.677315 0.012500 0.065741
1 0.228125 0.509259 0.011458 0.053704
1 0.642448 0.641667 0.008854 0.064815
1 0.222656 0.706481 0.015104 0.072222
1 0.182812 0.612037 0.013542 0.062963
1 0.137240 0.306019 0.010937 0.039815
1 0.511979 0.321759 0.010417 0.034259
1 0.113021 0.456481 0.012500 0.050000
1 0.870052 0.358333 0.009896 0.040741
1 0.425781 0.434259 0.008854 0.048148
1 0.434375 0.388889 0.010417 0.042593
1 0.468490 0.392130 0.009896 0.041667
1 0.047396 0.522222 0.016667 0.057407
1 0.279167 0.393519 0.010417 0.046296
1 0.159635 0.336574 0.008854 0.036111
1 0.629687 0.433796 0.009375 0.050926
1 0.666927 0.452315 0.009896 0.050926
1 0.508854 0.295370 0.008333 0.031481
1 0.488281 0.356944 0.010937 0.039815
0 0.871602 0.353778 0.003661 0.006870
