1 0.208073 0.320370 0.016146 0.064815
1 0.482292 0.375463 0.013542 0.065741
1 0.660677 0.295370 0.013021 0.059259
1 0.428385 0.389352 0.014063 0.069444
1 0.822656 0.733333 0.015104 0.088889
1 0.420052 0.519907 0.016146 0.076852
1 0.633594 0.687500 0.031771 0.084259
1 0.334375 0.804630 0.019792 0.107407
1 0.255990 0.678704 0.014063 0.087037
1 0.238281 0.154630 0.010937 0.044444
1 0.548177 0.268981 0.010937 0.052778
1 0.172656 0.425926 0.016146 0.072222
1 0.434375 0.475463 0.014583 0.071296
1 0.532292 0.346759 0.014583 0.062037
1 0.511458 0.414815 0.012500 0.064815
1 0.149479 0.507407 0.015625 0.077778
1 0.321615 0.331944 0.013021 0.065741
1 0.286198 0.224537 0.014063 0.049074
1 0.765885 0.427315 0.016146 0.071296
1 0.820833 0.475463 0.016667 0.076852
1 0.667708 0.212500 0.011458 0.049074
1 0.596875 0.294444 0.013542 0.051852
