1 0.220833 0.370370 0.020833 0.075926
1 0.532552 0.380556 0.014063 0.070370
1 0.705469 0.331019 0.014063 0.065741
1 0.394792 0.434722 0.018750 0.075000
1 0.799479 0.797222 0.029167 0.100000
1 0.417448 0.563889 0.014063 0.085185
1 0.504687 0.734259 0.026042 0.090741
1 0.237240 0.808796 0.020313 0.100926
1 0.207552 0.680093 0.025521 0.087963
1 0.306510 0.122685 0.011979 0.043519
1 0.499740 0.304630 0.011979 0.059259
1 0.185417 0.459722 0.014583 0.063889
1 0.402604 0.506481 0.013542 0.075926
1 0.545573 0.379630 0.011979 0.066667
1 0.485677 0.464815 0.016146 0.074074
1 0.190365 0.515741 0.014063 0.077778
1 0.290885 0.341204 0.014063 0.067593
1 0.330990 0.219444 0.011979 0.051852
1 0.745573 0.476852 0.017188 0.081481
1 0.806510 0.520833 0.022396 0.080556
1 0.703385 0.225463 0.014063 0.052778
1 0.559635 0.343519 0.015104 0.062963
