1 0.254948 0.373611 0.021354 0.073148
1 0.535417 0.363889 0.014583 0.070370
1 0.776823 0.474537 0.028646 0.058333
1 0.449479 0.462500 0.021875 0.078704
1 0.805990 0.731019 0.025521 0.095370
1 0.568229 0.590278 0.023958 0.084259
1 0.376823 0.668981 0.021354 0.084259
1 0.326042 0.602778 0.013542 0.088889
1 0.212500 0.592130 0.021875 0.082407
1 0.416667 0.095370 0.010417 0.042593
1 0.567187 0.366204 0.013542 0.065741
1 0.429167 0.493056 0.019792 0.078704
1 0.495312 0.504167 0.023958 0.073148
1 0.560260 0.496759 0.022708 0.069444
1 0.557813 0.509722 0.022917 0.089815
1 0.227344 0.494907 0.014063 0.082407
1 0.323958 0.283333 0.020833 0.062963
1 0.395052 0.247685 0.009896 0.054630
1 0.739844 0.523148 0.024479 0.083333
1 0.752083 0.530556 0.015625 0.081481
1 0.773698 0.341204 0.017188 0.060185
1 0.640885 0.485648 0.024479 0.078704
0 0.690365 0.419444 0.005729 0.011111
