1 0.274479 0.348611 0.014583 0.076852
1 0.557292 0.342130 0.014583 0.071296
1 0.862760 0.408333 0.021354 0.075926
1 0.392969 0.398148 0.021354 0.075926
1 0.790885 0.773611 0.025521 0.100926
1 0.554427 0.593519 0.019271 0.090741
1 0.368229 0.650000 0.021875 0.094444
1 0.247396 0.649074 0.019792 0.101852
1 0.159896 0.593056 0.015625 0.089815
1 0.441667 0.063426 0.013542 0.043519
1 0.522396 0.319444 0.015625 0.066667
1 0.421354 0.483333 0.016667 0.077778
1 0.531005 0.460185 0.025385 0.058704
1 0.638802 0.416204 0.019271 0.076852
1 0.525047 0.490296 0.025635 0.081444
1 0.238802 0.454630 0.013021 0.075926
1 0.327083 0.263889 0.014583 0.066667
1 0.385417 0.224537 0.012500 0.056481
1 0.842708 0.501852 0.020833 0.083333
1 0.897135 0.541667 0.021354 0.090741
1 0.796615 0.285648 0.016146 0.065741
1 0.617969 0.418519 0.019271 0.072222
0 0.530729 0.374537 0.005208 0.010185
