1 0.179948 0.305556 0.011979 0.046296
1 0.444531 0.390741 0.008854 0.057407
1 0.580469 0.296296 0.010937 0.050000
1 0.436719 0.344907 0.009896 0.052778
1 0.830729 0.672685 0.020833 0.073148
1 0.319531 0.479630 0.013021 0.064815
1 0.679948 0.636574 0.014063 0.075000
1 0.290365 0.750000 0.019271 0.087037
1 0.230208 0.620833 0.016667 0.078704
1 0.172917 0.213889 0.010417 0.042593
1 0.547135 0.260648 0.010937 0.041667
1 0.129948 0.411574 0.011979 0.060185
1 0.469271 0.409259 0.015625 0.057407
1 0.489583 0.343519 0.010417 0.051852
1 0.505208 0.365278 0.010417 0.052778
1 0.111979 0.491667 0.025000 0.068519
1 0.312500 0.339815 0.009375 0.053704
1 0.211458 0.258333 0.009375 0.040741
1 0.705990 0.407407 0.014063 0.062963
1 0.742448 0.430556 0.016146 0.061111
1 0.584375 0.230093 0.008333 0.041667
1 0.539062 0.299074 0.009375 0.048148
