1 0.225260 0.311574 0.015104 0.056481
1 0.549219 0.361111 0.014063 0.055556
1 0.875260 0.309259 0.018229 0.051852
1 0.502083 0.257870 0.015625 0.047222
1 0.780729 0.636111 0.022917 0.074074
1 0.196094 0.366667 0.019271 0.053704
1 0.603646 0.721296 0.020833 0.087037
1 0.316927 0.533333 0.020313 0.072222
1 0.378385 0.516204 0.022396 0.069444
1 0.261458 0.206019 0.009375 0.039815
1 0.791146 0.221759 0.016667 0.036111
1 0.324219 0.325000 0.014063 0.053704
1 0.426823 0.381944 0.014063 0.060185
1 0.540625 0.309722 0.014583 0.047222
1 0.636979 0.362963 0.016667 0.051852
1 0.100000 0.375000 0.010417 0.057407
1 0.297917 0.272222 0.010417 0.050000
1 0.354687 0.258796 0.012500 0.045370
1 0.738802 0.373611 0.023438 0.058333
1 0.885156 0.413426 0.023438 0.063889
1 0.811198 0.256019 0.020313 0.039815
1 0.758854 0.268056 0.016667 0.049074
0 0.744888 0.106963 0.003995 0.007352
