1 0.182812 0.221759 0.011458 0.065741
1 0.374479 0.448148 0.022917 0.087037
1 0.876823 0.190278 0.013021 0.063889
1 0.338802 0.244444 0.019271 0.061111
1 0.897917 0.551852 0.021875 0.085185
1 0.506250 0.391204 0.017708 0.076852
1 0.481250 0.546759 0.027083 0.076852
1 0.484896 0.943056 0.020833 0.112037
1 0.072396 0.482407 0.014583 0.083333
1 0.269271 0.038426 0.010417 0.045370
1 0.443229 0.173611 0.011458 0.054630
1 0.487760 0.263426 0.019271 0.058333
1 0.365104 0.320833 0.021875 0.065741
1 0.596094 0.193519 0.011979 0.057407
1 0.758854 0.291667 0.017708 0.066667
1 0.130469 0.306944 0.015104 0.069444
1 0.233594 0.169444 0.016146 0.059259
1 0.501302 0.121759 0.016146 0.047222
1 0.528125 0.365278 0.019792 0.069444
1 0.937240 0.343056 0.014063 0.076852
1 0.752344 0.093056 0.011979 0.050926
1 0.545312 0.194907 0.016667 0.049074
0 0.658333 0.306019 0.005208 0.010185
