1 0.216927 0.366204 0.016146 0.056481
1 0.591146 0.387037 0.017708 0.055556
1 0.889844 0.345370 0.017188 0.053704
1 0.509115 0.300926 0.013021 0.048148
1 0.847135 0.653241 0.027604 0.071296
1 0.212760 0.420370 0.016146 0.055556
1 0.645833 0.719444 0.025000 0.079630
1 0.293229 0.586111 0.013542 0.074074
1 0.365885 0.555093 0.020313 0.069444
1 0.245833 0.256944 0.010417 0.041667
1 0.835938 0.262037 0.009375 0.038889
1 0.299219 0.380556 0.013021 0.053704
1 0.400521 0.433333 0.010417 0.059259
1 0.557552 0.343519 0.014063 0.046296
1 0.671615 0.397222 0.013021 0.053704
1 0.055469 0.435648 0.015104 0.060185
1 0.278385 0.317593 0.015104 0.050000
1 0.333333 0.301852 0.011458 0.046296
1 0.785417 0.412037 0.019792 0.059259
1 0.909635 0.445833 0.019271 0.060185
1 0.855729 0.290278 0.015625 0.041667
1 0.747917 0.318519 0.015625 0.048148
0 0.917708 0.264815 0.004167 0.007407
