1 0.236979 0.308796 0.011458 0.052778
1 0.534115 0.370370 0.020313 0.057407
1 0.867708 0.316667 0.019792 0.051852
1 0.508333 0.262037 0.013542 0.044444
1 0.749219 0.648148 0.026562 0.079630
1 0.198958 0.371759 0.014583 0.050926
1 0.577865 0.727778 0.030729 0.085185
1 0.327865 0.532870 0.019271 0.073148
1 0.372396 0.518056 0.018750 0.071296
1 0.269792 0.205093 0.013542 0.041667
1 0.777083 0.224537 0.014583 0.032407
1 0.340625 0.319444 0.011458 0.053704
1 0.434375 0.381481 0.009375 0.059259
1 0.540104 0.312963 0.015625 0.050000
1 0.624219 0.368519 0.020313 0.051852
1 0.125260 0.370833 0.014063 0.060185
1 0.307031 0.272685 0.015104 0.050926
1 0.365625 0.262037 0.008333 0.044444
1 0.734635 0.377778 0.015104 0.059259
1 0.881250 0.427315 0.018750 0.065741
1 0.800260 0.259722 0.017188 0.041667
1 0.769531 0.272222 0.011979 0.048148
0 0.634651 0.129333 0.004125 0.007315
