1 0.178385 0.330093 0.009896 0.047222
1 0.444792 0.409259 0.011458 0.055556
1 0.564844 0.318519 0.011979 0.044444
1 0.448177 0.350926 0.009896 0.046296
1 0.832031 0.667130 0.021354 0.067593
1 0.284896 0.483333 0.012500 0.057407
1 0.690365 0.631019 0.018229 0.067593
1 0.275260 0.720833 0.016146 0.084259
1 0.222917 0.602778 0.014583 0.068519
1 0.173177 0.258333 0.007812 0.031481
1 0.552344 0.283796 0.009896 0.037963
1 0.138802 0.422685 0.011979 0.052778
1 0.978646 0.338426 0.010417 0.045370
1 0.469531 0.409259 0.010937 0.051852
1 0.477604 0.358333 0.009375 0.048148
1 0.503646 0.368981 0.008333 0.045370
1 0.100000 0.491204 0.014583 0.062037
1 0.320052 0.359722 0.009896 0.050926
1 0.203385 0.289352 0.007812 0.037963
1 0.683594 0.414352 0.009896 0.056481
1 0.722656 0.438426 0.014063 0.056481
1 0.562500 0.258333 0.007292 0.037037
1 0.529948 0.322685 0.009896 0.045370
0 0.978815 0.332046 0.003661 0.006870
