1 0.146615 0.381481 0.008854 0.044444
1 0.410156 0.438889 0.010937 0.051852
1 0.520573 0.354167 0.009896 0.039815
1 0.420573 0.379630 0.010937 0.042593
1 0.795052 0.680093 0.023438 0.062037
1 0.226042 0.506481 0.011458 0.051852
1 0.638281 0.638426 0.010937 0.067593
1 0.219531 0.695833 0.014063 0.071296
1 0.184635 0.606019 0.013021 0.062037
1 0.140104 0.311111 0.009375 0.037037
1 0.513021 0.323611 0.006250 0.034259
1 0.118490 0.456481 0.009896 0.050000
1 0.861979 0.358333 0.008333 0.038889
1 0.426563 0.433796 0.007292 0.049074
1 0.435417 0.389815 0.009375 0.042593
1 0.471094 0.394444 0.008854 0.038889
1 0.045833 0.519444 0.013542 0.055556
1 0.278646 0.394907 0.008333 0.045370
1 0.162240 0.339352 0.007812 0.036111
1 0.629687 0.434722 0.009375 0.050926
1 0.665625 0.452778 0.012500 0.048148
1 0.509635 0.299537 0.006771 0.032407
1 0.490365 0.358333 0.007812 0.038889
0 0.861109 0.352944 0.003646 0.006870
