1 0.141667 0.206019 0.019792 0.049074
1 0.335156 0.268519 0.019271 0.059259
1 0.722656 0.172222 0.015104 0.046296
1 0.470313 0.178241 0.016667 0.047222
1 0.843490 0.560185 0.018229 0.074074
1 0.565885 0.321296 0.018229 0.055556
1 0.557031 0.481019 0.014063 0.073148
1 0.255469 0.824537 0.024479 0.112037
1 0.089063 0.395833 0.019792 0.067593
1 0.149740 0.111574 0.010937 0.039815
1 0.601823 0.113426 0.013021 0.032407
1 0.151562 0.219907 0.015625 0.047222
1 0.383333 0.281481 0.015625 0.059259
1 0.520052 0.175000 0.009896 0.042593
1 0.593490 0.208796 0.010937 0.047222
1 0.090104 0.270370 0.018750 0.059259
1 0.262760 0.133796 0.009896 0.034259
1 0.217969 0.131944 0.011979 0.036111
1 0.606771 0.217130 0.015625 0.054630
1 0.811198 0.308333 0.013021 0.059259
1 0.634115 0.114352 0.009896 0.034259
1 0.681510 0.175000 0.016146 0.046296
0 0.412760 0.143981 0.004687 0.008333
