1 0.237760 0.339352 0.022396 0.060185
1 0.489323 0.372685 0.018229 0.062037
1 0.752083 0.372222 0.015625 0.072222
1 0.450260 0.356481 0.019271 0.061111
1 0.769531 0.643519 0.026562 0.083333
1 0.554948 0.559722 0.021354 0.075000
1 0.572135 0.766204 0.025521 0.095370
1 0.308073 0.661574 0.019271 0.095370
1 0.211198 0.616667 0.023438 0.083333
1 0.340885 0.137963 0.015104 0.040741
1 0.634635 0.320833 0.013021 0.056481
1 0.319010 0.444444 0.025521 0.064815
1 0.368229 0.466667 0.020833 0.072222
1 0.570833 0.368056 0.015625 0.056481
1 0.561198 0.455093 0.013021 0.069444
1 0.148177 0.457407 0.024479 0.074074
1 0.278125 0.279630 0.012500 0.050000
1 0.332813 0.263426 0.015625 0.045370
1 0.664583 0.486574 0.018750 0.082407
1 0.738281 0.500926 0.018229 0.085185
1 0.745313 0.328704 0.013542 0.053704
1 0.744531 0.344444 0.011979 0.042593
0 0.365219 0.110310 0.005146 0.009231
