1 0.181250 0.299537 0.010417 0.049074
1 0.448177 0.383333 0.011979 0.061111
1 0.591927 0.287500 0.014063 0.050926
1 0.435937 0.344444 0.010417 0.053704
1 0.829948 0.672685 0.014063 0.078704
1 0.340885 0.477778 0.015104 0.064815
1 0.675260 0.638426 0.020313 0.076852
1 0.303125 0.757407 0.017708 0.092593
1 0.238021 0.629167 0.015625 0.080556
1 0.180208 0.197685 0.013542 0.041667
1 0.547135 0.251389 0.009896 0.037963
1 0.131510 0.405556 0.013021 0.061111
1 0.467708 0.411574 0.014583 0.060185
1 0.495833 0.337037 0.013542 0.051852
1 0.509375 0.364815 0.010417 0.051852
1 0.121094 0.489815 0.023438 0.070370
1 0.312240 0.331481 0.015104 0.055556
1 0.220312 0.246296 0.009375 0.044444
1 0.716927 0.402778 0.013021 0.064815
1 0.754948 0.431481 0.014063 0.064815
1 0.597656 0.218981 0.007812 0.043519
1 0.547135 0.289352 0.013021 0.049074
