1 0.237760 0.366667 0.015104 0.075926
1 0.542448 0.375000 0.014063 0.072222
1 0.721354 0.330093 0.013542 0.067593
1 0.387240 0.425000 0.018229 0.075926
1 0.802604 0.806944 0.020833 0.102778
1 0.444531 0.546759 0.023438 0.086111
1 0.476302 0.731481 0.022396 0.094444
1 0.221875 0.802778 0.018750 0.105556
1 0.198177 0.662963 0.013021 0.087037
1 0.339583 0.100926 0.012500 0.044444
1 0.499740 0.294444 0.013021 0.059259
1 0.195573 0.467130 0.016146 0.080556
1 0.397917 0.494444 0.018750 0.075926
1 0.554167 0.380093 0.015625 0.069444
1 0.485677 0.458796 0.018229 0.075000
1 0.208073 0.492130 0.021354 0.080556
1 0.286198 0.330556 0.020313 0.068519
1 0.342969 0.206019 0.010937 0.050926
1 0.737500 0.468056 0.026042 0.080556
1 0.800000 0.514352 0.022917 0.086111
1 0.713542 0.218056 0.012500 0.054630
1 0.540104 0.344907 0.014583 0.067593
