1 0.224219 0.370833 0.020313 0.075000
1 0.534375 0.379630 0.014583 0.072222
1 0.708333 0.332407 0.013542 0.066667
1 0.392969 0.432870 0.015104 0.075000
1 0.802344 0.798148 0.031771 0.098148
1 0.420312 0.562037 0.016667 0.087037
1 0.504948 0.731944 0.024479 0.089815
1 0.240104 0.810648 0.031250 0.104630
1 0.208073 0.678241 0.022396 0.087963
1 0.311458 0.120833 0.010417 0.043519
1 0.502083 0.305556 0.016667 0.059259
1 0.187500 0.466667 0.015625 0.077778
1 0.402604 0.504167 0.013542 0.075000
1 0.548698 0.380556 0.014063 0.066667
1 0.486719 0.465278 0.017188 0.075000
1 0.191927 0.512963 0.018229 0.077778
1 0.289844 0.339815 0.011979 0.068519
1 0.334635 0.218981 0.014063 0.050926
1 0.744271 0.475926 0.019792 0.083333
1 0.807552 0.518519 0.014063 0.081481
1 0.706250 0.225000 0.013542 0.053704
1 0.557552 0.342130 0.013021 0.065741
