1 0.173698 0.241204 0.010937 0.069444
1 0.373177 0.481019 0.017188 0.086111
1 0.860677 0.208333 0.010937 0.061111
1 0.313021 0.261111 0.011458 0.064815
1 0.867188 0.553704 0.021875 0.085185
1 0.539323 0.407870 0.019271 0.076852
1 0.451042 0.557407 0.015625 0.085185
1 0.496615 0.906944 0.019271 0.117593
1 0.071875 0.495370 0.017708 0.081481
1 0.266146 0.056481 0.012500 0.048148
1 0.426823 0.198611 0.010937 0.058333
1 0.485156 0.276389 0.010937 0.067593
1 0.334375 0.337963 0.011458 0.068519
1 0.596875 0.208796 0.012500 0.058333
1 0.727083 0.306481 0.010417 0.066667
1 0.114062 0.323611 0.016667 0.073148
1 0.200260 0.209259 0.011979 0.061111
1 0.497917 0.138426 0.009375 0.050926
1 0.490104 0.395370 0.017708 0.083333
1 0.930469 0.351852 0.020313 0.074074
1 0.721875 0.101389 0.009375 0.049074
1 0.493229 0.212037 0.012500 0.059259
0 0.498958 0.305093 0.007292 0.012037
