1 0.129167 0.212500 0.010417 0.063889
1 0.332031 0.290741 0.015104 0.068519
1 0.714063 0.150463 0.015625 0.050926
1 0.420312 0.176852 0.013542 0.055556
1 0.907552 0.569444 0.023438 0.085185
1 0.541146 0.362037 0.015625 0.072222
1 0.599219 0.476389 0.023438 0.082407
1 0.295573 0.885185 0.021354 0.112963
1 0.070573 0.485648 0.020313 0.082407
1 0.190885 0.057870 0.014063 0.041667
1 0.566146 0.115741 0.009375 0.046296
1 0.133594 0.260648 0.011979 0.062037
1 0.429688 0.294907 0.014583 0.063889
1 0.491927 0.181019 0.013021 0.050926
1 0.608333 0.215278 0.012500 0.054630
1 0.121875 0.282870 0.014583 0.063889
1 0.248958 0.118981 0.011458 0.047222
1 0.275781 0.104630 0.011979 0.042593
1 0.639844 0.234722 0.011979 0.062037
1 0.917188 0.328241 0.013542 0.071296
1 0.677083 0.079630 0.011458 0.042593
1 0.670833 0.152315 0.010417 0.050926
0 0.692448 0.123611 0.004687 0.008333
