1 0.243490 0.277778 0.023438 0.057407
1 0.473698 0.332407 0.018229 0.066667
1 0.815365 0.321296 0.016146 0.062963
1 0.451562 0.282870 0.017708 0.058333
1 0.769010 0.615741 0.017188 0.077778
1 0.549219 0.465278 0.017188 0.071296
1 0.676562 0.782407 0.016667 0.100000
1 0.340885 0.565278 0.021354 0.086111
1 0.233854 0.544444 0.026042 0.081481
1 0.374219 0.107407 0.014063 0.038889
1 0.659896 0.261111 0.015625 0.055556
1 0.269531 0.352778 0.017188 0.057407
1 0.411458 0.402778 0.017708 0.066667
1 0.560156 0.298148 0.016146 0.061111
1 0.614583 0.390278 0.012500 0.067593
1 0.175260 0.373148 0.021354 0.057407
1 0.354948 0.244907 0.023438 0.050926
1 0.377083 0.222685 0.011458 0.054630
1 0.758854 0.434259 0.017708 0.081481
1 0.810677 0.437500 0.017188 0.078704
1 0.749479 0.275926 0.011458 0.057407
1 0.757552 0.290278 0.014063 0.056481
0 0.214062 0.126389 0.005208 0.010185
