1 0.296354 0.351389 0.018750 0.078704
1 0.539583 0.356481 0.015625 0.070370
1 0.782292 0.371296 0.017708 0.074074
1 0.406510 0.364352 0.011979 0.071296
1 0.792708 0.825926 0.029167 0.105556
1 0.478646 0.577778 0.016667 0.092593
1 0.420052 0.693519 0.014063 0.094444
1 0.192969 0.768519 0.013021 0.103704
1 0.216146 0.631944 0.019792 0.087963
1 0.419271 0.060185 0.010417 0.042593
1 0.514062 0.301389 0.013542 0.063889
1 0.241927 0.498611 0.014063 0.080556
1 0.385417 0.469907 0.012500 0.082407
1 0.554427 0.406481 0.018229 0.075926
1 0.497656 0.445833 0.015104 0.075000
1 0.246615 0.453704 0.015104 0.077778
1 0.331250 0.275000 0.015625 0.068519
1 0.369531 0.203704 0.013021 0.055556
1 0.739844 0.466204 0.014063 0.086111
1 0.827083 0.552778 0.020833 0.090741
1 0.756250 0.234259 0.012500 0.061111
1 0.528125 0.378704 0.015625 0.074074
