1 0.182031 0.302315 0.010937 0.056481
1 0.448698 0.382407 0.014063 0.061111
1 0.604688 0.286574 0.009375 0.052778
1 0.432552 0.353241 0.011979 0.058333
1 0.826562 0.681944 0.025000 0.076852
1 0.359896 0.485648 0.013542 0.067593
1 0.667188 0.646759 0.019792 0.078704
1 0.305208 0.770833 0.020833 0.095370
1 0.242448 0.643519 0.016146 0.079630
1 0.187500 0.187037 0.011458 0.044444
1 0.545312 0.253704 0.011458 0.044444
1 0.135417 0.409722 0.012500 0.063889
1 0.458333 0.423148 0.013542 0.061111
1 0.501563 0.338426 0.010417 0.054630
1 0.508854 0.373148 0.010417 0.053704
1 0.128385 0.499074 0.017188 0.075926
1 0.312240 0.330093 0.016146 0.056481
1 0.229948 0.239352 0.011979 0.045370
1 0.723958 0.406944 0.013542 0.067593
1 0.766146 0.436574 0.012500 0.065741
1 0.608854 0.214815 0.010417 0.042593
1 0.556250 0.289815 0.013542 0.051852
