1 0.206510 0.342593 0.014063 0.066667
1 0.496615 0.375000 0.010937 0.068519
1 0.684375 0.308796 0.011458 0.062037
1 0.415885 0.412037 0.011979 0.072222
1 0.798438 0.746296 0.026042 0.092593
1 0.427344 0.547222 0.016146 0.077778
1 0.585417 0.711574 0.030208 0.087963
1 0.304688 0.808796 0.029167 0.102778
1 0.240365 0.687500 0.018229 0.087963
1 0.261198 0.142593 0.011979 0.044444
1 0.524219 0.287037 0.011979 0.053704
1 0.182031 0.441667 0.017188 0.074074
1 0.417708 0.500926 0.021875 0.077778
1 0.538542 0.363889 0.016667 0.064815
1 0.497396 0.445833 0.017708 0.071296
1 0.163021 0.509722 0.025000 0.078704
1 0.311719 0.338426 0.018229 0.063889
1 0.305469 0.222685 0.013021 0.050926
1 0.772396 0.452315 0.015625 0.073148
1 0.824219 0.501852 0.019271 0.079630
1 0.688281 0.217593 0.008854 0.051852
1 0.586979 0.310648 0.013542 0.060185
