1 0.204687 0.348148 0.012500 0.066667
1 0.498437 0.375463 0.012500 0.067593
1 0.685677 0.312037 0.014063 0.062963
1 0.411979 0.415741 0.015625 0.072222
1 0.798698 0.748611 0.022396 0.091667
1 0.424479 0.550926 0.019792 0.077778
1 0.575000 0.714815 0.015625 0.092593
1 0.290885 0.807407 0.022396 0.101852
1 0.237760 0.687037 0.020313 0.088889
1 0.262760 0.140278 0.010937 0.043519
1 0.517448 0.290741 0.011979 0.055556
1 0.178385 0.445370 0.016146 0.075926
1 0.411719 0.502778 0.015104 0.074074
1 0.539062 0.364815 0.013542 0.064815
1 0.492448 0.449074 0.019271 0.072222
1 0.163281 0.509259 0.025521 0.079630
1 0.306510 0.338889 0.010937 0.064815
1 0.305729 0.222685 0.012500 0.050926
1 0.772396 0.459722 0.016667 0.078704
1 0.823177 0.503704 0.014063 0.079630
1 0.687500 0.218981 0.012500 0.050926
1 0.582292 0.314815 0.012500 0.059259
