1 0.367448 0.244907 0.017188 0.043519
1 0.404167 0.331944 0.021875 0.054630
1 0.769010 0.256481 0.015104 0.051852
1 0.477865 0.245833 0.014063 0.049074
1 0.813542 0.626852 0.028125 0.075926
1 0.564323 0.360648 0.018229 0.050926
1 0.613542 0.560185 0.021875 0.072222
1 0.267448 0.746759 0.020313 0.089815
1 0.144531 0.419444 0.021354 0.061111
1 0.240625 0.186111 0.016667 0.038889
1 0.632292 0.200000 0.014583 0.042593
1 0.392188 0.245370 0.014583 0.046296
1 0.416667 0.330093 0.011458 0.056481
1 0.516927 0.247222 0.017188 0.048148
1 0.645312 0.292130 0.014583 0.050926
1 0.135156 0.293056 0.017188 0.050926
1 0.262240 0.224815 0.014063 0.044815
1 0.263307 0.213380 0.010781 0.036204
1 0.670312 0.302778 0.015625 0.057407
1 0.830990 0.389815 0.014063 0.062963
1 0.649740 0.204167 0.009896 0.041667
1 0.736719 0.259722 0.014063 0.052778
0 0.267810 0.202782 0.004380 0.008713
