1 0.395573 0.329630 0.017188 0.053704
1 0.460677 0.420833 0.011979 0.052778
1 0.820573 0.371296 0.013021 0.053704
1 0.522917 0.340741 0.010417 0.050000
1 0.747917 0.712963 0.019792 0.079630
1 0.446094 0.457870 0.015104 0.056481
1 0.657292 0.689352 0.016667 0.084259
1 0.318490 0.634722 0.014063 0.084259
1 0.189062 0.528241 0.020833 0.050926
1 0.296094 0.258333 0.008854 0.044444
1 0.728385 0.294444 0.010937 0.042593
1 0.470052 0.326389 0.010937 0.045370
1 0.435677 0.414815 0.010937 0.055556
1 0.542448 0.357407 0.009896 0.051852
1 0.675521 0.412500 0.012500 0.054630
1 0.176302 0.395833 0.015104 0.056481
1 0.327865 0.317130 0.010937 0.050926
1 0.347135 0.306019 0.009896 0.045370
1 0.739844 0.412500 0.014063 0.060185
1 0.843229 0.495833 0.013542 0.067593
1 0.736979 0.314815 0.011458 0.042593
1 0.778385 0.347222 0.011979 0.051852
0 0.194271 0.419444 0.005208 0.009259
