1 0.165885 0.443981 0.014063 0.052778
1 0.527865 0.442130 0.017188 0.049074
1 0.694792 0.382407 0.010417 0.044444
1 0.454688 0.387500 0.008333 0.043519
1 0.841406 0.697222 0.021354 0.068519
1 0.202604 0.514815 0.014583 0.053704
1 0.607292 0.676852 0.023958 0.064815
1 0.210417 0.673148 0.013542 0.070370
1 0.231510 0.591667 0.015104 0.062963
1 0.169010 0.344444 0.009896 0.038889
1 0.672656 0.336574 0.007812 0.036111
1 0.187760 0.462963 0.011979 0.051852
1 0.995313 0.428241 0.006250 0.049074
1 0.358594 0.492130 0.011979 0.052778
1 0.490104 0.399537 0.010417 0.043519
1 0.582812 0.418056 0.011458 0.045370
1 0.222135 0.399537 0.008854 0.045370
1 0.208073 0.372222 0.008854 0.037037
1 0.758854 0.450926 0.012500 0.051852
1 0.835417 0.472222 0.010417 0.051852
1 0.683073 0.320370 0.007812 0.031481
1 0.622396 0.382407 0.013542 0.042593
