1 0.225521 0.368519 0.014583 0.074074
1 0.536458 0.379167 0.016667 0.071296
1 0.710417 0.331481 0.014583 0.066667
1 0.394531 0.436111 0.018229 0.077778
1 0.804167 0.798148 0.026042 0.096296
1 0.424219 0.559722 0.018229 0.086111
1 0.499219 0.730556 0.016146 0.090741
1 0.238021 0.807870 0.019792 0.104630
1 0.206510 0.675000 0.020313 0.087037
1 0.316927 0.118519 0.009896 0.042593
1 0.504427 0.304630 0.014063 0.059259
1 0.189844 0.467130 0.016146 0.076852
1 0.402604 0.502778 0.019792 0.074074
1 0.552083 0.381944 0.014583 0.065741
1 0.486979 0.463889 0.011458 0.074074
1 0.195052 0.512037 0.020313 0.074074
1 0.289844 0.339352 0.019271 0.067593
1 0.336979 0.217130 0.011458 0.050926
1 0.744792 0.476389 0.026042 0.080556
1 0.804948 0.519907 0.018229 0.084259
1 0.709115 0.223611 0.009896 0.054630
1 0.557031 0.341204 0.014063 0.060185
