1 0.294271 0.347222 0.013542 0.077778
1 0.533333 0.350000 0.011458 0.070370
1 0.784375 0.373611 0.017708 0.076852
1 0.406510 0.359722 0.014063 0.073148
1 0.786458 0.825463 0.028125 0.104630
1 0.480990 0.578704 0.021354 0.092593
1 0.412240 0.691204 0.018229 0.093519
1 0.193750 0.762500 0.018750 0.104630
1 0.211979 0.626852 0.016667 0.088889
1 0.422135 0.052778 0.010937 0.048148
1 0.512240 0.299537 0.018229 0.063889
1 0.243750 0.497222 0.017708 0.081481
1 0.384375 0.469907 0.015625 0.082407
1 0.553385 0.404167 0.017188 0.075000
1 0.495052 0.443981 0.011979 0.078704
1 0.245312 0.449074 0.019792 0.075926
1 0.331250 0.267593 0.014583 0.066667
1 0.369531 0.200926 0.014063 0.055556
1 0.738021 0.465741 0.018750 0.087037
1 0.826302 0.554167 0.022396 0.095370
1 0.757292 0.233796 0.013542 0.060185
1 0.528906 0.379630 0.015104 0.072222
