1 0.397396 0.321296 0.013542 0.050000
1 0.440104 0.412500 0.012500 0.054630
1 0.799219 0.359259 0.014063 0.051852
1 0.507812 0.334259 0.012500 0.051852
1 0.755990 0.705556 0.014063 0.077778
1 0.471615 0.443981 0.018229 0.056481
1 0.656250 0.676389 0.021875 0.078704
1 0.302865 0.659722 0.015104 0.080556
1 0.174479 0.503241 0.012500 0.060185
1 0.283073 0.258333 0.011979 0.042593
1 0.696615 0.292130 0.010937 0.041667
1 0.466146 0.316204 0.009375 0.041667
1 0.427865 0.404630 0.014063 0.055556
1 0.526302 0.346296 0.009896 0.048148
1 0.674740 0.400000 0.011979 0.051852
1 0.169271 0.379167 0.015625 0.049074
1 0.312760 0.311574 0.008854 0.049074
1 0.323437 0.298611 0.008333 0.041667
1 0.725000 0.402315 0.016667 0.058333
1 0.836979 0.484259 0.013542 0.062963
1 0.707552 0.304630 0.010937 0.046296
1 0.771615 0.345370 0.013021 0.051852
0 0.215365 0.401389 0.003646 0.010185
