1 0.199479 0.316667 0.014583 0.062963
1 0.471094 0.379630 0.015104 0.064815
1 0.644271 0.294907 0.013542 0.058333
1 0.430729 0.381944 0.012500 0.065741
1 0.824740 0.721296 0.026562 0.083333
1 0.407552 0.509259 0.014063 0.072222
1 0.645573 0.679167 0.011979 0.086111
1 0.334115 0.799074 0.020313 0.101852
1 0.258594 0.678241 0.021354 0.087963
1 0.222917 0.166204 0.010417 0.043519
1 0.549740 0.265278 0.009896 0.049074
1 0.163542 0.421296 0.013542 0.068519
1 0.439583 0.463889 0.014583 0.072222
1 0.523958 0.346759 0.015625 0.058333
1 0.512500 0.404167 0.012500 0.063889
1 0.144792 0.509259 0.020833 0.075926
1 0.318750 0.331944 0.017708 0.060185
1 0.269531 0.229167 0.013021 0.045370
1 0.755208 0.419907 0.013542 0.071296
1 0.804948 0.467130 0.017188 0.073148
1 0.651823 0.214352 0.009896 0.049074
1 0.587760 0.292130 0.013021 0.054630
