1 0.234115 0.304167 0.022396 0.063889
1 0.480990 0.351852 0.022396 0.066667
1 0.789844 0.343519 0.014063 0.064815
1 0.443229 0.315278 0.016667 0.063889
1 0.758594 0.623148 0.020313 0.081481
1 0.554948 0.512037 0.021354 0.075926
1 0.633333 0.777315 0.021875 0.097222
1 0.325521 0.615278 0.015625 0.087963
1 0.224479 0.578704 0.019792 0.081481
1 0.353906 0.124074 0.013021 0.042593
1 0.648177 0.288426 0.015104 0.056481
1 0.294792 0.393981 0.026042 0.063889
1 0.382812 0.435185 0.016667 0.072222
1 0.563021 0.327778 0.016667 0.057407
1 0.588021 0.421296 0.012500 0.074074
1 0.158594 0.412037 0.017188 0.070370
1 0.307552 0.264352 0.017188 0.056481
1 0.335417 0.253704 0.015625 0.051852
1 0.720833 0.457870 0.014583 0.082407
1 0.782813 0.465741 0.014583 0.075926
1 0.744792 0.301389 0.012500 0.056481
1 0.759375 0.313889 0.023958 0.055556
0 0.279427 0.206019 0.003646 0.008333
