1 0.176302 0.227315 0.009896 0.069444
1 0.369531 0.468056 0.034896 0.087963
1 0.869792 0.197222 0.013542 0.062963
1 0.327604 0.250000 0.014583 0.064815
1 0.887240 0.550926 0.021354 0.085185
1 0.524479 0.394907 0.014583 0.073148
1 0.463542 0.548611 0.017708 0.087963
1 0.495312 0.934259 0.021875 0.114815
1 0.069271 0.487500 0.017708 0.080556
1 0.269531 0.045370 0.009896 0.044444
1 0.433333 0.181019 0.011458 0.056481
1 0.495833 0.265741 0.022917 0.062963
1 0.343490 0.325463 0.013021 0.067593
1 0.603906 0.197685 0.011979 0.058333
1 0.748698 0.293981 0.014063 0.069444
1 0.122656 0.310648 0.014063 0.073148
1 0.219010 0.182870 0.010937 0.060185
1 0.505990 0.127778 0.009896 0.050000
1 0.497656 0.384259 0.018229 0.083333
1 0.928125 0.348611 0.013542 0.075000
1 0.743750 0.096759 0.011458 0.049074
1 0.507812 0.190278 0.018750 0.047222
0 0.505729 0.293056 0.006250 0.012037
