1 0.384115 0.333796 0.015104 0.054630
1 0.473958 0.427315 0.012500 0.056481
1 0.829688 0.377315 0.013542 0.054630
1 0.530729 0.337500 0.009375 0.052778
1 0.727344 0.718519 0.019271 0.077778
1 0.418229 0.467130 0.023958 0.056481
1 0.644531 0.693519 0.024479 0.081481
1 0.327344 0.618981 0.014063 0.078704
1 0.213021 0.541667 0.022917 0.057407
1 0.301823 0.258796 0.008854 0.041667
1 0.748177 0.293519 0.008854 0.046296
1 0.466406 0.332407 0.009896 0.046296
1 0.439583 0.421759 0.010417 0.058333
1 0.550260 0.362963 0.009896 0.053704
1 0.670052 0.419907 0.011979 0.058333
1 0.177344 0.408333 0.011979 0.057407
1 0.332552 0.320833 0.011979 0.050926
1 0.361198 0.310185 0.009896 0.044444
1 0.745833 0.416667 0.013542 0.061111
1 0.844531 0.500926 0.014063 0.070370
1 0.756250 0.318519 0.011458 0.044444
1 0.780469 0.349074 0.014063 0.050000
0 0.185156 0.431019 0.004687 0.008333
