1 0.376823 0.335185 0.011979 0.051852
1 0.479427 0.429167 0.013021 0.062037
1 0.833073 0.378241 0.014063 0.056481
1 0.532292 0.335648 0.008333 0.052778
1 0.716667 0.713889 0.027083 0.081481
1 0.399219 0.469907 0.015104 0.058333
1 0.637500 0.694444 0.013542 0.083333
1 0.329688 0.615278 0.014583 0.075000
1 0.226042 0.548611 0.016667 0.060185
1 0.303646 0.258333 0.009375 0.042593
1 0.753906 0.294444 0.007812 0.044444
1 0.463542 0.334259 0.009375 0.046296
1 0.442969 0.421759 0.009896 0.058333
1 0.552083 0.366204 0.010417 0.052778
1 0.665104 0.423148 0.009375 0.055556
1 0.176042 0.410648 0.013542 0.056481
1 0.334635 0.321759 0.009896 0.050926
1 0.365885 0.310185 0.008854 0.044444
1 0.747917 0.419907 0.015625 0.062037
1 0.842708 0.505556 0.018750 0.070370
1 0.761458 0.320370 0.012500 0.048148
1 0.782292 0.346759 0.013542 0.052778
0 0.188802 0.434722 0.004687 0.008333
