1 0.265885 0.370370 0.011979 0.075926
1 0.544792 0.384722 0.011458 0.075000
1 0.752865 0.356481 0.015104 0.072222
1 0.388021 0.406019 0.011458 0.075000
1 0.791667 0.806944 0.022917 0.099074
1 0.469010 0.550000 0.013021 0.085185
1 0.450781 0.729167 0.016146 0.095370
1 0.204948 0.796759 0.028646 0.102778
1 0.203646 0.661574 0.019792 0.091667
1 0.377604 0.087963 0.010417 0.042593
1 0.509896 0.299074 0.010417 0.062963
1 0.193750 0.476852 0.012500 0.083333
1 0.391927 0.492130 0.020313 0.078704
1 0.552865 0.401389 0.016146 0.073148
1 0.492448 0.457870 0.016146 0.075000
1 0.219010 0.481019 0.014063 0.078704
1 0.295052 0.326389 0.014063 0.069444
1 0.357812 0.211574 0.011458 0.052778
1 0.731771 0.472685 0.015625 0.084259
1 0.820312 0.538889 0.020833 0.088889
1 0.733333 0.231481 0.012500 0.057407
1 0.532031 0.367593 0.015104 0.072222
