1 0.180208 0.263889 0.011458 0.066667
1 0.360417 0.503241 0.015625 0.086111
1 0.866927 0.237963 0.009896 0.062963
1 0.277083 0.285185 0.016667 0.064815
1 0.834896 0.567593 0.020833 0.081481
1 0.525781 0.428241 0.019271 0.078704
1 0.438542 0.579167 0.016667 0.086111
1 0.487760 0.887037 0.021354 0.114815
1 0.078906 0.515278 0.015104 0.080556
1 0.252604 0.079630 0.011458 0.046296
1 0.427083 0.229630 0.009375 0.057407
1 0.471615 0.298148 0.010937 0.066667
1 0.322396 0.372685 0.015625 0.071296
1 0.582552 0.230093 0.011979 0.058333
1 0.704167 0.325926 0.010417 0.068519
1 0.117969 0.356019 0.020313 0.071296
1 0.203125 0.250926 0.011458 0.062963
1 0.485417 0.165278 0.010417 0.050926
1 0.476823 0.417130 0.017188 0.082407
1 0.937760 0.360648 0.011979 0.073148
1 0.688802 0.125463 0.011979 0.049074
1 0.504167 0.251389 0.010417 0.062037
0 0.485677 0.326852 0.006771 0.012963
