1 0.233073 0.327315 0.021354 0.063889
1 0.482812 0.369444 0.019792 0.061111
1 0.762760 0.363426 0.015104 0.069444
1 0.442708 0.343519 0.014583 0.062963
1 0.757292 0.636111 0.026042 0.081481
1 0.553646 0.547222 0.022917 0.074074
1 0.597656 0.772222 0.023438 0.098148
1 0.313542 0.647222 0.021875 0.092593
1 0.216667 0.604167 0.026042 0.080556
1 0.341667 0.136574 0.018750 0.039815
1 0.636458 0.312037 0.013542 0.055556
1 0.305990 0.425926 0.024479 0.062963
1 0.368229 0.458333 0.019792 0.074074
1 0.564583 0.355556 0.013542 0.057407
1 0.567187 0.445833 0.016667 0.069444
1 0.150000 0.441667 0.023958 0.070370
1 0.276302 0.278704 0.016146 0.051852
1 0.321354 0.264815 0.009375 0.048148
1 0.685417 0.476389 0.015625 0.082407
1 0.755208 0.490741 0.015625 0.083333
1 0.743490 0.322685 0.011979 0.058333
1 0.751823 0.336574 0.011979 0.047222
0 0.320312 0.166204 0.004167 0.008333
