1 0.208073 0.321296 0.014063 0.066667
1 0.485156 0.372222 0.010937 0.066667
1 0.666146 0.294907 0.012500 0.060185
1 0.427604 0.391667 0.011458 0.070370
1 0.819531 0.733796 0.026562 0.087963
1 0.423438 0.520370 0.015625 0.075926
1 0.624740 0.689352 0.025521 0.087963
1 0.334896 0.800000 0.022917 0.103704
1 0.258854 0.681019 0.021875 0.089815
1 0.245052 0.150463 0.011979 0.043519
1 0.545833 0.269444 0.013542 0.051852
1 0.176042 0.424074 0.013542 0.070370
1 0.431771 0.478704 0.013542 0.070370
1 0.536719 0.347685 0.015104 0.060185
1 0.511198 0.418519 0.011979 0.064815
1 0.151562 0.505093 0.018750 0.076852
1 0.322917 0.330093 0.018750 0.063889
1 0.290365 0.220833 0.009896 0.049074
1 0.770052 0.425000 0.014063 0.074074
1 0.823438 0.479167 0.016667 0.076852
1 0.673698 0.210185 0.010937 0.050000
1 0.598437 0.293981 0.011458 0.056481
