1 0.191406 0.218519 0.016146 0.064815
1 0.377083 0.429167 0.013542 0.086111
1 0.877344 0.183333 0.014063 0.061111
1 0.353646 0.239352 0.018750 0.062037
1 0.917188 0.547685 0.017708 0.086111
1 0.499219 0.388426 0.013021 0.076852
1 0.512240 0.542130 0.032813 0.075000
1 0.470833 0.944444 0.025000 0.109259
1 0.075000 0.482407 0.016667 0.079630
1 0.267708 0.035648 0.011458 0.045370
1 0.452083 0.168056 0.015625 0.049074
1 0.450260 0.259722 0.017188 0.056481
1 0.385156 0.317593 0.022396 0.061111
1 0.585156 0.195370 0.009896 0.061111
1 0.761979 0.292130 0.020833 0.065741
1 0.137760 0.306944 0.016146 0.069444
1 0.244271 0.161574 0.016667 0.058333
1 0.485156 0.117130 0.016146 0.049074
1 0.570833 0.340278 0.018750 0.069444
1 0.944271 0.341667 0.013542 0.074074
1 0.756250 0.090278 0.011458 0.050926
1 0.575781 0.201852 0.019271 0.057407
0 0.745833 0.311111 0.005208 0.009259
