1 0.184115 0.308796 0.010937 0.058333
1 0.456771 0.381944 0.013542 0.062037
1 0.618490 0.289815 0.011979 0.055556
1 0.429427 0.365741 0.013021 0.059259
1 0.824219 0.695833 0.019271 0.080556
1 0.380729 0.494907 0.014583 0.069444
1 0.654948 0.662037 0.027604 0.081481
1 0.317708 0.787500 0.021875 0.100926
1 0.252604 0.665278 0.018750 0.087963
1 0.198698 0.179630 0.011979 0.042593
1 0.545573 0.256944 0.010937 0.047222
1 0.143750 0.413426 0.013542 0.063889
1 0.447656 0.439352 0.016146 0.065741
1 0.507292 0.340741 0.013542 0.055556
1 0.508073 0.385185 0.011979 0.057407
1 0.130729 0.503704 0.016667 0.074074
1 0.311198 0.331019 0.013021 0.060185
1 0.243490 0.234722 0.015104 0.047222
1 0.735938 0.412037 0.011458 0.068519
1 0.778646 0.450000 0.016667 0.070370
1 0.623698 0.213889 0.008854 0.046296
1 0.566146 0.288889 0.010417 0.055556
