1 0.147135 0.371296 0.008854 0.044444
1 0.412240 0.437037 0.010937 0.051852
1 0.522396 0.349537 0.009375 0.041667
1 0.418229 0.376852 0.011458 0.042593
1 0.789583 0.675926 0.020833 0.062963
1 0.233594 0.505556 0.011979 0.053704
1 0.646875 0.641667 0.010417 0.064815
1 0.227604 0.712963 0.014583 0.077778
1 0.185938 0.612500 0.013542 0.063889
1 0.139583 0.300000 0.010417 0.040741
1 0.514583 0.317130 0.007292 0.034259
1 0.111979 0.452778 0.010417 0.050000
1 0.882552 0.356019 0.008854 0.041667
1 0.429167 0.431481 0.010417 0.048148
1 0.436979 0.386574 0.008333 0.043519
1 0.470052 0.391204 0.008854 0.043519
1 0.052604 0.518981 0.015625 0.058333
1 0.283594 0.391204 0.009896 0.047222
1 0.162760 0.331944 0.009896 0.036111
1 0.633594 0.433796 0.010937 0.050926
1 0.670833 0.453241 0.011458 0.052778
1 0.513802 0.290741 0.007812 0.031481
1 0.491146 0.354167 0.008333 0.041667
0 0.882612 0.349630 0.003661 0.006870
