1 0.245833 0.310648 0.013542 0.054630
1 0.532031 0.379167 0.019271 0.058333
1 0.868750 0.325000 0.014583 0.053704
1 0.511979 0.270370 0.015625 0.046296
1 0.738021 0.656944 0.029167 0.073148
1 0.202604 0.378704 0.017708 0.053704
1 0.581250 0.720833 0.017708 0.089815
1 0.335677 0.538889 0.013021 0.074074
1 0.368229 0.525926 0.020833 0.070370
1 0.278385 0.209722 0.011979 0.041667
1 0.775521 0.231019 0.014583 0.036111
1 0.351562 0.323148 0.011458 0.053704
1 0.440365 0.387037 0.019271 0.059259
1 0.543229 0.323611 0.016667 0.049074
1 0.622396 0.377778 0.019792 0.051852
1 0.135937 0.375000 0.018750 0.061111
1 0.314063 0.278241 0.010417 0.049074
1 0.370312 0.267130 0.011458 0.045370
1 0.735938 0.383333 0.017708 0.061111
1 0.882292 0.436111 0.020833 0.068519
1 0.801302 0.267593 0.015104 0.042593
1 0.775260 0.278704 0.013021 0.051852
0 0.583685 0.157509 0.004276 0.007574
