1 0.132292 0.205556 0.013542 0.061111
1 0.337760 0.274537 0.014063 0.065741
1 0.716146 0.152778 0.018750 0.055556
1 0.450781 0.167130 0.011979 0.054630
1 0.908594 0.574537 0.019271 0.087963
1 0.557292 0.350000 0.013542 0.068519
1 0.588021 0.468519 0.017708 0.079630
1 0.279687 0.867130 0.021875 0.117593
1 0.082292 0.452315 0.017708 0.071296
1 0.178906 0.068981 0.011979 0.041667
1 0.598958 0.103704 0.008333 0.042593
1 0.117969 0.250000 0.013021 0.053704
1 0.429948 0.283333 0.014063 0.064815
1 0.517448 0.173148 0.016146 0.048148
1 0.594271 0.201852 0.010417 0.053704
1 0.117969 0.275926 0.013021 0.061111
1 0.272135 0.112037 0.013021 0.046296
1 0.289844 0.103241 0.009896 0.037963
1 0.631771 0.220370 0.012500 0.059259
1 0.896094 0.312963 0.013021 0.068519
1 0.669271 0.085648 0.015625 0.041667
1 0.677083 0.146296 0.011458 0.051852
0 0.664062 0.100602 0.004167 0.008333
