1 0.234115 0.307870 0.011979 0.052778
1 0.534115 0.367593 0.021354 0.055556
1 0.866667 0.313889 0.021875 0.051852
1 0.505990 0.259259 0.015104 0.044444
1 0.751042 0.644444 0.028125 0.077778
1 0.197135 0.369444 0.016146 0.051852
1 0.579167 0.727315 0.032292 0.084259
1 0.326042 0.531481 0.017708 0.074074
1 0.372135 0.515741 0.021354 0.068519
1 0.267969 0.205556 0.011979 0.038889
1 0.777604 0.223611 0.016667 0.034259
1 0.337500 0.318981 0.012500 0.054630
1 0.433073 0.380093 0.009896 0.060185
1 0.539062 0.312037 0.015625 0.051852
1 0.623698 0.367130 0.021354 0.052778
1 0.121875 0.370370 0.013542 0.059259
1 0.304427 0.271759 0.014063 0.050926
1 0.363021 0.259259 0.009375 0.044444
1 0.733333 0.375926 0.015625 0.059259
1 0.880729 0.424074 0.018750 0.064815
1 0.799479 0.256944 0.019792 0.039815
1 0.766406 0.271296 0.015104 0.048148
0 0.650260 0.122366 0.004073 0.007231
