1 0.179688 0.257870 0.015625 0.067593
1 0.363542 0.497222 0.016667 0.087037
1 0.865365 0.231019 0.015104 0.062037
1 0.284635 0.278704 0.009896 0.066667
1 0.840885 0.561111 0.019271 0.083333
1 0.530729 0.423148 0.016667 0.077778
1 0.441667 0.574074 0.015625 0.085185
1 0.489844 0.892593 0.019271 0.116667
1 0.075781 0.512500 0.016146 0.082407
1 0.256510 0.074074 0.011979 0.046296
1 0.425781 0.221296 0.011979 0.057407
1 0.475000 0.292130 0.010417 0.067593
1 0.325000 0.362500 0.014583 0.069444
1 0.586458 0.224074 0.012500 0.059259
1 0.708333 0.321296 0.009375 0.068519
1 0.113802 0.348148 0.017188 0.070370
1 0.203385 0.240278 0.013021 0.063889
1 0.487760 0.157870 0.009896 0.050926
1 0.479948 0.411111 0.018229 0.083333
1 0.936198 0.356944 0.018229 0.071296
1 0.696875 0.118981 0.010417 0.049074
1 0.500781 0.241204 0.009896 0.062037
0 0.488802 0.320833 0.006771 0.012037
