1 0.273177 0.368981 0.015104 0.078704
1 0.540104 0.387963 0.014583 0.074074
1 0.761719 0.367593 0.016146 0.072222
1 0.390104 0.399074 0.013542 0.074074
1 0.792188 0.809722 0.026042 0.100926
1 0.470313 0.562500 0.020833 0.084259
1 0.441406 0.726852 0.022396 0.094444
1 0.202604 0.797222 0.029167 0.103704
1 0.205469 0.660648 0.019271 0.087963
1 0.390625 0.086111 0.010417 0.042593
1 0.515365 0.308796 0.017188 0.062037
1 0.204167 0.488889 0.019792 0.083333
1 0.394271 0.493056 0.019792 0.080556
1 0.550781 0.412037 0.016146 0.070370
1 0.495312 0.460648 0.013542 0.073148
1 0.228385 0.478704 0.018229 0.081481
1 0.304688 0.317130 0.016667 0.067593
1 0.360417 0.215278 0.012500 0.054630
1 0.729688 0.476852 0.018750 0.081481
1 0.821094 0.549074 0.016146 0.088889
1 0.742188 0.239352 0.012500 0.060185
1 0.528125 0.375463 0.014583 0.073148
