1 0.218229 0.350000 0.015625 0.055556
1 0.577604 0.380556 0.019792 0.053704
1 0.886719 0.334259 0.019271 0.051852
1 0.507552 0.288426 0.014063 0.045370
1 0.828906 0.649074 0.027604 0.075926
1 0.206250 0.405093 0.013542 0.052778
1 0.633333 0.721759 0.027083 0.082407
1 0.300781 0.570370 0.021354 0.072222
1 0.371354 0.544444 0.017708 0.068519
1 0.249479 0.241667 0.009375 0.040741
1 0.821875 0.249537 0.016667 0.037963
1 0.306771 0.365278 0.010417 0.052778
1 0.408594 0.418519 0.008854 0.061111
1 0.551042 0.332870 0.016667 0.047222
1 0.662500 0.387963 0.016667 0.053704
1 0.067187 0.418519 0.018750 0.059259
1 0.283333 0.304630 0.015625 0.050000
1 0.339844 0.289352 0.009896 0.045370
1 0.770052 0.400926 0.025521 0.057407
1 0.902083 0.437037 0.018750 0.062963
1 0.844792 0.281019 0.014583 0.041667
1 0.752344 0.302778 0.017188 0.048148
0 0.880281 0.201231 0.004656 0.008278
