1 0.173177 0.239352 0.014063 0.067593
1 0.374479 0.480093 0.016667 0.086111
1 0.861198 0.206944 0.009896 0.062037
1 0.318490 0.259722 0.011979 0.065741
1 0.874479 0.555556 0.015625 0.085185
1 0.538021 0.406481 0.016667 0.077778
1 0.452344 0.556019 0.015104 0.084259
1 0.497396 0.912037 0.025000 0.118519
1 0.071875 0.493519 0.018750 0.081481
1 0.266667 0.055093 0.012500 0.047222
1 0.426563 0.193519 0.012500 0.057407
1 0.486719 0.275000 0.010937 0.066667
1 0.335677 0.335648 0.011979 0.069444
1 0.597917 0.206944 0.012500 0.058333
1 0.730729 0.304630 0.013542 0.066667
1 0.115625 0.321759 0.015625 0.073148
1 0.200260 0.206019 0.009896 0.063889
1 0.499479 0.137037 0.010417 0.050000
1 0.491146 0.393519 0.017708 0.083333
1 0.929167 0.351852 0.017708 0.074074
1 0.725260 0.100463 0.013021 0.049074
1 0.491927 0.206481 0.014063 0.061111
0 0.499740 0.304167 0.006771 0.012037
