1 0.240625 0.368981 0.018750 0.071296
1 0.493750 0.374074 0.014583 0.070370
1 0.723698 0.396296 0.013021 0.070370
1 0.458073 0.392130 0.019271 0.067593
1 0.803646 0.667593 0.025000 0.083333
1 0.552865 0.588426 0.018229 0.089815
1 0.507812 0.754167 0.017708 0.093519
1 0.310417 0.668056 0.023958 0.093519
1 0.202604 0.633333 0.022917 0.088889
1 0.342708 0.133333 0.013542 0.042593
1 0.629948 0.348148 0.017188 0.061111
1 0.342969 0.480556 0.016146 0.072222
1 0.371615 0.494444 0.019271 0.075926
1 0.583073 0.404630 0.017188 0.068519
1 0.556771 0.476852 0.017708 0.077778
1 0.146354 0.487963 0.018750 0.077778
1 0.295573 0.289815 0.016146 0.055556
1 0.356771 0.262963 0.018750 0.042593
1 0.629948 0.500926 0.019271 0.083333
1 0.685677 0.512963 0.025521 0.081481
1 0.751042 0.353704 0.020833 0.064815
1 0.714583 0.380556 0.015625 0.053704
0 0.545312 0.154167 0.005208 0.010185
