1 0.153125 0.382407 0.010417 0.046296
1 0.428125 0.420833 0.010417 0.047222
1 0.548958 0.343056 0.008333 0.039815
1 0.454167 0.365278 0.010417 0.039815
1 0.862240 0.690278 0.019271 0.065741
1 0.219271 0.486111 0.011458 0.050000
1 0.626823 0.618981 0.019271 0.062037
1 0.201563 0.666667 0.014583 0.074074
1 0.187760 0.578704 0.011979 0.059259
1 0.153906 0.306944 0.009896 0.037963
1 0.542188 0.312500 0.008333 0.034259
1 0.144531 0.439352 0.009896 0.049074
1 0.869792 0.349537 0.011458 0.037963
1 0.438802 0.424074 0.010937 0.044444
1 0.451042 0.374537 0.009375 0.041667
1 0.501302 0.378704 0.010937 0.040741
1 0.025260 0.503704 0.013021 0.055556
1 0.269010 0.380093 0.008854 0.043519
1 0.169792 0.332870 0.007292 0.036111
1 0.661458 0.418519 0.012500 0.048148
1 0.696094 0.437500 0.010937 0.049074
1 0.534375 0.288426 0.008333 0.032407
1 0.523698 0.347222 0.007812 0.040741
