1 0.239063 0.359722 0.021875 0.065741
1 0.495052 0.375926 0.019271 0.066667
1 0.727865 0.387037 0.013021 0.066667
1 0.455208 0.382407 0.018750 0.066667
1 0.791406 0.656944 0.027604 0.078704
1 0.553125 0.580093 0.017708 0.086111
1 0.523438 0.754167 0.029167 0.089815
1 0.306771 0.668056 0.016667 0.093519
1 0.202083 0.626389 0.022917 0.086111
1 0.340365 0.135185 0.015104 0.038889
1 0.630208 0.337963 0.015625 0.059259
1 0.335156 0.470833 0.021354 0.071296
1 0.369010 0.484259 0.019271 0.070370
1 0.578385 0.392130 0.016146 0.063889
1 0.554688 0.469907 0.014583 0.076852
1 0.143750 0.477315 0.019792 0.075000
1 0.289583 0.282407 0.019792 0.053704
1 0.350781 0.262963 0.022396 0.042593
1 0.639062 0.493056 0.016667 0.086111
1 0.703646 0.510648 0.018750 0.082407
1 0.749479 0.346296 0.017708 0.061111
1 0.722656 0.371296 0.008854 0.061111
0 0.480729 0.109380 0.005208 0.009963
