1 0.285156 0.363426 0.016146 0.078704
1 0.541146 0.378241 0.011458 0.073148
1 0.773438 0.374074 0.017708 0.075926
1 0.400521 0.385648 0.017708 0.076852
1 0.795052 0.819444 0.026562 0.100000
1 0.474479 0.570833 0.018750 0.087963
1 0.429688 0.715741 0.015625 0.094444
1 0.198177 0.784259 0.021354 0.103704
1 0.213021 0.648148 0.021875 0.088889
1 0.405469 0.075926 0.010937 0.040741
1 0.515885 0.307407 0.015104 0.064815
1 0.222396 0.491204 0.016667 0.082407
1 0.390885 0.482870 0.016146 0.080556
1 0.551562 0.408796 0.015625 0.073148
1 0.496094 0.456944 0.013021 0.076852
1 0.243750 0.468056 0.015625 0.080556
1 0.319531 0.298611 0.010937 0.067593
1 0.365885 0.212500 0.011979 0.054630
1 0.738281 0.475463 0.021354 0.082407
1 0.824219 0.554630 0.021354 0.092593
1 0.751563 0.240278 0.013542 0.058333
1 0.528385 0.379167 0.019271 0.073148
