1 0.211458 0.332870 0.013542 0.069444
1 0.494271 0.372685 0.013542 0.065741
1 0.682031 0.302315 0.011979 0.062037
1 0.426563 0.405093 0.012500 0.071296
1 0.808333 0.742593 0.023958 0.090741
1 0.431250 0.537037 0.018750 0.077778
1 0.607292 0.700926 0.015625 0.090741
1 0.322396 0.802315 0.027083 0.097222
1 0.254688 0.682870 0.015625 0.087963
1 0.259375 0.146759 0.012500 0.043519
1 0.538542 0.277778 0.013542 0.053704
1 0.184375 0.435185 0.016667 0.074074
1 0.426042 0.487037 0.013542 0.066667
1 0.542448 0.354167 0.014063 0.062037
1 0.506250 0.433333 0.013542 0.068519
1 0.159896 0.507870 0.017708 0.080556
1 0.321354 0.334259 0.010417 0.064815
1 0.303646 0.221759 0.011458 0.049074
1 0.777865 0.444444 0.020313 0.075926
1 0.830729 0.491204 0.019792 0.080556
1 0.687500 0.214815 0.010417 0.050000
1 0.597917 0.303704 0.011458 0.057407
