1 0.182031 0.298611 0.010937 0.049074
1 0.448437 0.383333 0.013542 0.061111
1 0.593229 0.287500 0.013542 0.050926
1 0.435677 0.343519 0.010937 0.053704
1 0.827865 0.673148 0.019271 0.077778
1 0.343490 0.478704 0.017188 0.066667
1 0.674219 0.638889 0.024479 0.075926
1 0.303906 0.759259 0.018229 0.094444
1 0.239063 0.630093 0.015625 0.080556
1 0.180729 0.194907 0.013542 0.043519
1 0.547396 0.250926 0.009375 0.040741
1 0.132292 0.405556 0.013542 0.062963
1 0.467708 0.412500 0.015625 0.060185
1 0.496094 0.337500 0.014063 0.052778
1 0.509635 0.364352 0.010937 0.054630
1 0.122135 0.489352 0.022396 0.069444
1 0.313021 0.331019 0.016667 0.054630
1 0.221354 0.244907 0.009375 0.043519
1 0.718490 0.402315 0.010937 0.065741
1 0.756510 0.431019 0.013021 0.065741
1 0.598698 0.218056 0.008854 0.043519
1 0.547917 0.289352 0.014583 0.049074
