1 0.171875 0.237963 0.016667 0.066667
1 0.371875 0.477315 0.025000 0.086111
1 0.860677 0.203704 0.017188 0.062963
1 0.322396 0.257870 0.011458 0.065741
1 0.878385 0.557407 0.017188 0.083333
1 0.533073 0.403704 0.016146 0.077778
1 0.453646 0.554630 0.014583 0.083333
1 0.504167 0.921296 0.020833 0.118519
1 0.070052 0.493056 0.016146 0.084259
1 0.266667 0.052778 0.009375 0.046296
1 0.426302 0.192130 0.011979 0.054630
1 0.488021 0.272222 0.011458 0.068519
1 0.336719 0.333333 0.011979 0.070370
1 0.599479 0.204630 0.012500 0.059259
1 0.739323 0.303241 0.009896 0.065741
1 0.117188 0.318981 0.015625 0.073148
1 0.204427 0.199074 0.015104 0.061111
1 0.501302 0.134259 0.009896 0.050000
1 0.492708 0.391667 0.017708 0.083333
1 0.925521 0.353241 0.017708 0.076852
1 0.732031 0.100000 0.010937 0.048148
1 0.496094 0.199074 0.011979 0.057407
0 0.501563 0.301852 0.007292 0.012963
