1 0.182292 0.222222 0.011458 0.066667
1 0.373698 0.449074 0.024479 0.087037
1 0.876823 0.190741 0.013021 0.062963
1 0.338542 0.244444 0.018750 0.061111
1 0.897656 0.551852 0.021354 0.085185
1 0.507031 0.390741 0.017188 0.075926
1 0.478646 0.546296 0.027083 0.075926
1 0.485938 0.942593 0.019792 0.112963
1 0.072135 0.481944 0.014063 0.082407
1 0.269531 0.038426 0.010937 0.045370
1 0.442708 0.174074 0.011458 0.055556
1 0.488542 0.264352 0.017708 0.056481
1 0.364323 0.320833 0.020313 0.065741
1 0.596615 0.193056 0.011979 0.056481
1 0.758333 0.291667 0.016667 0.066667
1 0.130208 0.306944 0.015625 0.069444
1 0.232552 0.170370 0.016146 0.059259
1 0.501823 0.122685 0.015104 0.047222
1 0.526823 0.365278 0.018229 0.069444
1 0.936979 0.343056 0.013542 0.076852
1 0.752344 0.093519 0.011979 0.050000
1 0.543229 0.194907 0.017708 0.049074
0 0.652344 0.305556 0.005729 0.009259
