1 0.131771 0.200463 0.014583 0.054630
1 0.339062 0.264352 0.015625 0.060185
1 0.722135 0.161111 0.011979 0.050000
1 0.483333 0.168056 0.016667 0.043519
1 0.880990 0.558333 0.026562 0.075926
1 0.571094 0.325926 0.015104 0.059259
1 0.559375 0.468056 0.015625 0.075000
1 0.259635 0.835185 0.020313 0.111111
1 0.092969 0.403241 0.020313 0.067593
1 0.161198 0.095370 0.017188 0.040741
1 0.607812 0.101852 0.013542 0.033333
1 0.131771 0.225000 0.013542 0.051852
1 0.401042 0.274537 0.017708 0.058333
1 0.538802 0.169444 0.014063 0.040741
1 0.595833 0.197222 0.011458 0.048148
1 0.111719 0.267130 0.020313 0.054630
1 0.281510 0.118056 0.018229 0.039815
1 0.244792 0.116204 0.015625 0.034259
1 0.608073 0.205556 0.013021 0.053704
1 0.838542 0.299537 0.022917 0.060185
1 0.638281 0.095833 0.013021 0.039815
1 0.683073 0.160185 0.011979 0.051852
0 0.549740 0.094444 0.004687 0.009259
