1 0.182812 0.299537 0.012500 0.052778
1 0.450521 0.381481 0.010417 0.061111
1 0.600521 0.286111 0.010417 0.051852
1 0.434896 0.347222 0.010417 0.057407
1 0.829948 0.677315 0.015104 0.078704
1 0.352865 0.481481 0.014063 0.066667
1 0.670312 0.642593 0.017708 0.077778
1 0.305469 0.766204 0.017188 0.097222
1 0.242188 0.637963 0.016667 0.081481
1 0.184375 0.190741 0.011458 0.042593
1 0.547917 0.251389 0.010417 0.043519
1 0.134635 0.406019 0.013021 0.062037
1 0.463542 0.416667 0.013542 0.062963
1 0.500521 0.336111 0.011458 0.053704
1 0.510156 0.367593 0.010937 0.055556
1 0.126562 0.493519 0.019792 0.072222
1 0.312240 0.329167 0.009896 0.058333
1 0.226562 0.241204 0.009375 0.043519
1 0.723698 0.405556 0.016146 0.066667
1 0.760938 0.433333 0.016667 0.064815
1 0.605469 0.215741 0.008854 0.042593
1 0.553125 0.287500 0.010417 0.050926
