1 0.179948 0.223611 0.011979 0.067593
1 0.369792 0.461574 0.032292 0.091667
1 0.874479 0.192593 0.013542 0.062963
1 0.332552 0.244907 0.011979 0.062037
1 0.892969 0.551852 0.020313 0.087037
1 0.511719 0.387500 0.024479 0.080556
1 0.467708 0.544907 0.022917 0.082407
1 0.494010 0.942130 0.025521 0.115741
1 0.071615 0.482407 0.015104 0.081481
1 0.269792 0.040741 0.010417 0.044444
1 0.439583 0.176852 0.009375 0.057407
1 0.499479 0.264815 0.019792 0.053704
1 0.353385 0.322685 0.018229 0.065741
1 0.601042 0.194444 0.015625 0.055556
1 0.755469 0.289352 0.009896 0.067593
1 0.127083 0.306944 0.014583 0.069444
1 0.228385 0.173611 0.009896 0.060185
1 0.504687 0.123611 0.011458 0.049074
1 0.511198 0.387037 0.025521 0.079630
1 0.931771 0.343981 0.017708 0.076852
1 0.749219 0.094907 0.009896 0.050926
1 0.527344 0.189815 0.023438 0.044444
0 0.594792 0.300463 0.005208 0.010185
