1 0.208333 0.322685 0.013542 0.065741
1 0.485677 0.371759 0.013021 0.067593
1 0.667708 0.295833 0.012500 0.060185
1 0.426823 0.392130 0.013021 0.071296
1 0.819271 0.734259 0.021875 0.088889
1 0.423958 0.522685 0.016667 0.076852
1 0.623437 0.691204 0.031250 0.086111
1 0.332552 0.799074 0.020313 0.103704
1 0.259375 0.681481 0.021875 0.088889
1 0.246875 0.149537 0.012500 0.043519
1 0.545312 0.268981 0.012500 0.052778
1 0.176823 0.425000 0.014063 0.072222
1 0.431510 0.479167 0.015104 0.071296
1 0.536719 0.347685 0.013021 0.060185
1 0.510677 0.418981 0.014063 0.067593
1 0.153385 0.504630 0.020313 0.077778
1 0.323958 0.330556 0.018750 0.064815
1 0.291927 0.220833 0.009896 0.049074
1 0.770573 0.427778 0.016146 0.075926
1 0.825000 0.479167 0.014583 0.076852
1 0.675000 0.210648 0.011458 0.049074
1 0.598698 0.294907 0.010937 0.054630
