1 0.275260 0.368519 0.017188 0.077778
1 0.540885 0.387500 0.011979 0.073148
1 0.763542 0.369444 0.015625 0.074074
1 0.392448 0.398611 0.016146 0.075000
1 0.793750 0.811111 0.025000 0.100000
1 0.471354 0.565741 0.020833 0.087037
1 0.440104 0.726389 0.015625 0.095370
1 0.203906 0.796759 0.026562 0.102778
1 0.208333 0.659259 0.020833 0.088889
1 0.392188 0.086111 0.010417 0.042593
1 0.514323 0.309259 0.013021 0.061111
1 0.207552 0.489352 0.020313 0.082407
1 0.392969 0.492593 0.011979 0.079630
1 0.551562 0.414352 0.014583 0.071296
1 0.494271 0.460185 0.010417 0.072222
1 0.230469 0.477778 0.017188 0.081481
1 0.305729 0.315741 0.011458 0.070370
1 0.361979 0.216667 0.013542 0.053704
1 0.731250 0.477315 0.018750 0.082407
1 0.821875 0.552778 0.020833 0.090741
1 0.743750 0.239815 0.011458 0.059259
1 0.528125 0.377315 0.013542 0.073148
