1 0.208073 0.322222 0.014063 0.066667
1 0.485156 0.371759 0.011979 0.067593
1 0.666667 0.295833 0.012500 0.060185
1 0.427083 0.391667 0.012500 0.070370
1 0.819271 0.734259 0.023958 0.088889
1 0.423438 0.521759 0.016667 0.076852
1 0.623177 0.690278 0.030729 0.086111
1 0.333073 0.799074 0.021354 0.103704
1 0.259375 0.681481 0.021875 0.088889
1 0.246094 0.150000 0.011979 0.044444
1 0.545052 0.268981 0.013021 0.052778
1 0.176302 0.425000 0.014063 0.072222
1 0.431250 0.478704 0.014583 0.070370
1 0.536719 0.347685 0.013021 0.060185
1 0.510417 0.418519 0.012500 0.066667
1 0.152604 0.505556 0.019792 0.077778
1 0.323698 0.330556 0.019271 0.064815
1 0.291146 0.220833 0.009375 0.049074
1 0.770052 0.426389 0.015104 0.075000
1 0.824219 0.479167 0.015104 0.076852
1 0.674219 0.210648 0.010937 0.049074
1 0.598437 0.294907 0.011458 0.054630
