1 0.151823 0.382407 0.009896 0.044444
1 0.422135 0.427778 0.010937 0.048148
1 0.537500 0.346759 0.008333 0.039815
1 0.440625 0.371296 0.009375 0.042593
1 0.839583 0.689352 0.023958 0.062037
1 0.223177 0.493981 0.010937 0.050926
1 0.636719 0.626852 0.018229 0.064815
1 0.209635 0.676852 0.015104 0.068519
1 0.189062 0.590278 0.013542 0.062037
1 0.149740 0.308333 0.010937 0.037037
1 0.531250 0.317593 0.006250 0.033333
1 0.137240 0.446296 0.011979 0.048148
1 0.868229 0.352315 0.008333 0.041667
1 0.439583 0.428704 0.007292 0.046296
1 0.448177 0.381019 0.008854 0.041667
1 0.490365 0.384722 0.008854 0.041667
1 0.036719 0.510648 0.016146 0.056481
1 0.275260 0.386574 0.009896 0.045370
1 0.167969 0.336111 0.007812 0.035185
1 0.650781 0.425463 0.009896 0.049074
1 0.684115 0.444444 0.010937 0.050000
1 0.524479 0.293056 0.006250 0.032407
1 0.511458 0.352315 0.008333 0.039815
