1 0.253906 0.370833 0.017188 0.073148
1 0.532552 0.362037 0.014063 0.072222
1 0.776042 0.472685 0.026042 0.056481
1 0.438542 0.461574 0.018750 0.078704
1 0.803385 0.735185 0.027604 0.092593
1 0.556771 0.588889 0.029167 0.083333
1 0.370312 0.667593 0.026042 0.087037
1 0.316146 0.609259 0.021875 0.096296
1 0.201563 0.587963 0.015625 0.081481
1 0.413802 0.092130 0.007812 0.041667
1 0.556771 0.357870 0.017708 0.063889
1 0.424219 0.486574 0.011979 0.080556
1 0.513281 0.500000 0.020313 0.070370
1 0.551042 0.496759 0.015625 0.069444
1 0.546875 0.519907 0.027083 0.071296
1 0.226302 0.491204 0.013021 0.082407
1 0.320833 0.280093 0.013542 0.063889
1 0.389844 0.244907 0.015104 0.054630
1 0.755729 0.529167 0.016667 0.082407
1 0.779687 0.532407 0.028125 0.074074
1 0.773958 0.332407 0.015625 0.061111
1 0.627344 0.472685 0.025521 0.071296
0 0.648958 0.389815 0.005208 0.011111
