1 0.177083 0.255556 0.013542 0.068519
1 0.365625 0.493981 0.016667 0.086111
1 0.863542 0.225000 0.014583 0.061111
1 0.292969 0.275463 0.014063 0.065741
1 0.848698 0.557870 0.016146 0.084259
1 0.533854 0.419444 0.017708 0.077778
1 0.444010 0.570370 0.017188 0.085185
1 0.493229 0.896296 0.020833 0.116667
1 0.073438 0.510185 0.014583 0.079630
1 0.258854 0.070370 0.011458 0.046296
1 0.426042 0.215741 0.011458 0.059259
1 0.477344 0.288889 0.010937 0.066667
1 0.327083 0.356481 0.013542 0.072222
1 0.589063 0.220833 0.012500 0.058333
1 0.710938 0.318981 0.010417 0.065741
1 0.110677 0.342130 0.015104 0.071296
1 0.204427 0.230556 0.010937 0.062963
1 0.490365 0.153241 0.009896 0.050926
1 0.482812 0.407870 0.017708 0.082407
1 0.935417 0.355556 0.016667 0.072222
1 0.702083 0.114815 0.011458 0.048148
1 0.498177 0.235185 0.010937 0.062963
0 0.491146 0.317593 0.007292 0.012963
