1 0.398698 0.313889 0.016146 0.050000
1 0.430729 0.404167 0.011458 0.054630
1 0.790104 0.350000 0.013542 0.048148
1 0.499219 0.326389 0.009896 0.049074
1 0.758854 0.697685 0.019792 0.078704
1 0.483594 0.434259 0.019271 0.053704
1 0.654167 0.665741 0.016667 0.077778
1 0.291406 0.672685 0.016146 0.089815
1 0.167708 0.493056 0.014583 0.056481
1 0.275781 0.250926 0.010937 0.046296
1 0.678385 0.287037 0.010937 0.042593
1 0.463021 0.308333 0.012500 0.040741
1 0.423698 0.397222 0.010937 0.051852
1 0.517708 0.335648 0.008333 0.047222
1 0.671094 0.389815 0.008854 0.050000
1 0.164583 0.370833 0.011458 0.049074
1 0.302865 0.306019 0.014063 0.049074
1 0.310937 0.291204 0.009375 0.041667
1 0.714583 0.393981 0.013542 0.058333
1 0.834635 0.474537 0.011979 0.063889
1 0.689063 0.298148 0.011458 0.044444
1 0.767969 0.338889 0.014063 0.051852
0 0.224479 0.383796 0.004167 0.008333
