1 0.145313 0.409722 0.008333 0.047222
1 0.460677 0.421759 0.010937 0.049074
1 0.598177 0.351389 0.006771 0.039815
1 0.454427 0.367130 0.008854 0.041667
1 0.853125 0.689352 0.020833 0.065741
1 0.195573 0.490278 0.010937 0.054630
1 0.589323 0.634722 0.020313 0.063889
1 0.185417 0.657870 0.014583 0.071296
1 0.189062 0.573611 0.012500 0.060185
1 0.150260 0.323148 0.010937 0.035185
1 0.582031 0.317130 0.007812 0.034259
1 0.159896 0.441667 0.010417 0.050000
1 0.901563 0.375926 0.010417 0.042593
1 0.383333 0.447685 0.014583 0.049074
1 0.450000 0.378241 0.008333 0.041667
1 0.540365 0.385648 0.009896 0.041667
1 0.228385 0.383333 0.013021 0.044444
1 0.174479 0.346296 0.007292 0.038889
1 0.708854 0.424537 0.015625 0.049074
1 0.750521 0.443056 0.009375 0.050926
1 0.583854 0.295370 0.007292 0.029630
1 0.566146 0.356481 0.009375 0.040741
