1 0.225000 0.428241 0.010417 0.054630
1 0.615365 0.430093 0.010937 0.052778
1 0.825521 0.380093 0.009375 0.049074
1 0.516406 0.365278 0.010937 0.045370
1 0.905729 0.689352 0.021875 0.067593
1 0.255729 0.491667 0.011458 0.053704
1 0.670052 0.693519 0.020313 0.070370
1 0.273177 0.652778 0.013021 0.072222
1 0.304948 0.583333 0.011979 0.062963
1 0.234896 0.322685 0.010417 0.041667
1 0.799479 0.323148 0.008333 0.037037
1 0.258594 0.442593 0.014063 0.051852
1 0.395313 0.488889 0.013542 0.055556
1 0.571354 0.385648 0.014583 0.043519
1 0.668750 0.418519 0.011458 0.050000
1 0.019010 0.512500 0.015104 0.060185
1 0.272917 0.376852 0.013542 0.046296
1 0.283073 0.355556 0.008854 0.040741
1 0.829167 0.449074 0.019792 0.053704
1 0.925260 0.474074 0.015104 0.053704
1 0.827344 0.314352 0.010937 0.036111
1 0.710677 0.372685 0.015104 0.049074
0 0.962240 0.308639 0.003646 0.007407
