1 0.372656 0.247222 0.018229 0.042593
1 0.405469 0.335185 0.022396 0.055556
1 0.769792 0.261111 0.010417 0.050000
1 0.476562 0.249537 0.010417 0.049074
1 0.809896 0.631944 0.016667 0.075000
1 0.559896 0.364815 0.015625 0.051852
1 0.615625 0.563889 0.013542 0.070370
1 0.267188 0.745370 0.018750 0.094444
1 0.144792 0.421759 0.019792 0.062037
1 0.241146 0.189352 0.013542 0.037963
1 0.632292 0.205556 0.010417 0.042593
1 0.401302 0.250000 0.014063 0.044444
1 0.419010 0.332407 0.013021 0.057407
1 0.513542 0.252315 0.009375 0.047222
1 0.646354 0.295833 0.012500 0.050926
1 0.137240 0.295833 0.019271 0.049074
1 0.263542 0.229259 0.013542 0.045185
1 0.264844 0.224074 0.011979 0.048148
1 0.671354 0.308333 0.011458 0.055556
1 0.831771 0.393056 0.014583 0.065741
1 0.650000 0.210185 0.009375 0.038889
1 0.738802 0.263426 0.018229 0.052778
0 0.264542 0.212144 0.004198 0.008380
