1 0.215365 0.433333 0.008854 0.053704
1 0.597396 0.435185 0.017708 0.051852
1 0.789844 0.380556 0.010937 0.046296
1 0.505208 0.372685 0.010417 0.045370
1 0.896615 0.693519 0.019271 0.066667
1 0.250260 0.498611 0.009896 0.054630
1 0.658333 0.687037 0.011458 0.070370
1 0.262240 0.659259 0.015104 0.070370
1 0.289583 0.583333 0.011458 0.062963
1 0.224219 0.326852 0.010937 0.048148
1 0.766927 0.328704 0.008854 0.038889
1 0.243750 0.447685 0.010417 0.050926
1 0.392448 0.489815 0.011979 0.055556
1 0.553906 0.390741 0.010937 0.044444
1 0.649740 0.418519 0.008854 0.048148
1 0.012240 0.518056 0.017188 0.060185
1 0.266146 0.385185 0.012500 0.044444
1 0.266146 0.357407 0.007292 0.033333
1 0.817969 0.450463 0.019271 0.052778
1 0.909115 0.475000 0.015104 0.053704
1 0.788281 0.317130 0.010937 0.032407
1 0.692448 0.375926 0.011979 0.048148
0 0.940792 0.313574 0.003646 0.007407
