1 0.128646 0.195370 0.011458 0.040741
1 0.338281 0.262963 0.017188 0.062963
1 0.721615 0.161111 0.011979 0.051852
1 0.480729 0.168519 0.017708 0.044444
1 0.874219 0.555093 0.025521 0.073148
1 0.570573 0.325463 0.017188 0.060185
1 0.557813 0.469907 0.017708 0.075000
1 0.258333 0.834259 0.020833 0.112963
1 0.092708 0.400000 0.019792 0.064815
1 0.158594 0.097685 0.016146 0.039815
1 0.606250 0.102315 0.012500 0.034259
1 0.133854 0.225000 0.012500 0.051852
1 0.396615 0.274537 0.017188 0.054630
1 0.536458 0.168056 0.017708 0.043519
1 0.595313 0.199074 0.012500 0.046296
1 0.107031 0.265278 0.022396 0.056481
1 0.279427 0.120370 0.020313 0.038889
1 0.237240 0.115741 0.013021 0.035185
1 0.608073 0.206481 0.013021 0.051852
1 0.833333 0.299537 0.019792 0.058333
1 0.638802 0.098611 0.011979 0.037963
1 0.682813 0.162963 0.014583 0.050000
0 0.523250 0.096796 0.004687 0.009259
