1 0.219792 0.330556 0.017708 0.057407
1 0.561198 0.367593 0.022396 0.053704
1 0.880469 0.321296 0.016146 0.050000
1 0.503646 0.275463 0.010417 0.045370
1 0.803906 0.639352 0.025521 0.075000
1 0.200000 0.386574 0.013542 0.052778
1 0.619010 0.721296 0.026562 0.088889
1 0.305729 0.551389 0.019792 0.073148
1 0.376563 0.530093 0.017708 0.067593
1 0.253906 0.222685 0.010937 0.041667
1 0.806771 0.237500 0.012500 0.036111
1 0.312760 0.345833 0.014063 0.052778
1 0.415365 0.400000 0.011979 0.059259
1 0.542708 0.319444 0.018750 0.046296
1 0.648177 0.373148 0.019271 0.053704
1 0.079167 0.394907 0.011458 0.058333
1 0.288542 0.287963 0.011458 0.050000
1 0.347135 0.273611 0.007812 0.043519
1 0.754167 0.388889 0.022917 0.057407
1 0.890885 0.424074 0.024479 0.061111
1 0.827865 0.268056 0.018229 0.039815
1 0.753125 0.285648 0.017708 0.047222
0 0.825573 0.141750 0.003479 0.006315
