1 0.228385 0.422222 0.009896 0.055556
1 0.623958 0.422685 0.010417 0.050926
1 0.850000 0.378241 0.008333 0.047222
1 0.517969 0.355556 0.009896 0.044444
1 0.902604 0.679630 0.022917 0.070370
1 0.256250 0.482870 0.010417 0.054630
1 0.673177 0.696759 0.021354 0.073148
1 0.279948 0.643981 0.014063 0.073148
1 0.316406 0.581944 0.014063 0.065741
1 0.239323 0.315741 0.011979 0.042593
1 0.820833 0.314815 0.010417 0.037037
1 0.266406 0.435185 0.010937 0.051852
1 0.391146 0.485185 0.012500 0.057407
1 0.579167 0.379630 0.012500 0.042593
1 0.677083 0.418056 0.010417 0.050926
1 0.020833 0.505556 0.017708 0.061111
1 0.273958 0.368056 0.010417 0.045370
1 0.293750 0.350000 0.007292 0.040741
1 0.829688 0.443981 0.020833 0.052778
1 0.926302 0.470833 0.019271 0.054630
1 0.854688 0.314352 0.010417 0.036111
1 0.720833 0.366204 0.012500 0.049074
0 0.969443 0.302315 0.004167 0.006481
