1 0.219010 0.431944 0.008854 0.052778
1 0.602604 0.434259 0.017708 0.051852
1 0.798438 0.380556 0.010417 0.048148
1 0.509635 0.370833 0.007812 0.043519
1 0.900521 0.692593 0.023958 0.068519
1 0.253125 0.496759 0.009375 0.054630
1 0.660156 0.688426 0.016146 0.069444
1 0.266927 0.658333 0.016146 0.070370
1 0.294271 0.583333 0.011458 0.062963
1 0.228385 0.325926 0.009896 0.046296
1 0.775000 0.327315 0.008333 0.037963
1 0.247656 0.446296 0.009896 0.051852
1 0.394271 0.489815 0.012500 0.055556
1 0.559375 0.389352 0.009375 0.045370
1 0.654948 0.418056 0.007812 0.047222
1 0.014323 0.517593 0.020313 0.059259
1 0.269271 0.382870 0.009375 0.043519
1 0.270313 0.358333 0.007292 0.037037
1 0.822656 0.449537 0.017188 0.052778
1 0.914323 0.474537 0.018229 0.054630
1 0.797656 0.317130 0.008854 0.032407
1 0.697917 0.374537 0.009375 0.049074
0 0.947583 0.310981 0.003646 0.007407
