1 0.376042 0.336111 0.013542 0.051852
1 0.480208 0.430093 0.013542 0.062037
1 0.834115 0.378241 0.015104 0.056481
1 0.532813 0.335648 0.008333 0.052778
1 0.714323 0.712500 0.028646 0.080556
1 0.396875 0.469907 0.018750 0.058333
1 0.636458 0.693981 0.011458 0.084259
1 0.330208 0.614352 0.014583 0.073148
1 0.228125 0.549074 0.017708 0.059259
1 0.304167 0.258333 0.009375 0.040741
1 0.754687 0.293981 0.008333 0.045370
1 0.463021 0.334722 0.010417 0.047222
1 0.444010 0.422222 0.009896 0.059259
1 0.552083 0.366667 0.010417 0.051852
1 0.664323 0.423148 0.009896 0.055556
1 0.176042 0.410648 0.014583 0.056481
1 0.334896 0.321759 0.010417 0.050926
1 0.366667 0.309722 0.009375 0.043519
1 0.748437 0.420370 0.015625 0.061111
1 0.842708 0.507407 0.017708 0.070370
1 0.763281 0.321296 0.010937 0.048148
1 0.782552 0.346296 0.014063 0.051852
0 0.189323 0.435185 0.004687 0.009259
