1 0.203906 0.356019 0.014063 0.069444
1 0.510938 0.378241 0.013542 0.069444
1 0.688802 0.315741 0.013021 0.064815
1 0.401823 0.419907 0.017188 0.073148
1 0.796875 0.765741 0.022917 0.094444
1 0.420573 0.559259 0.016146 0.081481
1 0.552083 0.723148 0.026042 0.090741
1 0.272396 0.811111 0.027083 0.103704
1 0.223958 0.684259 0.018750 0.088889
1 0.271094 0.134259 0.010937 0.044444
1 0.501823 0.297685 0.011979 0.056481
1 0.175781 0.450926 0.017188 0.072222
1 0.403385 0.508796 0.017188 0.076852
1 0.537240 0.372685 0.018229 0.067593
1 0.488021 0.453704 0.013542 0.070370
1 0.168490 0.512963 0.015104 0.079630
1 0.296354 0.340278 0.020833 0.065741
1 0.310937 0.220833 0.014583 0.050926
1 0.768750 0.467130 0.015625 0.078704
1 0.814844 0.510648 0.019271 0.080556
1 0.690104 0.219907 0.009375 0.052778
1 0.572135 0.323611 0.013021 0.062037
