1 0.218750 0.221759 0.016667 0.050926
1 0.349479 0.296296 0.014583 0.059259
1 0.737500 0.204167 0.015625 0.049074
1 0.472917 0.209259 0.015625 0.050000
1 0.833073 0.587500 0.019271 0.075000
1 0.567969 0.338889 0.021354 0.057407
1 0.574740 0.511574 0.017188 0.073148
1 0.261979 0.813426 0.021875 0.104630
1 0.106250 0.406019 0.020833 0.063889
1 0.175781 0.140741 0.011979 0.044444
1 0.611979 0.147685 0.013542 0.034259
1 0.230990 0.226852 0.017188 0.046296
1 0.386979 0.304167 0.011458 0.058333
1 0.522396 0.203704 0.015625 0.042593
1 0.608854 0.242130 0.008333 0.049074
1 0.099740 0.289815 0.016146 0.055556
1 0.260417 0.168056 0.010417 0.037963
1 0.228125 0.167130 0.008333 0.043519
1 0.627865 0.250463 0.016146 0.054630
1 0.814583 0.341204 0.021875 0.063889
1 0.642969 0.149537 0.007812 0.036111
1 0.699479 0.210185 0.011458 0.048148
0 0.335677 0.204167 0.004687 0.010185
