1 0.227083 0.423148 0.011458 0.055556
1 0.622135 0.423148 0.013021 0.051852
1 0.845833 0.378704 0.007292 0.048148
1 0.517188 0.357870 0.013542 0.045370
1 0.903385 0.681481 0.020313 0.066667
1 0.255729 0.483796 0.012500 0.054630
1 0.671615 0.696759 0.023438 0.073148
1 0.278906 0.645370 0.016146 0.074074
1 0.314063 0.582870 0.013542 0.065741
1 0.238021 0.317130 0.010417 0.041667
1 0.817187 0.316667 0.009375 0.035185
1 0.264583 0.436111 0.009375 0.051852
1 0.390365 0.485185 0.014063 0.057407
1 0.577865 0.380093 0.009896 0.043519
1 0.674219 0.418056 0.011979 0.050926
1 0.019271 0.506944 0.018750 0.060185
1 0.273438 0.369444 0.013542 0.046296
1 0.291667 0.350926 0.007292 0.040741
1 0.828385 0.444907 0.019271 0.052778
1 0.926562 0.470833 0.016667 0.054630
1 0.850781 0.314815 0.011979 0.035185
1 0.718229 0.368056 0.012500 0.047222
0 0.968406 0.306000 0.004167 0.006481
