1 0.147917 0.382407 0.009375 0.044444
1 0.412760 0.435648 0.009896 0.049074
1 0.524219 0.352778 0.007812 0.038889
1 0.424219 0.377778 0.008854 0.042593
1 0.806771 0.681481 0.009375 0.064815
1 0.226302 0.505556 0.014063 0.053704
1 0.639062 0.634259 0.010417 0.064815
1 0.217448 0.687963 0.011979 0.066667
1 0.186198 0.602778 0.013021 0.061111
1 0.142448 0.310648 0.008854 0.036111
1 0.517188 0.323148 0.007292 0.033333
1 0.123177 0.455093 0.010937 0.049074
1 0.863021 0.358333 0.008333 0.038889
1 0.430469 0.432870 0.009896 0.047222
1 0.438542 0.389352 0.008333 0.041667
1 0.475781 0.392593 0.008854 0.038889
1 0.045312 0.518519 0.015625 0.055556
1 0.279427 0.393519 0.009896 0.044444
1 0.163802 0.339352 0.007812 0.036111
1 0.635677 0.431019 0.008854 0.050926
1 0.671354 0.451389 0.010417 0.049074
1 0.512500 0.299537 0.007292 0.034259
1 0.495833 0.357870 0.011458 0.039815
0 0.861318 0.352241 0.003646 0.006870
