1 0.181250 0.307870 0.010417 0.049074
1 0.447917 0.394444 0.010417 0.055556
1 0.578385 0.298611 0.013021 0.047222
1 0.443750 0.340741 0.009375 0.048148
1 0.837760 0.667593 0.019271 0.072222
1 0.309635 0.475926 0.013021 0.062963
1 0.687500 0.630556 0.012500 0.072222
1 0.290104 0.739352 0.015625 0.084259
1 0.229167 0.612037 0.015625 0.075926
1 0.173698 0.221759 0.010937 0.041667
1 0.552865 0.262963 0.009896 0.040741
1 0.133073 0.409259 0.010937 0.057407
1 0.473438 0.402778 0.011458 0.053704
1 0.489583 0.343981 0.010417 0.050926
1 0.507552 0.361111 0.010937 0.048148
1 0.108854 0.486574 0.019792 0.067593
1 0.317708 0.341667 0.011458 0.053704
1 0.210677 0.262500 0.008854 0.039815
1 0.703646 0.403704 0.010417 0.061111
1 0.741146 0.430556 0.014583 0.061111
1 0.581771 0.234259 0.008333 0.040741
1 0.539323 0.302315 0.010937 0.047222
