1 0.172135 0.238889 0.014063 0.068519
1 0.374740 0.479167 0.016146 0.086111
1 0.861458 0.205556 0.010417 0.062963
1 0.320052 0.259259 0.011979 0.064815
1 0.875000 0.556481 0.017708 0.085185
1 0.535937 0.405556 0.016667 0.077778
1 0.452865 0.555556 0.015104 0.085185
1 0.499219 0.918981 0.025521 0.125000
1 0.071354 0.493519 0.017708 0.081481
1 0.266146 0.054167 0.010417 0.047222
1 0.425521 0.192130 0.011458 0.056481
1 0.487240 0.273611 0.011979 0.067593
1 0.335677 0.335185 0.011979 0.070370
1 0.598437 0.206481 0.012500 0.059259
1 0.732292 0.304630 0.015625 0.066667
1 0.116146 0.320833 0.015625 0.073148
1 0.200521 0.203704 0.010417 0.062963
1 0.500260 0.136111 0.009896 0.050000
1 0.491667 0.393519 0.017708 0.083333
1 0.928906 0.351852 0.016146 0.075926
1 0.727344 0.100000 0.011979 0.048148
1 0.493229 0.204630 0.017708 0.059259
0 0.500260 0.303241 0.006771 0.012037
