1 0.240365 0.309259 0.014063 0.055556
1 0.534375 0.375463 0.014583 0.058333
1 0.868229 0.321296 0.016667 0.051852
1 0.509896 0.265278 0.013542 0.045370
1 0.745833 0.654167 0.020833 0.075000
1 0.199479 0.374074 0.017708 0.051852
1 0.578646 0.725926 0.023958 0.087037
1 0.331510 0.535648 0.017188 0.073148
1 0.370833 0.522222 0.014583 0.070370
1 0.274219 0.206944 0.010937 0.041667
1 0.776042 0.227315 0.012500 0.034259
1 0.346615 0.321759 0.010937 0.052778
1 0.435937 0.384259 0.016667 0.059259
1 0.542448 0.316667 0.014063 0.050000
1 0.624479 0.374074 0.015625 0.051852
1 0.128646 0.371759 0.019792 0.060185
1 0.310677 0.275000 0.011979 0.050000
1 0.366927 0.264352 0.011979 0.045370
1 0.734115 0.378704 0.018229 0.061111
1 0.880208 0.429630 0.022917 0.066667
1 0.800781 0.263426 0.013021 0.039815
1 0.772656 0.274537 0.009896 0.050926
0 0.610010 0.140773 0.004198 0.007454
