1 0.221615 0.395370 0.011979 0.055556
1 0.614323 0.401852 0.016146 0.055556
1 0.887500 0.366204 0.012500 0.050926
1 0.509896 0.326389 0.011458 0.043519
1 0.877344 0.656019 0.021354 0.071296
1 0.232292 0.452315 0.017708 0.054630
1 0.666406 0.707870 0.019271 0.080556
1 0.282813 0.612963 0.015625 0.072222
1 0.342187 0.571296 0.013542 0.068519
1 0.240885 0.287500 0.010937 0.039815
1 0.846354 0.287500 0.008333 0.039815
1 0.285938 0.406944 0.010417 0.054630
1 0.382031 0.461574 0.017188 0.054630
1 0.571354 0.358796 0.014583 0.047222
1 0.681771 0.411574 0.015625 0.050926
1 0.031771 0.471759 0.012500 0.062037
1 0.272656 0.343981 0.009896 0.049074
1 0.317708 0.326852 0.007292 0.044444
1 0.813021 0.428704 0.019792 0.061111
1 0.918750 0.456481 0.020833 0.061111
1 0.875260 0.302315 0.011979 0.043519
1 0.737500 0.343056 0.012500 0.049074
0 0.961839 0.264023 0.004167 0.007787
