1 0.226042 0.426852 0.011458 0.053704
1 0.618490 0.427315 0.016146 0.050926
1 0.838021 0.379167 0.008333 0.049074
1 0.517708 0.362037 0.012500 0.044444
1 0.905729 0.682407 0.021875 0.068519
1 0.255990 0.488426 0.017188 0.054630
1 0.672396 0.694907 0.021875 0.071296
1 0.276823 0.650463 0.018229 0.073148
1 0.309635 0.583333 0.013021 0.064815
1 0.236979 0.319907 0.009375 0.041667
1 0.810937 0.319444 0.008333 0.035185
1 0.263281 0.438889 0.010937 0.050000
1 0.392188 0.487037 0.018750 0.057407
1 0.576823 0.381481 0.010937 0.044444
1 0.671354 0.419444 0.014583 0.050000
1 0.017448 0.508796 0.014063 0.060185
1 0.273438 0.373611 0.010417 0.045370
1 0.288802 0.353704 0.008854 0.042593
1 0.830729 0.446296 0.013542 0.053704
1 0.927865 0.470833 0.022396 0.054630
1 0.842448 0.315278 0.011979 0.034259
1 0.716667 0.370833 0.010417 0.045370
0 0.965104 0.317593 0.004167 0.007407
