1 0.174479 0.251389 0.011458 0.067593
1 0.368750 0.488889 0.016667 0.087037
1 0.861979 0.218519 0.010417 0.061111
1 0.305208 0.268981 0.013542 0.065741
1 0.857031 0.558796 0.022396 0.082407
1 0.538542 0.415278 0.020833 0.076852
1 0.446875 0.566204 0.015625 0.084259
1 0.494010 0.907407 0.022396 0.125926
1 0.072396 0.504630 0.016667 0.081481
1 0.262500 0.064815 0.011458 0.046296
1 0.426042 0.207870 0.013542 0.056481
1 0.480990 0.284259 0.010937 0.066667
1 0.330729 0.347222 0.011458 0.068519
1 0.592448 0.216667 0.011979 0.059259
1 0.716667 0.314815 0.013542 0.066667
1 0.111719 0.334722 0.013021 0.073148
1 0.203125 0.220833 0.010417 0.062037
1 0.494271 0.146296 0.010417 0.050000
1 0.485938 0.403241 0.017708 0.082407
1 0.933594 0.356944 0.017188 0.076852
1 0.711979 0.109722 0.010417 0.047222
1 0.495052 0.226389 0.013021 0.062037
0 0.494792 0.312963 0.007292 0.012963
