1 0.226042 0.428241 0.010417 0.054630
1 0.616927 0.429167 0.010937 0.050926
1 0.829948 0.379167 0.008854 0.049074
1 0.517448 0.363889 0.009896 0.044444
1 0.905990 0.687963 0.024479 0.070370
1 0.256510 0.490741 0.010937 0.053704
1 0.670573 0.693056 0.015104 0.071296
1 0.275000 0.652778 0.014583 0.072222
1 0.306771 0.582870 0.012500 0.062037
1 0.236198 0.321759 0.010937 0.041667
1 0.803125 0.321296 0.008333 0.037037
1 0.260677 0.442130 0.014063 0.050926
1 0.395573 0.489352 0.011979 0.054630
1 0.573698 0.384722 0.015104 0.043519
1 0.671094 0.418519 0.013021 0.050000
1 0.018229 0.512037 0.011458 0.061111
1 0.272917 0.376389 0.010417 0.045370
1 0.285417 0.356019 0.009375 0.041667
1 0.830469 0.447222 0.020313 0.053704
1 0.925000 0.474074 0.018750 0.051852
1 0.832031 0.314815 0.010937 0.037037
1 0.712760 0.372222 0.013021 0.048148
0 0.962760 0.310648 0.003646 0.006481
