1 0.330729 0.237500 0.017708 0.043519
1 0.388021 0.319907 0.012500 0.060185
1 0.759375 0.237500 0.014583 0.052778
1 0.476302 0.235185 0.013021 0.051852
1 0.824219 0.615741 0.019271 0.077778
1 0.566146 0.354630 0.013542 0.059259
1 0.602865 0.543519 0.019271 0.074074
1 0.270313 0.770370 0.020833 0.101852
1 0.131771 0.411574 0.015625 0.065741
1 0.221354 0.169444 0.012500 0.042593
1 0.628385 0.181481 0.009896 0.040741
1 0.340365 0.236111 0.010937 0.042593
1 0.408333 0.318981 0.014583 0.058333
1 0.521875 0.233796 0.012500 0.049074
1 0.635938 0.274537 0.008333 0.050926
1 0.123438 0.293981 0.015625 0.056481
1 0.265417 0.205556 0.014167 0.044444
1 0.257552 0.199074 0.011979 0.038889
1 0.658333 0.284259 0.014583 0.057407
1 0.829427 0.373148 0.017188 0.062963
1 0.654687 0.184259 0.013542 0.038889
1 0.727604 0.243056 0.010417 0.050926
0 0.285677 0.192593 0.003646 0.007407
