1 0.306771 0.338426 0.014583 0.076852
1 0.558594 0.332407 0.015104 0.072222
1 0.827344 0.392593 0.021354 0.075926
1 0.421094 0.368056 0.018229 0.071296
1 0.765625 0.792593 0.026042 0.100000
1 0.544531 0.596296 0.016146 0.092593
1 0.377083 0.641667 0.022917 0.090741
1 0.250260 0.707870 0.021354 0.104630
1 0.177083 0.607870 0.016667 0.091667
1 0.457813 0.051389 0.009375 0.043519
1 0.521615 0.307870 0.016146 0.065741
1 0.409896 0.478241 0.026042 0.071296
1 0.437500 0.451389 0.028125 0.063889
1 0.609896 0.397222 0.015625 0.075926
1 0.509896 0.468056 0.027083 0.067593
1 0.254427 0.437500 0.014063 0.078704
1 0.349479 0.257407 0.016667 0.066667
1 0.398438 0.209722 0.012500 0.056481
1 0.809635 0.478704 0.014063 0.087037
1 0.858073 0.556019 0.030729 0.087963
1 0.795833 0.260185 0.012500 0.064815
1 0.591406 0.396759 0.018229 0.073148
0 0.854776 0.053694 0.008531 0.012759
