1 0.294531 0.347685 0.013021 0.076852
1 0.534115 0.350463 0.011979 0.069444
1 0.783854 0.373611 0.017708 0.076852
1 0.406510 0.359722 0.013021 0.073148
1 0.786979 0.825463 0.028125 0.104630
1 0.480990 0.577778 0.021354 0.090741
1 0.413542 0.691204 0.017708 0.093519
1 0.193229 0.762963 0.018750 0.103704
1 0.212760 0.627315 0.018229 0.089815
1 0.421615 0.053241 0.010937 0.049074
1 0.512240 0.300000 0.018229 0.064815
1 0.243229 0.494907 0.016667 0.080556
1 0.383854 0.469907 0.015625 0.084259
1 0.553646 0.404167 0.016667 0.075000
1 0.495573 0.444444 0.010937 0.077778
1 0.245833 0.450000 0.019792 0.075926
1 0.331250 0.268519 0.013542 0.066667
1 0.369792 0.200926 0.013542 0.055556
1 0.738021 0.466204 0.018750 0.087963
1 0.826042 0.554167 0.022917 0.095370
1 0.757292 0.234259 0.013542 0.059259
1 0.528906 0.379630 0.015104 0.072222
