1 0.186979 0.221759 0.014583 0.065741
1 0.377604 0.446296 0.016667 0.088889
1 0.876563 0.189352 0.013542 0.063889
1 0.343229 0.243056 0.014583 0.062037
1 0.899740 0.551389 0.026562 0.082407
1 0.504687 0.390741 0.018750 0.075926
1 0.487500 0.544444 0.033333 0.077778
1 0.481510 0.944444 0.025521 0.109259
1 0.073177 0.483333 0.015104 0.083333
1 0.269010 0.038426 0.010937 0.045370
1 0.446354 0.171296 0.009375 0.055556
1 0.476823 0.262037 0.015104 0.057407
1 0.371094 0.318056 0.018229 0.065741
1 0.593490 0.193981 0.013021 0.056481
1 0.759896 0.292593 0.017708 0.064815
1 0.130990 0.306481 0.013021 0.068519
1 0.237500 0.166204 0.010417 0.058333
1 0.495052 0.118981 0.011979 0.052778
1 0.538021 0.357407 0.027083 0.072222
1 0.937760 0.344444 0.017188 0.075926
1 0.752865 0.093056 0.013021 0.050926
1 0.554167 0.194444 0.017708 0.051852
0 0.687240 0.307870 0.004687 0.010185
