1 0.230469 0.318056 0.016146 0.063889
1 0.481771 0.362037 0.023958 0.062963
1 0.772917 0.355093 0.011458 0.063889
1 0.441927 0.331481 0.017188 0.061111
1 0.753646 0.631019 0.018750 0.080556
1 0.550781 0.531944 0.021354 0.076852
1 0.614323 0.779167 0.025521 0.102778
1 0.315885 0.635648 0.019271 0.091667
1 0.218490 0.595833 0.024479 0.078704
1 0.345573 0.135648 0.011979 0.037963
1 0.639844 0.301389 0.014063 0.054630
1 0.300521 0.412500 0.022917 0.065741
1 0.370052 0.451389 0.016146 0.073148
1 0.562760 0.343981 0.018229 0.058333
1 0.575521 0.435185 0.014583 0.072222
1 0.149219 0.431944 0.018229 0.073148
1 0.284115 0.277778 0.021354 0.050000
1 0.320312 0.268519 0.012500 0.046296
1 0.701302 0.472222 0.017188 0.083333
1 0.766667 0.481944 0.015625 0.080556
1 0.742448 0.315278 0.014063 0.056481
1 0.754427 0.327315 0.016146 0.052778
0 0.300781 0.223611 0.003646 0.008333
