1 0.170313 0.210648 0.014583 0.063889
1 0.353385 0.319907 0.013021 0.073148
1 0.778646 0.149074 0.008333 0.057407
1 0.388542 0.185185 0.016667 0.059259
1 0.923438 0.557407 0.028125 0.085185
1 0.527344 0.366667 0.014063 0.070370
1 0.614583 0.481019 0.019792 0.082407
1 0.351302 0.911574 0.024479 0.117593
1 0.063021 0.498148 0.023958 0.081481
1 0.217969 0.036574 0.011979 0.041667
1 0.538021 0.125000 0.014583 0.050000
1 0.216927 0.250463 0.013021 0.065741
1 0.426042 0.300463 0.016667 0.067593
1 0.513021 0.184722 0.011458 0.058333
1 0.651823 0.237500 0.013021 0.062037
1 0.138281 0.292130 0.017188 0.069444
1 0.268490 0.121296 0.013021 0.055556
1 0.326823 0.098148 0.008854 0.050000
1 0.666146 0.252315 0.018750 0.067593
1 0.938802 0.330556 0.026562 0.072222
1 0.697656 0.067593 0.009896 0.044444
1 0.666146 0.168056 0.014583 0.052778
0 0.770573 0.168519 0.004687 0.009259
