1 0.173177 0.239352 0.014063 0.067593
1 0.374479 0.479630 0.016667 0.085185
1 0.861719 0.206019 0.009896 0.062037
1 0.319271 0.259722 0.012500 0.065741
1 0.874740 0.556019 0.016146 0.086111
1 0.537240 0.406481 0.016146 0.077778
1 0.452344 0.555556 0.015104 0.085185
1 0.497917 0.914815 0.026042 0.122222
1 0.071875 0.493519 0.018750 0.081481
1 0.266406 0.054167 0.011979 0.047222
1 0.426042 0.193056 0.011458 0.056481
1 0.486979 0.274537 0.011458 0.067593
1 0.335677 0.335648 0.011979 0.069444
1 0.598177 0.206944 0.011979 0.058333
1 0.731250 0.304630 0.014583 0.066667
1 0.115625 0.321296 0.015625 0.072222
1 0.200000 0.205556 0.009375 0.062963
1 0.500000 0.136574 0.010417 0.049074
1 0.491146 0.393519 0.017708 0.083333
1 0.928906 0.351852 0.017188 0.074074
1 0.726042 0.100000 0.013542 0.048148
1 0.492708 0.205556 0.016667 0.059259
0 0.500260 0.303241 0.006771 0.012037
