1 0.168490 0.208796 0.010937 0.065741
1 0.356771 0.356944 0.016667 0.078704
1 0.830990 0.151389 0.015104 0.058333
1 0.354948 0.202778 0.016146 0.061111
1 0.918229 0.535185 0.021875 0.087037
1 0.487240 0.376389 0.025521 0.069444
1 0.590625 0.506481 0.014583 0.085185
1 0.400521 0.931019 0.022917 0.125000
1 0.057552 0.486111 0.023438 0.081481
1 0.233333 0.022222 0.009375 0.042593
1 0.490365 0.134722 0.017188 0.049074
1 0.311198 0.242593 0.010937 0.064815
1 0.404427 0.306019 0.016146 0.069444
1 0.530208 0.186574 0.011458 0.060185
1 0.718229 0.259259 0.025000 0.062963
1 0.128646 0.297222 0.011458 0.072222
1 0.246875 0.131481 0.013542 0.053704
1 0.394531 0.095370 0.010937 0.050000
1 0.642188 0.275000 0.015625 0.068519
1 0.924219 0.322222 0.024479 0.072222
1 0.717187 0.064815 0.011458 0.048148
1 0.632552 0.196759 0.015104 0.056481
0 0.763281 0.222685 0.004687 0.008333
