1 0.173177 0.442130 0.009896 0.052778
1 0.540885 0.441204 0.017188 0.050926
1 0.711198 0.381944 0.008854 0.045370
1 0.462500 0.386574 0.009375 0.043519
1 0.851302 0.694907 0.019271 0.063889
1 0.210938 0.512037 0.014583 0.053704
1 0.615365 0.678241 0.013021 0.067593
1 0.219792 0.672222 0.015625 0.072222
1 0.242448 0.589815 0.015104 0.064815
1 0.178385 0.343519 0.010937 0.038889
1 0.688802 0.336111 0.006771 0.035185
1 0.195833 0.461111 0.009375 0.051852
1 0.361719 0.491667 0.016146 0.053704
1 0.501302 0.398611 0.011979 0.043519
1 0.594531 0.418519 0.008854 0.046296
1 0.228646 0.398148 0.009375 0.042593
1 0.217188 0.370833 0.007292 0.037963
1 0.767188 0.452778 0.014583 0.051852
1 0.849479 0.472222 0.010417 0.051852
1 0.701823 0.320370 0.009896 0.031481
1 0.635156 0.381944 0.013021 0.043519
