1 0.150781 0.386574 0.009896 0.045370
1 0.434635 0.417130 0.009896 0.049074
1 0.559375 0.341667 0.008333 0.038889
1 0.463281 0.363426 0.009896 0.043519
1 0.873698 0.693519 0.013021 0.070370
1 0.213281 0.484259 0.009896 0.051852
1 0.617708 0.619444 0.021875 0.061111
1 0.195052 0.659722 0.014063 0.069444
1 0.187240 0.574537 0.013021 0.062037
1 0.155208 0.307407 0.010417 0.037037
1 0.550521 0.311111 0.007292 0.033333
1 0.151823 0.436574 0.011979 0.047222
1 0.872917 0.351389 0.009375 0.039815
1 0.429688 0.425926 0.011458 0.042593
1 0.451042 0.371296 0.008333 0.040741
1 0.510938 0.377315 0.009375 0.039815
1 0.015885 0.501389 0.011979 0.054630
1 0.261198 0.377778 0.011979 0.042593
1 0.170833 0.333796 0.007292 0.036111
1 0.673958 0.417130 0.011458 0.049074
1 0.707031 0.434722 0.011979 0.049074
1 0.543490 0.287500 0.006771 0.032407
1 0.534635 0.346759 0.006771 0.039815
