1 0.180208 0.215278 0.018750 0.045370
1 0.341146 0.282407 0.013542 0.062963
1 0.730469 0.190278 0.014063 0.047222
1 0.469792 0.197222 0.011458 0.048148
1 0.834115 0.575000 0.018229 0.074074
1 0.565104 0.332407 0.014583 0.057407
1 0.567708 0.500000 0.018750 0.074074
1 0.259635 0.821759 0.025521 0.112037
1 0.097656 0.400926 0.019271 0.066667
1 0.161719 0.130093 0.013021 0.041667
1 0.606250 0.131019 0.012500 0.036111
1 0.193490 0.223148 0.016146 0.044444
1 0.383594 0.294907 0.015104 0.060185
1 0.519792 0.192593 0.009375 0.044444
1 0.601302 0.228704 0.010937 0.048148
1 0.092448 0.283333 0.013021 0.057407
1 0.260937 0.152778 0.013542 0.037037
1 0.220833 0.152778 0.011458 0.040741
1 0.616406 0.237500 0.010937 0.052778
1 0.810156 0.329630 0.011979 0.062963
1 0.638021 0.135185 0.010417 0.037037
1 0.692448 0.195370 0.016146 0.048148
0 0.360599 0.185231 0.004531 0.009352
