1 0.218490 0.347685 0.016146 0.056481
1 0.575781 0.378241 0.022396 0.054630
1 0.886458 0.332870 0.017708 0.050926
1 0.507292 0.287500 0.012500 0.045370
1 0.827083 0.647222 0.028125 0.075926
1 0.205990 0.404167 0.013021 0.052778
1 0.632292 0.721759 0.028125 0.084259
1 0.301302 0.568981 0.020313 0.073148
1 0.371875 0.543056 0.018750 0.069444
1 0.250000 0.239815 0.007292 0.040741
1 0.820312 0.249074 0.017708 0.037037
1 0.306510 0.363426 0.010937 0.052778
1 0.408854 0.416667 0.008333 0.059259
1 0.549740 0.331019 0.018229 0.047222
1 0.660156 0.386111 0.018229 0.053704
1 0.068490 0.416204 0.018229 0.058333
1 0.283333 0.303241 0.013542 0.049074
1 0.340885 0.287963 0.008854 0.044444
1 0.768229 0.399074 0.026042 0.057407
1 0.900260 0.435648 0.021354 0.062037
1 0.842969 0.279630 0.016146 0.040741
1 0.751563 0.301389 0.017708 0.049074
0 0.876719 0.195852 0.004656 0.008278
