1 0.390104 0.271759 0.018750 0.045370
1 0.409635 0.361111 0.017188 0.059259
1 0.774740 0.295833 0.010937 0.049074
1 0.477865 0.278241 0.010937 0.049074
1 0.782292 0.656481 0.020833 0.077778
1 0.527865 0.387037 0.011979 0.050000
1 0.627865 0.603704 0.022396 0.072222
1 0.262760 0.713889 0.016146 0.094444
1 0.151042 0.441667 0.016667 0.061111
1 0.251302 0.215741 0.011979 0.044444
1 0.635677 0.243519 0.008854 0.040741
1 0.441146 0.268056 0.014583 0.043519
1 0.423698 0.353704 0.017188 0.048148
1 0.501042 0.283333 0.008333 0.046296
1 0.653125 0.333333 0.009375 0.048148
1 0.145313 0.318981 0.011458 0.041667
1 0.271875 0.263889 0.010417 0.046296
1 0.273958 0.249074 0.011458 0.046296
1 0.682813 0.343519 0.011458 0.055556
1 0.828646 0.424537 0.017708 0.065741
1 0.644531 0.246296 0.008854 0.040741
1 0.750260 0.295833 0.017188 0.050926
0 0.249740 0.302315 0.004687 0.008333
