1 0.257812 0.390278 0.010417 0.073148
1 0.532813 0.382870 0.018750 0.067593
1 0.808854 0.505093 0.017708 0.073148
1 0.476823 0.461111 0.017188 0.074074
1 0.816406 0.730556 0.025521 0.092593
1 0.586458 0.607870 0.020833 0.087963
1 0.403906 0.713426 0.023438 0.086111
1 0.343229 0.626852 0.021875 0.085185
1 0.221615 0.618519 0.015104 0.085185
1 0.408333 0.114815 0.010417 0.044444
1 0.590625 0.380556 0.020833 0.062963
1 0.430469 0.493981 0.009896 0.056481
1 0.428385 0.537037 0.024479 0.077778
1 0.583073 0.496759 0.020313 0.067593
1 0.592187 0.525926 0.017708 0.079630
1 0.214062 0.509259 0.014583 0.081481
1 0.325521 0.299074 0.010417 0.062963
1 0.395833 0.265278 0.011458 0.052778
1 0.653906 0.541204 0.025521 0.058333
1 0.678385 0.527315 0.019271 0.071296
1 0.769271 0.370833 0.022917 0.058333
1 0.665885 0.496759 0.022396 0.069444
0 0.736198 0.418056 0.004687 0.010185
