1 0.240885 0.366204 0.015104 0.076852
1 0.543750 0.370833 0.014583 0.073148
1 0.724219 0.330093 0.016146 0.067593
1 0.387240 0.419907 0.009896 0.078704
1 0.800000 0.807407 0.025000 0.101852
1 0.446615 0.545370 0.019271 0.087037
1 0.475521 0.729167 0.018750 0.095370
1 0.218750 0.802778 0.025000 0.109259
1 0.199740 0.659259 0.018229 0.088889
1 0.344531 0.094907 0.010937 0.043519
1 0.501042 0.291204 0.014583 0.060185
1 0.194531 0.462037 0.011979 0.077778
1 0.396615 0.491667 0.013021 0.079630
1 0.553906 0.380093 0.016146 0.067593
1 0.487760 0.457870 0.016146 0.076852
1 0.210938 0.487037 0.021875 0.079630
1 0.283854 0.325926 0.014583 0.068519
1 0.345313 0.203704 0.012500 0.051852
1 0.735938 0.464815 0.012500 0.081481
1 0.803385 0.512500 0.022396 0.087963
1 0.715625 0.216204 0.011458 0.054630
1 0.538021 0.343981 0.012500 0.069444
