1 0.276302 0.368519 0.017188 0.077778
1 0.541406 0.386574 0.010937 0.073148
1 0.764323 0.369907 0.016146 0.073148
1 0.394010 0.398148 0.016146 0.074074
1 0.794010 0.812037 0.024479 0.100000
1 0.471875 0.566667 0.020833 0.085185
1 0.438542 0.725926 0.014583 0.094444
1 0.202604 0.796296 0.023958 0.103704
1 0.209375 0.658333 0.020833 0.088889
1 0.392708 0.085648 0.010417 0.041667
1 0.513542 0.309259 0.013542 0.062963
1 0.208594 0.489352 0.020313 0.082407
1 0.391927 0.491667 0.011979 0.079630
1 0.551562 0.414352 0.014583 0.071296
1 0.493490 0.459722 0.013021 0.071296
1 0.232031 0.477315 0.017188 0.080556
1 0.306510 0.314815 0.009896 0.070370
1 0.362240 0.217130 0.014063 0.054630
1 0.732292 0.477315 0.017708 0.082407
1 0.822656 0.554167 0.021354 0.089815
1 0.744010 0.239815 0.011979 0.059259
1 0.527604 0.378241 0.014583 0.073148
