1 0.226302 0.427778 0.009896 0.053704
1 0.616667 0.428704 0.012500 0.050000
1 0.831771 0.379630 0.009375 0.050000
1 0.517448 0.363426 0.009896 0.043519
1 0.905469 0.686111 0.024479 0.070370
1 0.256250 0.490278 0.011458 0.052778
1 0.671354 0.693056 0.013542 0.071296
1 0.275781 0.651852 0.016146 0.072222
1 0.307292 0.582407 0.012500 0.062963
1 0.236458 0.320833 0.010417 0.041667
1 0.805208 0.321296 0.008333 0.037037
1 0.261458 0.441667 0.013542 0.051852
1 0.394271 0.488889 0.013542 0.055556
1 0.574740 0.384259 0.015104 0.044444
1 0.670833 0.418981 0.013542 0.049074
1 0.017708 0.510648 0.010417 0.060185
1 0.273177 0.375463 0.008854 0.043519
1 0.286719 0.355093 0.009896 0.041667
1 0.830208 0.447222 0.018750 0.053704
1 0.925260 0.474074 0.020313 0.053704
1 0.834375 0.314815 0.010417 0.037037
1 0.713542 0.371759 0.011458 0.047222
0 0.963672 0.313194 0.003906 0.006944
