1 0.153385 0.362963 0.007812 0.044444
1 0.420833 0.431944 0.010417 0.050926
1 0.532031 0.343056 0.007812 0.041667
1 0.424479 0.372685 0.008333 0.043519
1 0.800000 0.674074 0.011458 0.066667
1 0.244531 0.504630 0.014063 0.055556
1 0.657292 0.641667 0.015625 0.064815
1 0.236979 0.717593 0.014583 0.077778
1 0.194792 0.612037 0.013542 0.064815
1 0.147656 0.292593 0.009896 0.038889
1 0.523698 0.312037 0.008854 0.035185
1 0.119010 0.449074 0.013021 0.051852
1 0.902865 0.355093 0.008854 0.041667
1 0.438542 0.428241 0.010417 0.047222
1 0.445052 0.382407 0.009896 0.044444
1 0.478125 0.387963 0.008333 0.042593
1 0.064062 0.513426 0.015625 0.056481
1 0.292969 0.386574 0.009896 0.047222
1 0.171354 0.324537 0.008333 0.036111
1 0.643750 0.430556 0.011458 0.053704
1 0.683073 0.450926 0.010937 0.053704
1 0.524740 0.285185 0.006771 0.033333
1 0.500260 0.349074 0.011979 0.040741
0 0.901555 0.348639 0.003661 0.006870
