1 0.244010 0.309722 0.014063 0.054630
1 0.532552 0.377315 0.017188 0.058333
1 0.868229 0.323611 0.015625 0.052778
1 0.510938 0.268056 0.015625 0.045370
1 0.740104 0.656481 0.028125 0.074074
1 0.201302 0.376389 0.018229 0.054630
1 0.580208 0.722222 0.018750 0.088889
1 0.334375 0.537500 0.014583 0.073148
1 0.368490 0.524537 0.019271 0.069444
1 0.277083 0.208333 0.011458 0.040741
1 0.775000 0.230093 0.015625 0.034259
1 0.349479 0.322685 0.011458 0.052778
1 0.438802 0.386111 0.019271 0.059259
1 0.543229 0.321296 0.014583 0.050000
1 0.622396 0.376852 0.018750 0.051852
1 0.132812 0.373611 0.019792 0.060185
1 0.313542 0.276852 0.010417 0.048148
1 0.368750 0.265741 0.012500 0.046296
1 0.735156 0.381481 0.018229 0.061111
1 0.881250 0.433796 0.021875 0.067593
1 0.800260 0.266204 0.014063 0.041667
1 0.774479 0.276852 0.011458 0.051852
0 0.592385 0.151704 0.004250 0.007537
