1 0.181250 0.269444 0.012500 0.066667
1 0.358073 0.508796 0.016146 0.086111
1 0.867188 0.244444 0.009375 0.062963
1 0.270052 0.289352 0.013021 0.065741
1 0.833073 0.575926 0.018229 0.085185
1 0.524479 0.433333 0.018750 0.077778
1 0.436719 0.583796 0.015104 0.086111
1 0.487500 0.888426 0.022917 0.119444
1 0.082031 0.520370 0.018229 0.079630
1 0.250260 0.085185 0.010937 0.046296
1 0.430208 0.236574 0.014583 0.056481
1 0.469271 0.302778 0.010417 0.066667
1 0.322656 0.380556 0.016146 0.072222
1 0.579948 0.234722 0.011979 0.058333
1 0.700260 0.330093 0.013021 0.065741
1 0.118229 0.363889 0.020833 0.070370
1 0.202604 0.257407 0.012500 0.064815
1 0.484115 0.170833 0.009896 0.050926
1 0.476042 0.421296 0.019792 0.083333
1 0.935937 0.364815 0.012500 0.072222
1 0.684375 0.131481 0.009375 0.048148
1 0.506510 0.259722 0.014063 0.062037
0 0.483073 0.331481 0.006771 0.012963
