1 0.292448 0.343981 0.018229 0.076852
1 0.527865 0.347222 0.017188 0.074074
1 0.781510 0.372685 0.017188 0.075000
1 0.403646 0.356944 0.017708 0.075000
1 0.779687 0.825926 0.021875 0.105556
1 0.480208 0.585185 0.018750 0.094444
1 0.402083 0.692593 0.032292 0.090741
1 0.192448 0.756944 0.016146 0.106481
1 0.206771 0.626852 0.019792 0.090741
1 0.422917 0.051852 0.011458 0.046296
1 0.506510 0.301389 0.015104 0.065741
1 0.241667 0.507870 0.016667 0.084259
1 0.380990 0.468981 0.014063 0.078704
1 0.553125 0.404630 0.018750 0.077778
1 0.492708 0.443519 0.012500 0.075926
1 0.235417 0.447685 0.015625 0.080556
1 0.327865 0.264815 0.014063 0.066667
1 0.365885 0.200463 0.011979 0.056481
1 0.737240 0.464352 0.014063 0.084259
1 0.828125 0.552778 0.020833 0.096296
1 0.753385 0.234259 0.014063 0.061111
1 0.528646 0.386111 0.016667 0.075926
