1 0.200000 0.317130 0.014583 0.060185
1 0.472656 0.379167 0.015104 0.063889
1 0.646354 0.294907 0.013542 0.058333
1 0.430469 0.382407 0.011979 0.064815
1 0.825781 0.722685 0.027604 0.084259
1 0.409115 0.511111 0.014063 0.074074
1 0.644010 0.681019 0.013021 0.087963
1 0.333854 0.798611 0.017708 0.099074
1 0.258854 0.678241 0.020833 0.087963
1 0.224479 0.164815 0.010417 0.044444
1 0.550260 0.265278 0.011979 0.050926
1 0.164583 0.421759 0.013542 0.069444
1 0.439323 0.464815 0.015104 0.072222
1 0.525781 0.346759 0.015104 0.058333
1 0.513021 0.405093 0.012500 0.065741
1 0.144010 0.508333 0.018229 0.075926
1 0.319792 0.331944 0.018750 0.060185
1 0.271615 0.228704 0.014063 0.046296
1 0.755469 0.421296 0.015104 0.070370
1 0.806771 0.467130 0.015625 0.073148
1 0.653125 0.214815 0.010417 0.048148
1 0.588542 0.292130 0.013542 0.054630
