1 0.164844 0.209722 0.016146 0.065741
1 0.349740 0.318981 0.015104 0.071296
1 0.770573 0.149537 0.009896 0.056481
1 0.391146 0.184722 0.012500 0.058333
1 0.923698 0.556944 0.024479 0.084259
1 0.527344 0.365741 0.020313 0.072222
1 0.612500 0.481481 0.021875 0.081481
1 0.342969 0.912037 0.023438 0.118519
1 0.061979 0.498611 0.013542 0.082407
1 0.217448 0.038889 0.014063 0.040741
1 0.541146 0.126389 0.011458 0.049074
1 0.204427 0.254630 0.014063 0.064815
1 0.428385 0.302315 0.013021 0.065741
1 0.508073 0.186111 0.010937 0.055556
1 0.643490 0.233333 0.013021 0.059259
1 0.137240 0.291667 0.018229 0.070370
1 0.266406 0.121296 0.014063 0.051852
1 0.317708 0.099074 0.009375 0.048148
1 0.666667 0.249074 0.013542 0.068519
1 0.935417 0.331944 0.022917 0.071296
1 0.693490 0.068981 0.013021 0.045370
1 0.667188 0.165278 0.016667 0.056481
0 0.762240 0.168056 0.004687 0.008333
