1 0.289583 0.343981 0.017708 0.076852
1 0.523177 0.337037 0.014063 0.057407
1 0.779687 0.375000 0.017708 0.077778
1 0.401042 0.357407 0.018750 0.074074
1 0.774479 0.825000 0.022917 0.103704
1 0.479687 0.584722 0.017708 0.093519
1 0.390365 0.685648 0.024479 0.087963
1 0.193229 0.756944 0.016667 0.108333
1 0.200521 0.626389 0.016667 0.089815
1 0.422135 0.050926 0.009896 0.044444
1 0.503385 0.301852 0.015104 0.066667
1 0.243229 0.505556 0.018750 0.083333
1 0.378385 0.468519 0.022396 0.075926
1 0.553125 0.404167 0.018750 0.078704
1 0.488542 0.443519 0.014583 0.075926
1 0.232813 0.449537 0.018750 0.080556
1 0.325000 0.263889 0.012500 0.066667
1 0.363802 0.201389 0.013021 0.056481
1 0.735156 0.463889 0.014063 0.083333
1 0.828906 0.551852 0.021354 0.096296
1 0.752604 0.235185 0.012500 0.061111
1 0.528385 0.385648 0.015104 0.075000
