1 0.181510 0.274537 0.024479 0.067593
1 0.353385 0.516667 0.017188 0.087037
1 0.864323 0.253241 0.013021 0.062037
1 0.257812 0.298148 0.014583 0.064815
1 0.826042 0.590741 0.016667 0.087037
1 0.519010 0.442130 0.013021 0.076852
1 0.433854 0.588426 0.013542 0.084259
1 0.483854 0.878704 0.019792 0.111111
1 0.088802 0.527778 0.021354 0.079630
1 0.245312 0.093981 0.011458 0.045370
1 0.434896 0.249074 0.016667 0.057407
1 0.465365 0.311111 0.010937 0.066667
1 0.321354 0.397222 0.018750 0.074074
1 0.575781 0.243056 0.013021 0.058333
1 0.694271 0.337037 0.011458 0.064815
1 0.125521 0.374537 0.019792 0.071296
1 0.204687 0.271296 0.013542 0.064815
1 0.481250 0.182407 0.010417 0.051852
1 0.471094 0.428704 0.017188 0.081481
1 0.932031 0.370370 0.015104 0.074074
1 0.674479 0.140741 0.011458 0.048148
1 0.509375 0.273148 0.011458 0.062963
0 0.478385 0.339352 0.006771 0.012037
