1 0.259635 0.374537 0.019271 0.075000
1 0.536719 0.366667 0.015104 0.070370
1 0.789844 0.476389 0.026562 0.067593
1 0.460938 0.463889 0.015625 0.077778
1 0.807552 0.735185 0.026562 0.094444
1 0.577344 0.592593 0.019271 0.083333
1 0.385417 0.678704 0.025000 0.074074
1 0.336198 0.607407 0.028646 0.081481
1 0.217708 0.595370 0.020833 0.081481
1 0.417187 0.097685 0.010417 0.045370
1 0.575260 0.365278 0.014063 0.065741
1 0.435156 0.495833 0.010937 0.080556
1 0.476042 0.508333 0.015625 0.077778
1 0.570833 0.498148 0.017708 0.057407
1 0.568750 0.520370 0.022917 0.074074
1 0.226302 0.497685 0.013021 0.082407
1 0.326562 0.285185 0.012500 0.062963
1 0.398177 0.250926 0.016146 0.055556
1 0.721693 0.504648 0.018698 0.069222
1 0.736146 0.517500 0.019167 0.084630
1 0.774740 0.346296 0.021354 0.061111
1 0.655469 0.493056 0.016146 0.078704
0 0.725781 0.462037 0.005729 0.011111
