1 0.223698 0.371296 0.020313 0.075926
1 0.533854 0.379630 0.014583 0.072222
1 0.707552 0.332407 0.014063 0.066667
1 0.392969 0.433333 0.015104 0.074074
1 0.801562 0.798611 0.031250 0.099074
1 0.419531 0.562500 0.016146 0.086111
1 0.505208 0.732870 0.026042 0.089815
1 0.238542 0.810185 0.030208 0.103704
1 0.208854 0.679167 0.025000 0.087963
1 0.310417 0.121759 0.010417 0.043519
1 0.501302 0.305556 0.016146 0.057407
1 0.186979 0.465741 0.015625 0.075926
1 0.402865 0.505093 0.011979 0.075000
1 0.547917 0.380556 0.013542 0.068519
1 0.486458 0.465741 0.017708 0.074074
1 0.191667 0.513889 0.017708 0.077778
1 0.289844 0.340278 0.010937 0.067593
1 0.333333 0.218981 0.013542 0.050926
1 0.744271 0.475926 0.018750 0.083333
1 0.807292 0.519444 0.015625 0.081481
1 0.705729 0.225000 0.013542 0.053704
1 0.557813 0.342593 0.013542 0.064815
