1 0.182552 0.304167 0.013021 0.058333
1 0.450781 0.383333 0.011979 0.066667
1 0.606771 0.287963 0.013542 0.055556
1 0.429948 0.355556 0.011979 0.061111
1 0.825781 0.685648 0.013021 0.082407
1 0.365885 0.487500 0.014063 0.067593
1 0.661458 0.651852 0.026042 0.081481
1 0.310156 0.778704 0.018229 0.100000
1 0.244010 0.652778 0.017188 0.085185
1 0.189323 0.183333 0.009896 0.048148
1 0.545312 0.256481 0.009375 0.046296
1 0.135937 0.410648 0.013542 0.063889
1 0.453125 0.429630 0.012500 0.059259
1 0.501302 0.338889 0.013021 0.053704
1 0.508073 0.377778 0.014063 0.057407
1 0.127604 0.500463 0.014583 0.073148
1 0.308333 0.330093 0.013542 0.058333
1 0.231771 0.237963 0.011458 0.046296
1 0.727604 0.407870 0.014583 0.067593
1 0.767448 0.442130 0.017188 0.069444
1 0.612240 0.215278 0.008854 0.045370
1 0.557552 0.288426 0.009896 0.052778
