1 0.174740 0.245833 0.011979 0.067593
1 0.371354 0.484722 0.016667 0.086111
1 0.861458 0.212963 0.011458 0.061111
1 0.309896 0.264815 0.013542 0.064815
1 0.863281 0.556019 0.018229 0.082407
1 0.540885 0.411574 0.020313 0.076852
1 0.449219 0.561111 0.015104 0.085185
1 0.490365 0.907870 0.029687 0.121296
1 0.073438 0.499537 0.019792 0.080556
1 0.264583 0.060648 0.011458 0.045370
1 0.425260 0.203241 0.008854 0.056481
1 0.483594 0.280093 0.010937 0.067593
1 0.333073 0.341667 0.011979 0.068519
1 0.594792 0.212037 0.012500 0.059259
1 0.720313 0.311111 0.014583 0.066667
1 0.113281 0.327315 0.014063 0.071296
1 0.203385 0.215278 0.015104 0.060185
1 0.495833 0.141667 0.009375 0.050000
1 0.488021 0.398148 0.017708 0.083333
1 0.934635 0.354630 0.014063 0.075926
1 0.717448 0.105093 0.008854 0.047222
1 0.494792 0.217130 0.009375 0.060185
0 0.497135 0.309259 0.006771 0.012963
