1 0.262760 0.375926 0.016146 0.075926
1 0.538802 0.368519 0.011979 0.070370
1 0.796354 0.480556 0.028125 0.074074
1 0.471354 0.457407 0.018750 0.075926
1 0.809635 0.731944 0.029687 0.095370
1 0.583333 0.592130 0.015625 0.084259
1 0.387500 0.687500 0.029167 0.075000
1 0.339583 0.609722 0.023958 0.082407
1 0.224219 0.597685 0.017188 0.084259
1 0.417969 0.099074 0.007812 0.046296
1 0.580990 0.365741 0.011979 0.068519
1 0.437500 0.498611 0.013542 0.080556
1 0.464062 0.513426 0.015625 0.076852
1 0.572917 0.504630 0.020833 0.077778
1 0.577865 0.525000 0.016146 0.075926
1 0.225781 0.499537 0.013021 0.084259
1 0.330469 0.286574 0.011979 0.063889
1 0.400521 0.250463 0.011458 0.054630
1 0.709115 0.504167 0.022396 0.071296
1 0.723177 0.506481 0.015104 0.079630
1 0.777865 0.347222 0.019271 0.062963
1 0.660417 0.492130 0.014583 0.078704
0 0.731250 0.436111 0.005208 0.011111
