1 0.201042 0.437963 0.014583 0.053704
1 0.576562 0.437037 0.016667 0.050000
1 0.759896 0.381481 0.011458 0.046296
1 0.489844 0.378241 0.009896 0.043519
1 0.879948 0.692593 0.019271 0.066667
1 0.236458 0.504630 0.015625 0.053704
1 0.641146 0.684259 0.022917 0.066667
1 0.247135 0.662963 0.013021 0.072222
1 0.271094 0.584259 0.009896 0.061111
1 0.206510 0.331944 0.010937 0.047222
1 0.736719 0.331481 0.007812 0.037037
1 0.226562 0.454167 0.011458 0.050926
1 0.381250 0.491204 0.017708 0.052778
1 0.533854 0.394444 0.013542 0.044444
1 0.627604 0.418056 0.012500 0.045370
1 0.003646 0.521759 0.008333 0.063889
1 0.251563 0.390278 0.009375 0.045370
1 0.247917 0.364815 0.007292 0.037037
1 0.800260 0.451852 0.010937 0.051852
1 0.888021 0.471759 0.015625 0.054630
1 0.753906 0.318981 0.005729 0.030556
1 0.669531 0.378704 0.011979 0.046296
0 0.917271 0.313810 0.003646 0.006843
