1 0.210938 0.338889 0.015625 0.070370
1 0.496875 0.373611 0.010417 0.067593
1 0.683594 0.306944 0.011979 0.062037
1 0.421354 0.411574 0.019792 0.069444
1 0.804427 0.743056 0.017188 0.091667
1 0.429688 0.543056 0.016667 0.078704
1 0.596875 0.707870 0.015625 0.089815
1 0.311458 0.805556 0.017708 0.103704
1 0.249740 0.687963 0.021354 0.088889
1 0.260937 0.144444 0.011458 0.042593
1 0.532031 0.282870 0.011979 0.054630
1 0.183073 0.439352 0.015104 0.073148
1 0.419531 0.496296 0.016146 0.075926
1 0.541927 0.359259 0.011979 0.062963
1 0.500260 0.441204 0.015104 0.069444
1 0.163802 0.507407 0.022396 0.077778
1 0.317969 0.336574 0.014063 0.063889
1 0.306250 0.223148 0.013542 0.051852
1 0.772917 0.449074 0.020833 0.074074
1 0.829167 0.496296 0.015625 0.077778
1 0.688021 0.217593 0.012500 0.050000
1 0.592969 0.308796 0.015104 0.058333
