1 0.182031 0.222222 0.010937 0.066667
1 0.372917 0.450463 0.026042 0.087963
1 0.876563 0.191204 0.012500 0.063889
1 0.337760 0.243981 0.018229 0.062037
1 0.897135 0.551852 0.021354 0.087037
1 0.508333 0.390741 0.015625 0.075926
1 0.475521 0.545833 0.027083 0.076852
1 0.487240 0.942593 0.019271 0.112963
1 0.071875 0.481019 0.014583 0.082407
1 0.269531 0.038889 0.010937 0.044444
1 0.442188 0.175000 0.011458 0.055556
1 0.489844 0.264352 0.017188 0.054630
1 0.363281 0.320833 0.018229 0.065741
1 0.597656 0.193056 0.013021 0.056481
1 0.758073 0.291667 0.016146 0.066667
1 0.129948 0.306944 0.015104 0.069444
1 0.232292 0.170833 0.016667 0.060185
1 0.502344 0.122685 0.014063 0.047222
1 0.525260 0.366204 0.018229 0.069444
1 0.936719 0.343056 0.014063 0.076852
1 0.751823 0.093519 0.010937 0.050000
1 0.541927 0.193981 0.017188 0.049074
0 0.645833 0.305093 0.005208 0.010185
