1 0.179948 0.276389 0.021354 0.067593
1 0.351302 0.520370 0.017188 0.087037
1 0.862500 0.257870 0.011458 0.063889
1 0.250781 0.300926 0.009896 0.064815
1 0.821615 0.596296 0.016146 0.085185
1 0.516927 0.445370 0.013021 0.077778
1 0.431250 0.589815 0.013542 0.081481
1 0.479687 0.875926 0.023958 0.114815
1 0.088281 0.530556 0.018229 0.079630
1 0.242708 0.097222 0.011458 0.046296
1 0.437240 0.253241 0.010937 0.058333
1 0.463021 0.314352 0.011458 0.067593
1 0.321615 0.402315 0.017188 0.073148
1 0.574479 0.246296 0.012500 0.059259
1 0.691406 0.340741 0.010937 0.066667
1 0.125521 0.378704 0.015625 0.070370
1 0.209896 0.276852 0.020833 0.062963
1 0.478906 0.186111 0.008854 0.051852
1 0.467187 0.432870 0.018750 0.080556
1 0.929427 0.374074 0.016146 0.074074
1 0.669531 0.143981 0.011979 0.049074
1 0.509896 0.278704 0.011458 0.064815
0 0.476302 0.343056 0.006771 0.012037
