1 0.195573 0.314352 0.011979 0.058333
1 0.467448 0.380093 0.008854 0.065741
1 0.639583 0.293981 0.012500 0.056481
1 0.432031 0.377778 0.011979 0.061111
1 0.826823 0.717593 0.020313 0.085185
1 0.402604 0.508796 0.015625 0.073148
1 0.646875 0.677315 0.027083 0.082407
1 0.329948 0.798611 0.020313 0.104630
1 0.256250 0.671759 0.013542 0.084259
1 0.218229 0.170370 0.012500 0.044444
1 0.550000 0.263426 0.011458 0.049074
1 0.160417 0.421759 0.015625 0.069444
1 0.443490 0.457407 0.018229 0.070370
1 0.519531 0.344907 0.013021 0.058333
1 0.513021 0.400000 0.013542 0.064815
1 0.140365 0.508333 0.018229 0.074074
1 0.318490 0.333333 0.016146 0.061111
1 0.264062 0.230556 0.014583 0.046296
1 0.750521 0.420370 0.016667 0.070370
1 0.803385 0.462037 0.019271 0.074074
1 0.645573 0.215278 0.010937 0.047222
1 0.584115 0.291667 0.014063 0.055556
