1 0.263542 0.230556 0.012500 0.048148
1 0.363021 0.305093 0.010417 0.062037
1 0.744271 0.217593 0.009375 0.048148
1 0.473698 0.220370 0.017188 0.050000
1 0.829427 0.597222 0.027604 0.075926
1 0.567187 0.344444 0.018750 0.059259
1 0.587240 0.525000 0.019271 0.072222
1 0.265885 0.798611 0.023438 0.097222
1 0.114323 0.408333 0.014063 0.064815
1 0.192969 0.152315 0.014063 0.043519
1 0.617708 0.159722 0.013542 0.037963
1 0.275781 0.229630 0.010937 0.044444
1 0.394271 0.310185 0.012500 0.057407
1 0.523177 0.215278 0.016146 0.043519
1 0.620313 0.255093 0.013542 0.050926
1 0.107292 0.290278 0.015625 0.054630
1 0.261979 0.180556 0.009375 0.040741
1 0.240885 0.180093 0.015104 0.043519
1 0.639062 0.263889 0.013542 0.055556
1 0.819010 0.353704 0.021354 0.066667
1 0.647135 0.162037 0.009896 0.037037
1 0.711458 0.224074 0.014583 0.050000
0 0.312500 0.236111 0.004167 0.009259
