1 0.213802 0.367130 0.016146 0.073148
1 0.528385 0.382407 0.013021 0.070370
1 0.698698 0.327778 0.016146 0.066667
1 0.395573 0.432407 0.018229 0.075926
1 0.796615 0.785648 0.023438 0.099074
1 0.414583 0.566204 0.012500 0.086111
1 0.516667 0.733796 0.026042 0.095370
1 0.244010 0.807407 0.021354 0.103704
1 0.210417 0.681481 0.021875 0.087037
1 0.293750 0.128704 0.012500 0.042593
1 0.497135 0.305556 0.008854 0.061111
1 0.180469 0.457870 0.016146 0.067593
1 0.401823 0.506019 0.011979 0.078704
1 0.542708 0.380093 0.011458 0.069444
1 0.484635 0.461574 0.018229 0.071296
1 0.184115 0.518056 0.019271 0.080556
1 0.290104 0.343056 0.015625 0.065741
1 0.325781 0.220833 0.013021 0.050926
1 0.749740 0.476852 0.018229 0.081481
1 0.808333 0.520370 0.019792 0.081481
1 0.696875 0.224074 0.013542 0.051852
1 0.561979 0.336574 0.013542 0.065741
