1 0.149479 0.404630 0.013542 0.048148
1 0.454688 0.421759 0.010417 0.049074
1 0.588281 0.349074 0.010937 0.040741
1 0.459896 0.366204 0.010417 0.041667
1 0.866146 0.689352 0.019792 0.065741
1 0.201302 0.490278 0.011979 0.052778
1 0.596875 0.631019 0.017708 0.063889
1 0.186979 0.658333 0.015625 0.070370
1 0.189062 0.572222 0.012500 0.059259
1 0.152083 0.321296 0.008333 0.033333
1 0.573438 0.315278 0.007292 0.034259
1 0.160677 0.440741 0.011979 0.050000
1 0.894531 0.370833 0.008854 0.041667
1 0.395833 0.441667 0.012500 0.050000
1 0.450521 0.377315 0.009375 0.039815
1 0.536458 0.383796 0.009375 0.041667
1 0.237760 0.381481 0.011979 0.044444
1 0.174479 0.343519 0.007292 0.037037
1 0.702604 0.422685 0.009375 0.049074
1 0.739323 0.439815 0.010937 0.050000
1 0.573698 0.292593 0.006771 0.027778
1 0.560156 0.354167 0.007812 0.041667
