1 0.204687 0.318981 0.012500 0.060185
1 0.477083 0.377315 0.014583 0.065741
1 0.655990 0.295833 0.014063 0.058333
1 0.428646 0.385648 0.012500 0.067593
1 0.822656 0.731944 0.024479 0.087963
1 0.416667 0.516667 0.014583 0.072222
1 0.634896 0.685185 0.019792 0.087037
1 0.336979 0.807870 0.025000 0.106481
1 0.259375 0.680093 0.022917 0.087963
1 0.235937 0.158796 0.012500 0.045370
1 0.548958 0.268519 0.011458 0.053704
1 0.169010 0.424074 0.014063 0.070370
1 0.436719 0.474537 0.019271 0.071296
1 0.528125 0.348148 0.017708 0.061111
1 0.513542 0.412963 0.014583 0.064815
1 0.149219 0.510648 0.019271 0.078704
1 0.320833 0.331944 0.017708 0.062037
1 0.282292 0.225463 0.014583 0.047222
1 0.763021 0.424537 0.013542 0.073148
1 0.814583 0.475463 0.017708 0.076852
1 0.663281 0.212963 0.009896 0.050000
1 0.594531 0.294444 0.015104 0.053704
