1 0.217188 0.377315 0.016667 0.056481
1 0.600260 0.392130 0.022396 0.054630
1 0.891667 0.353241 0.014583 0.052778
1 0.510938 0.310185 0.010417 0.046296
1 0.858594 0.654630 0.024479 0.074074
1 0.218750 0.432870 0.013542 0.052778
1 0.654948 0.715741 0.028646 0.081481
1 0.286719 0.595370 0.017188 0.072222
1 0.356510 0.561574 0.011979 0.069444
1 0.243229 0.269907 0.010417 0.041667
1 0.841927 0.271296 0.008854 0.038889
1 0.293229 0.390741 0.013542 0.053704
1 0.392448 0.443519 0.018229 0.059259
1 0.562240 0.350926 0.014063 0.048148
1 0.677344 0.404167 0.014063 0.052778
1 0.044792 0.448611 0.012500 0.062037
1 0.275521 0.327315 0.012500 0.049074
1 0.327344 0.310648 0.009896 0.045370
1 0.795573 0.418056 0.024479 0.060185
1 0.913281 0.450463 0.018229 0.062037
1 0.862500 0.294444 0.016667 0.040741
1 0.743750 0.327315 0.017708 0.049074
0 0.938021 0.283796 0.004167 0.008333
