1 0.153125 0.382870 0.010417 0.045370
1 0.428125 0.421296 0.010417 0.048148
1 0.549479 0.342130 0.008333 0.039815
1 0.454948 0.365278 0.009896 0.039815
1 0.862760 0.690278 0.018229 0.065741
1 0.219010 0.485648 0.010937 0.050926
1 0.626823 0.618519 0.019271 0.061111
1 0.201563 0.665741 0.014583 0.074074
1 0.187760 0.577778 0.011979 0.059259
1 0.153906 0.306944 0.009896 0.037963
1 0.542708 0.312500 0.008333 0.034259
1 0.144792 0.438889 0.009375 0.048148
1 0.870052 0.349074 0.010937 0.038889
1 0.438542 0.423611 0.010417 0.045370
1 0.451302 0.374537 0.008854 0.041667
1 0.501823 0.378241 0.010937 0.039815
1 0.025000 0.503704 0.013542 0.055556
1 0.268490 0.380093 0.008854 0.043519
1 0.169792 0.332870 0.007292 0.036111
1 0.661979 0.418519 0.012500 0.048148
1 0.696615 0.436574 0.010937 0.049074
1 0.535156 0.288426 0.008854 0.032407
1 0.524219 0.346759 0.007812 0.039815
