1 0.209375 0.323611 0.012500 0.063889
1 0.487500 0.371759 0.014583 0.067593
1 0.669531 0.295370 0.011979 0.059259
1 0.426563 0.393056 0.016667 0.071296
1 0.818750 0.734722 0.014583 0.091667
1 0.425260 0.525000 0.017188 0.077778
1 0.623177 0.691667 0.029687 0.087037
1 0.333073 0.799074 0.020313 0.103704
1 0.259115 0.680556 0.019271 0.088889
1 0.248698 0.148611 0.013021 0.043519
1 0.545833 0.268981 0.012500 0.054630
1 0.178385 0.426389 0.015104 0.073148
1 0.432292 0.479167 0.016667 0.069444
1 0.536979 0.347222 0.013542 0.061111
1 0.510417 0.419907 0.016667 0.069444
1 0.154948 0.504167 0.020313 0.076852
1 0.325000 0.329630 0.016667 0.064815
1 0.293750 0.220370 0.010417 0.050000
1 0.770833 0.431019 0.018750 0.075000
1 0.826302 0.479167 0.016146 0.076852
1 0.676302 0.211111 0.010937 0.050000
1 0.599219 0.294907 0.010937 0.054630
