1 0.384375 0.257407 0.018750 0.044444
1 0.409115 0.346759 0.019271 0.058333
1 0.772396 0.278241 0.010417 0.049074
1 0.478125 0.262037 0.011458 0.046296
1 0.794531 0.644444 0.018229 0.074074
1 0.547396 0.373148 0.023958 0.050000
1 0.621615 0.580093 0.021354 0.071296
1 0.263542 0.727778 0.019792 0.096296
1 0.148438 0.430556 0.015625 0.062963
1 0.247135 0.203241 0.013021 0.037963
1 0.632812 0.222685 0.008333 0.041667
1 0.425521 0.256944 0.014583 0.043519
1 0.423698 0.341204 0.017188 0.054630
1 0.508594 0.266667 0.010937 0.044444
1 0.650000 0.313426 0.011458 0.049074
1 0.141146 0.303704 0.017708 0.044444
1 0.267969 0.245463 0.015104 0.047963
1 0.268500 0.230403 0.011333 0.046546
1 0.678906 0.324537 0.014063 0.054630
1 0.832031 0.407407 0.018229 0.064815
1 0.646354 0.227315 0.008333 0.041667
1 0.744792 0.278704 0.017708 0.051852
0 0.256250 0.259259 0.004167 0.007407
