1 0.315365 0.343981 0.014063 0.054630
1 0.529948 0.437037 0.015104 0.061111
1 0.872396 0.387500 0.011458 0.056481
1 0.545312 0.327778 0.012500 0.050000
1 0.704688 0.718056 0.032292 0.076852
1 0.267969 0.446296 0.016146 0.053704
1 0.603385 0.737963 0.019271 0.083333
1 0.359635 0.592130 0.015104 0.075000
1 0.338021 0.569907 0.019792 0.069444
1 0.317188 0.257870 0.008333 0.039815
1 0.777344 0.287500 0.013021 0.039815
1 0.420312 0.357407 0.009375 0.050000
1 0.471354 0.431481 0.013542 0.059259
1 0.562240 0.380556 0.013021 0.053704
1 0.632031 0.435648 0.015104 0.058333
1 0.199479 0.430093 0.019792 0.050926
1 0.348438 0.326389 0.018750 0.050926
1 0.394010 0.317593 0.010937 0.044444
1 0.758594 0.430556 0.013021 0.064815
1 0.883594 0.512963 0.021354 0.070370
1 0.806680 0.327181 0.011641 0.048806
1 0.802708 0.339000 0.011542 0.049111
0 0.219010 0.441204 0.004687 0.008333
