1 0.237500 0.369907 0.020833 0.076852
1 0.540885 0.374537 0.016146 0.071296
1 0.720052 0.332407 0.013021 0.066667
1 0.390625 0.428704 0.016667 0.077778
1 0.802344 0.808333 0.025521 0.103704
1 0.439844 0.550000 0.021354 0.085185
1 0.481771 0.733796 0.014583 0.095370
1 0.224219 0.807407 0.025521 0.105556
1 0.202344 0.666667 0.020313 0.088889
1 0.336719 0.103704 0.011979 0.046296
1 0.502604 0.297222 0.014583 0.061111
1 0.194792 0.468519 0.016667 0.083333
1 0.397917 0.496296 0.017708 0.075926
1 0.554427 0.381944 0.017188 0.069444
1 0.487240 0.461574 0.018229 0.075000
1 0.205729 0.495370 0.017708 0.079630
1 0.286979 0.332407 0.019792 0.068519
1 0.342969 0.209259 0.011979 0.051852
1 0.738542 0.469444 0.018750 0.083333
1 0.800000 0.514352 0.013542 0.084259
1 0.714063 0.220370 0.010417 0.055556
1 0.540885 0.344444 0.017188 0.062963
