1 0.132812 0.202315 0.014583 0.054630
1 0.340625 0.268056 0.014583 0.065741
1 0.721615 0.160648 0.009896 0.052778
1 0.486719 0.170370 0.016146 0.044444
1 0.896875 0.562963 0.026042 0.077778
1 0.570052 0.332407 0.015104 0.062963
1 0.563802 0.470370 0.018229 0.077778
1 0.263281 0.844444 0.022396 0.116667
1 0.091667 0.412963 0.019792 0.064815
1 0.167187 0.091204 0.015625 0.041667
1 0.607552 0.102778 0.009896 0.037037
1 0.128125 0.232407 0.010417 0.051852
1 0.409635 0.278704 0.017188 0.059259
1 0.545573 0.173148 0.016146 0.040741
1 0.593750 0.199537 0.011458 0.052778
1 0.122135 0.270370 0.020313 0.055556
1 0.290885 0.118519 0.013021 0.040741
1 0.261458 0.113426 0.012500 0.034259
1 0.608333 0.208796 0.012500 0.056481
1 0.852865 0.301389 0.016146 0.062037
1 0.641927 0.093519 0.010937 0.037037
1 0.684896 0.159722 0.011458 0.050926
0 0.634635 0.106944 0.003646 0.006481
