1 0.217188 0.379630 0.015625 0.055556
1 0.601562 0.393981 0.017708 0.052778
1 0.890885 0.354630 0.018229 0.053704
1 0.510417 0.311111 0.012500 0.046296
1 0.862760 0.656944 0.024479 0.073148
1 0.219271 0.435185 0.016667 0.053704
1 0.655208 0.716204 0.025000 0.080556
1 0.286979 0.597685 0.012500 0.073148
1 0.354948 0.562500 0.011979 0.069444
1 0.242969 0.270833 0.010937 0.041667
1 0.842969 0.272685 0.008854 0.037963
1 0.293229 0.393056 0.011458 0.052778
1 0.390625 0.444444 0.016667 0.059259
1 0.564583 0.352778 0.010417 0.048148
1 0.677344 0.404630 0.015104 0.055556
1 0.043750 0.451389 0.013542 0.062037
1 0.275000 0.329630 0.015625 0.050000
1 0.326302 0.312037 0.010937 0.044444
1 0.798698 0.420370 0.020313 0.059259
1 0.914323 0.450000 0.018229 0.061111
1 0.865104 0.295370 0.018750 0.040741
1 0.742969 0.330093 0.015104 0.049074
0 0.941406 0.276852 0.003646 0.007407
