1 0.183594 0.299537 0.014063 0.054630
1 0.450260 0.382870 0.015104 0.060185
1 0.597396 0.285185 0.010417 0.051852
1 0.435677 0.345370 0.011979 0.061111
1 0.829688 0.675463 0.025000 0.076852
1 0.348958 0.481019 0.017708 0.067593
1 0.674479 0.640741 0.018750 0.077778
1 0.305208 0.763889 0.018750 0.098148
1 0.241146 0.631019 0.015625 0.078704
1 0.182292 0.190741 0.012500 0.046296
1 0.547656 0.250463 0.007812 0.036111
1 0.133594 0.406944 0.014063 0.062037
1 0.464844 0.414815 0.013021 0.059259
1 0.498437 0.337037 0.012500 0.055556
1 0.510417 0.366204 0.011458 0.054630
1 0.123958 0.493056 0.019792 0.073148
1 0.312500 0.330556 0.016667 0.055556
1 0.224219 0.242593 0.008854 0.042593
1 0.720833 0.403704 0.014583 0.066667
1 0.759635 0.430556 0.011979 0.064815
1 0.602083 0.216667 0.011458 0.042593
1 0.552083 0.288889 0.013542 0.050000
