1 0.172917 0.209722 0.014583 0.063889
1 0.359896 0.343519 0.013542 0.075926
1 0.814583 0.149074 0.018750 0.055556
1 0.367188 0.197685 0.016667 0.058333
1 0.920833 0.539352 0.021875 0.080556
1 0.503646 0.372222 0.016667 0.072222
1 0.603125 0.495370 0.018750 0.083333
1 0.385937 0.919907 0.022917 0.121296
1 0.059115 0.486111 0.017188 0.079630
1 0.228906 0.025463 0.011979 0.039815
1 0.510156 0.130093 0.014063 0.049074
1 0.280469 0.248148 0.019271 0.062963
1 0.414323 0.302315 0.018229 0.069444
1 0.526823 0.189352 0.015104 0.056481
1 0.698698 0.251389 0.011979 0.062037
1 0.133854 0.295833 0.014583 0.071296
1 0.261719 0.123611 0.010937 0.056481
1 0.373698 0.094907 0.010937 0.049074
1 0.654948 0.264815 0.019271 0.068519
1 0.935937 0.322685 0.014583 0.073148
1 0.709896 0.062500 0.010417 0.047222
1 0.649479 0.186111 0.016667 0.059259
0 0.776823 0.194444 0.004687 0.007407
