1 0.383073 0.256944 0.018229 0.043519
1 0.408333 0.345833 0.018750 0.060185
1 0.772917 0.277315 0.010417 0.049074
1 0.477344 0.260648 0.009896 0.045370
1 0.795052 0.643056 0.018229 0.075000
1 0.548698 0.372685 0.022396 0.050926
1 0.620052 0.579167 0.022396 0.071296
1 0.263542 0.729167 0.019792 0.093519
1 0.147656 0.429630 0.015104 0.062963
1 0.245833 0.201852 0.011458 0.038889
1 0.633073 0.221759 0.010937 0.041667
1 0.423177 0.256481 0.015104 0.044444
1 0.422396 0.340278 0.015625 0.054630
1 0.508073 0.265278 0.008854 0.043519
1 0.648958 0.311574 0.012500 0.050926
1 0.140365 0.302778 0.017188 0.044444
1 0.266406 0.244722 0.017188 0.045741
1 0.266260 0.228106 0.012062 0.045472
1 0.678125 0.322685 0.015625 0.054630
1 0.830729 0.406944 0.015625 0.063889
1 0.645833 0.225926 0.008333 0.040741
1 0.743750 0.276852 0.016667 0.051852
0 0.256510 0.253241 0.003646 0.006481
