1 0.221875 0.370833 0.020833 0.075000
1 0.532813 0.380093 0.013542 0.071296
1 0.705990 0.331481 0.015104 0.066667
1 0.394271 0.434259 0.016667 0.074074
1 0.800781 0.798148 0.030729 0.100000
1 0.418229 0.563889 0.013542 0.087037
1 0.505469 0.733796 0.026562 0.089815
1 0.236198 0.809259 0.023438 0.101852
1 0.209115 0.680093 0.026562 0.087963
1 0.307552 0.122685 0.010937 0.043519
1 0.500260 0.305093 0.014063 0.058333
1 0.185938 0.460648 0.014583 0.065741
1 0.402604 0.505556 0.012500 0.075926
1 0.546354 0.380093 0.012500 0.067593
1 0.485938 0.465278 0.017708 0.075000
1 0.190625 0.514815 0.014583 0.075926
1 0.290885 0.340741 0.011979 0.066667
1 0.331510 0.219444 0.013021 0.051852
1 0.745313 0.475926 0.015625 0.081481
1 0.807292 0.520370 0.020833 0.081481
1 0.704427 0.225000 0.014063 0.053704
1 0.558594 0.343056 0.014063 0.062037
