1 0.240885 0.366204 0.018229 0.071296
1 0.494792 0.374537 0.016667 0.069444
1 0.725260 0.393056 0.011979 0.073148
1 0.457552 0.389815 0.018229 0.064815
1 0.801302 0.664352 0.026562 0.084259
1 0.553125 0.585648 0.017708 0.087963
1 0.512500 0.752778 0.022917 0.094444
1 0.308854 0.668056 0.022917 0.093519
1 0.202865 0.631481 0.022396 0.087037
1 0.342448 0.133796 0.014063 0.041667
1 0.630729 0.344907 0.017708 0.063889
1 0.340104 0.477315 0.015625 0.069444
1 0.370833 0.490741 0.018750 0.075926
1 0.581771 0.399537 0.016667 0.065741
1 0.556250 0.473611 0.016667 0.073148
1 0.145573 0.485185 0.018229 0.081481
1 0.293490 0.288426 0.015104 0.056481
1 0.356771 0.263426 0.018750 0.041667
1 0.633333 0.498148 0.015625 0.083333
1 0.690365 0.512500 0.026562 0.078704
1 0.750260 0.351389 0.021354 0.065741
1 0.716146 0.383333 0.014583 0.066667
0 0.526271 0.138806 0.005208 0.010148
