1 0.221875 0.431019 0.011458 0.052778
1 0.608594 0.432407 0.015104 0.051852
1 0.810417 0.380556 0.010417 0.048148
1 0.513802 0.369907 0.008854 0.043519
1 0.905208 0.691204 0.021875 0.069444
1 0.255990 0.495833 0.014063 0.054630
1 0.665625 0.691667 0.026042 0.068519
1 0.272135 0.655556 0.017188 0.070370
1 0.300000 0.583333 0.012500 0.062963
1 0.232292 0.325000 0.009375 0.042593
1 0.786198 0.325000 0.007812 0.037037
1 0.252604 0.443056 0.010417 0.049074
1 0.394531 0.487963 0.017188 0.055556
1 0.565625 0.387037 0.008333 0.044444
1 0.661198 0.418519 0.009896 0.046296
1 0.017708 0.515741 0.021875 0.057407
1 0.271875 0.381019 0.009375 0.043519
1 0.276302 0.355556 0.006771 0.037037
1 0.829427 0.450463 0.014063 0.050926
1 0.921094 0.472222 0.017188 0.055556
1 0.810677 0.316204 0.007812 0.032407
1 0.704688 0.374537 0.010417 0.049074
0 0.954948 0.307407 0.003646 0.007407
