1 0.180729 0.441667 0.009375 0.053704
1 0.551302 0.440278 0.017188 0.050926
1 0.726042 0.381481 0.009375 0.044444
1 0.469792 0.382870 0.010417 0.045370
1 0.859375 0.694907 0.019792 0.065741
1 0.218229 0.509722 0.011458 0.054630
1 0.621094 0.679630 0.015104 0.066667
1 0.227604 0.669907 0.015625 0.073148
1 0.251302 0.587963 0.014063 0.064815
1 0.186458 0.340278 0.010417 0.039815
1 0.703385 0.334722 0.007812 0.036111
1 0.204427 0.459259 0.009896 0.051852
1 0.367708 0.492130 0.013542 0.054630
1 0.510417 0.396759 0.010417 0.043519
1 0.605208 0.418056 0.010417 0.045370
1 0.234635 0.395833 0.011979 0.043519
1 0.226042 0.368056 0.007292 0.036111
1 0.776042 0.451389 0.017708 0.052778
1 0.860417 0.472685 0.015625 0.050926
1 0.718490 0.318981 0.010937 0.032407
1 0.645312 0.380556 0.008333 0.044444
