1 0.193229 0.312963 0.012500 0.062963
1 0.466146 0.380556 0.011458 0.064815
1 0.636198 0.293981 0.014063 0.056481
1 0.432552 0.375926 0.014063 0.064815
1 0.827344 0.714815 0.027604 0.083333
1 0.399479 0.505093 0.015625 0.073148
1 0.651042 0.674537 0.013542 0.084259
1 0.327344 0.795833 0.020313 0.104630
1 0.257031 0.670370 0.016146 0.085185
1 0.214323 0.172222 0.011979 0.044444
1 0.549219 0.262963 0.011979 0.048148
1 0.157812 0.419907 0.014583 0.069444
1 0.443490 0.453704 0.013021 0.066667
1 0.516406 0.344444 0.017188 0.057407
1 0.512760 0.398148 0.011979 0.061111
1 0.139323 0.507870 0.016146 0.075000
1 0.317969 0.332870 0.018229 0.060185
1 0.260677 0.231944 0.014063 0.047222
1 0.748177 0.418056 0.014063 0.071296
1 0.799740 0.461111 0.020313 0.074074
1 0.641927 0.214352 0.009896 0.047222
1 0.579948 0.290741 0.015104 0.055556
