1 0.167708 0.443519 0.013542 0.051852
1 0.530990 0.441667 0.017188 0.050000
1 0.698438 0.382407 0.009375 0.044444
1 0.456510 0.387500 0.007812 0.043519
1 0.843229 0.696296 0.020833 0.068519
1 0.204427 0.514352 0.015104 0.052778
1 0.609375 0.676852 0.021875 0.064815
1 0.212760 0.672685 0.014063 0.071296
1 0.234115 0.591204 0.015104 0.063889
1 0.171094 0.344444 0.009896 0.038889
1 0.676302 0.336574 0.007812 0.036111
1 0.189844 0.462500 0.010937 0.050926
1 0.358333 0.492130 0.013542 0.052778
1 0.492448 0.399537 0.010937 0.043519
1 0.585677 0.418056 0.010937 0.045370
1 0.223698 0.399074 0.007812 0.044444
1 0.209896 0.372222 0.008333 0.037037
1 0.761198 0.451389 0.011979 0.050926
1 0.838281 0.471759 0.009896 0.052778
1 0.687240 0.320370 0.007812 0.031481
1 0.625260 0.382407 0.014063 0.042593
