1 0.180469 0.276389 0.021354 0.067593
1 0.351302 0.520370 0.017188 0.087037
1 0.862500 0.257870 0.011458 0.063889
1 0.250260 0.300926 0.009896 0.064815
1 0.821354 0.596296 0.015625 0.085185
1 0.516927 0.445370 0.013021 0.077778
1 0.431250 0.589815 0.013542 0.081481
1 0.479687 0.875463 0.023958 0.113889
1 0.088802 0.530556 0.018229 0.079630
1 0.242708 0.097222 0.011458 0.046296
1 0.437760 0.253241 0.010937 0.058333
1 0.463021 0.314352 0.011458 0.067593
1 0.321615 0.402315 0.017188 0.073148
1 0.574479 0.246296 0.012500 0.059259
1 0.691146 0.340278 0.010417 0.065741
1 0.125521 0.378704 0.015625 0.070370
1 0.209375 0.276852 0.021875 0.062963
1 0.479167 0.186111 0.009375 0.051852
1 0.467187 0.432407 0.018750 0.081481
1 0.929427 0.373611 0.016146 0.075000
1 0.669271 0.143981 0.011458 0.049074
1 0.510156 0.278704 0.011979 0.064815
0 0.476302 0.343056 0.006771 0.012037
