1 0.398438 0.319444 0.014583 0.050000
1 0.435677 0.408333 0.013021 0.057407
1 0.794531 0.353704 0.014063 0.050000
1 0.503906 0.329630 0.010937 0.051852
1 0.758854 0.701852 0.018750 0.077778
1 0.475521 0.440741 0.012500 0.053704
1 0.654948 0.668981 0.013021 0.078704
1 0.297135 0.663426 0.016146 0.078704
1 0.170573 0.500000 0.010937 0.061111
1 0.279427 0.254630 0.010937 0.046296
1 0.686979 0.289815 0.012500 0.042593
1 0.465365 0.312963 0.011979 0.040741
1 0.426823 0.401389 0.008854 0.052778
1 0.522135 0.342593 0.011979 0.050000
1 0.673438 0.393981 0.014583 0.052778
1 0.166406 0.376852 0.011979 0.048148
1 0.309115 0.310185 0.013021 0.048148
1 0.317708 0.296759 0.009375 0.041667
1 0.720052 0.398148 0.014063 0.059259
1 0.834896 0.478704 0.018750 0.064815
1 0.698438 0.301389 0.012500 0.045370
1 0.770833 0.343981 0.009375 0.050926
0 0.220833 0.399074 0.004167 0.009259
