1 0.178385 0.256481 0.014063 0.068519
1 0.364844 0.495833 0.017188 0.086111
1 0.865365 0.228241 0.013021 0.062037
1 0.289583 0.276852 0.011458 0.066667
1 0.843750 0.559259 0.020833 0.083333
1 0.532552 0.421296 0.016146 0.077778
1 0.442448 0.572222 0.016146 0.085185
1 0.492188 0.896759 0.019792 0.117593
1 0.077344 0.512500 0.021354 0.080556
1 0.257812 0.072222 0.011458 0.046296
1 0.425781 0.218519 0.010937 0.059259
1 0.476302 0.290741 0.010937 0.066667
1 0.326562 0.359722 0.014583 0.071296
1 0.588021 0.222222 0.012500 0.059259
1 0.709635 0.320370 0.009896 0.066667
1 0.113542 0.345833 0.018750 0.069444
1 0.203906 0.235185 0.011979 0.062963
1 0.489063 0.155556 0.009375 0.051852
1 0.481510 0.409722 0.017188 0.082407
1 0.935156 0.357407 0.019271 0.072222
1 0.699219 0.116667 0.013021 0.048148
1 0.498698 0.237963 0.011979 0.062963
0 0.490104 0.319444 0.007292 0.012963
