1 0.291927 0.343981 0.018229 0.076852
1 0.526302 0.340741 0.015104 0.061111
1 0.781250 0.373611 0.017708 0.076852
1 0.403125 0.356944 0.017708 0.075000
1 0.778646 0.825463 0.021875 0.106481
1 0.480208 0.585185 0.017708 0.094444
1 0.399219 0.690741 0.030729 0.088889
1 0.192448 0.756481 0.016146 0.107407
1 0.205469 0.626389 0.019271 0.089815
1 0.422917 0.051852 0.011458 0.046296
1 0.505990 0.301389 0.015104 0.065741
1 0.242188 0.506481 0.016667 0.085185
1 0.379948 0.468519 0.015104 0.077778
1 0.553385 0.404630 0.019271 0.077778
1 0.491927 0.443519 0.011979 0.075926
1 0.234375 0.448611 0.016667 0.080556
1 0.327083 0.264352 0.013542 0.067593
1 0.365365 0.200463 0.011979 0.056481
1 0.736979 0.464815 0.013542 0.083333
1 0.828125 0.552315 0.020833 0.095370
1 0.753125 0.234259 0.014583 0.061111
1 0.528906 0.386111 0.016146 0.075926
