1 0.143490 0.434259 0.013021 0.051852
1 0.481771 0.437037 0.010417 0.050000
1 0.633594 0.369444 0.013021 0.040741
1 0.439063 0.382870 0.008333 0.043519
1 0.827865 0.692130 0.021354 0.067593
1 0.185677 0.506944 0.013021 0.052778
1 0.584896 0.655556 0.013542 0.064815
1 0.187500 0.669444 0.016667 0.074074
1 0.198698 0.586111 0.014063 0.061111
1 0.145052 0.338426 0.009896 0.039815
1 0.614062 0.330556 0.007292 0.035185
1 0.160417 0.458796 0.011458 0.050926
1 0.933073 0.405093 0.009896 0.043519
1 0.355729 0.475000 0.011458 0.050000
1 0.457552 0.392593 0.008854 0.042593
1 0.551302 0.403241 0.009896 0.043519
1 0.210938 0.395833 0.008333 0.043519
1 0.180729 0.365278 0.008333 0.034259
1 0.726302 0.439815 0.009896 0.050000
1 0.784375 0.459259 0.010417 0.051852
1 0.620052 0.310648 0.007812 0.032407
1 0.584896 0.371759 0.008333 0.041667
