1 0.144792 0.436574 0.013542 0.050926
1 0.485156 0.437963 0.010937 0.050000
1 0.637500 0.371296 0.012500 0.040741
1 0.440365 0.385185 0.007812 0.042593
1 0.829427 0.693981 0.020313 0.067593
1 0.185938 0.508796 0.010417 0.052778
1 0.586198 0.659722 0.017188 0.065741
1 0.188802 0.671296 0.016146 0.074074
1 0.200000 0.588889 0.013542 0.061111
1 0.145833 0.340278 0.010417 0.041667
1 0.617969 0.332407 0.006771 0.035185
1 0.161719 0.460648 0.011979 0.050926
1 0.938542 0.407870 0.010417 0.043519
1 0.354427 0.478241 0.014063 0.050926
1 0.459635 0.394444 0.008854 0.042593
1 0.553385 0.405556 0.011979 0.042593
1 0.211198 0.398148 0.007812 0.042593
1 0.182292 0.367130 0.008333 0.034259
1 0.729167 0.442130 0.012500 0.050926
1 0.788802 0.462037 0.009896 0.051852
1 0.625260 0.312500 0.007812 0.032407
1 0.587760 0.374537 0.008854 0.041667
