1 0.397917 0.325463 0.012500 0.050926
1 0.446354 0.415278 0.011458 0.054630
1 0.807031 0.362963 0.013021 0.051852
1 0.513802 0.337037 0.010937 0.051852
1 0.754427 0.707870 0.018229 0.076852
1 0.464323 0.450000 0.016146 0.057407
1 0.660677 0.683333 0.024479 0.077778
1 0.308854 0.650000 0.014583 0.083333
1 0.179167 0.511574 0.018750 0.058333
1 0.286719 0.258796 0.009896 0.041667
1 0.708333 0.293056 0.009375 0.043519
1 0.469010 0.319907 0.011979 0.043519
1 0.430729 0.408796 0.010417 0.052778
1 0.530990 0.349537 0.009896 0.049074
1 0.676562 0.403704 0.011458 0.053704
1 0.171875 0.386574 0.014583 0.052778
1 0.319010 0.314352 0.010937 0.049074
1 0.331771 0.302778 0.008333 0.044444
1 0.730990 0.406481 0.017188 0.059259
1 0.838802 0.487037 0.014063 0.064815
1 0.718229 0.308333 0.010417 0.044444
1 0.774740 0.347222 0.018229 0.051852
0 0.208594 0.407407 0.004687 0.009259
