1 0.228906 0.306944 0.015104 0.054630
1 0.539062 0.366667 0.015625 0.055556
1 0.869792 0.311574 0.018750 0.049074
1 0.503646 0.257407 0.015625 0.042593
1 0.762240 0.642593 0.020313 0.075926
1 0.194531 0.367130 0.019271 0.050926
1 0.590365 0.723611 0.031771 0.087963
1 0.323698 0.529630 0.010937 0.074074
1 0.372656 0.516667 0.020313 0.068519
1 0.265885 0.206019 0.007812 0.032407
1 0.781510 0.220370 0.014063 0.037037
1 0.332292 0.319907 0.014583 0.052778
1 0.429688 0.380093 0.016667 0.058333
1 0.539062 0.310648 0.013542 0.050926
1 0.628385 0.364815 0.016146 0.050000
1 0.113542 0.370370 0.013542 0.059259
1 0.303125 0.270370 0.010417 0.050000
1 0.359635 0.258333 0.010937 0.046296
1 0.731771 0.373611 0.022917 0.058333
1 0.879427 0.419444 0.023438 0.066667
1 0.804948 0.255093 0.019271 0.039815
1 0.761979 0.270370 0.017708 0.046296
0 0.681091 0.112176 0.003974 0.007796
