1 0.228646 0.421296 0.008333 0.053704
1 0.624740 0.421759 0.008854 0.050926
1 0.853646 0.377778 0.008333 0.046296
1 0.518490 0.355093 0.008854 0.043519
1 0.901823 0.676852 0.024479 0.070370
1 0.255729 0.481944 0.010417 0.054630
1 0.674479 0.697222 0.017708 0.074074
1 0.280729 0.641667 0.013542 0.072222
1 0.317969 0.581481 0.013021 0.066667
1 0.239844 0.314352 0.011979 0.043519
1 0.823438 0.312963 0.010417 0.037037
1 0.267708 0.433796 0.013542 0.050926
1 0.389323 0.483796 0.015104 0.056481
1 0.580729 0.377778 0.014583 0.042593
1 0.678385 0.418519 0.009896 0.050000
1 0.021615 0.503704 0.015104 0.061111
1 0.274479 0.367593 0.008333 0.044444
1 0.295573 0.349537 0.008854 0.041667
1 0.829167 0.442593 0.018750 0.053704
1 0.925521 0.469907 0.021875 0.054630
1 0.858594 0.313889 0.010937 0.037037
1 0.722656 0.365278 0.011979 0.049074
0 0.970370 0.298301 0.004167 0.007102
