1 0.182552 0.299074 0.013021 0.053704
1 0.449479 0.382870 0.015625 0.060185
1 0.595833 0.286111 0.011458 0.051852
1 0.435417 0.344907 0.011458 0.060185
1 0.828125 0.675000 0.023958 0.075926
1 0.346875 0.480093 0.018750 0.067593
1 0.675000 0.640741 0.025000 0.077778
1 0.304688 0.762037 0.018750 0.098148
1 0.240625 0.630093 0.015625 0.078704
1 0.181250 0.192130 0.012500 0.045370
1 0.547656 0.252315 0.008854 0.039815
1 0.133073 0.406019 0.014063 0.062037
1 0.465625 0.414352 0.013542 0.060185
1 0.497135 0.337500 0.014063 0.054630
1 0.510156 0.365741 0.011979 0.055556
1 0.121615 0.491667 0.017188 0.072222
1 0.312760 0.331019 0.018229 0.054630
1 0.222917 0.243056 0.009375 0.043519
1 0.719792 0.402778 0.011458 0.066667
1 0.759115 0.431019 0.010937 0.065741
1 0.600000 0.217130 0.011458 0.041667
1 0.550521 0.288426 0.014583 0.050926
