1 0.239844 0.365741 0.015104 0.075926
1 0.544010 0.373148 0.013021 0.075926
1 0.723437 0.330093 0.015625 0.069444
1 0.388281 0.420833 0.013021 0.076852
1 0.800260 0.806481 0.024479 0.101852
1 0.445312 0.545370 0.019792 0.087037
1 0.476562 0.730093 0.022917 0.095370
1 0.219271 0.802778 0.021875 0.109259
1 0.198958 0.660648 0.018750 0.087963
1 0.343750 0.095833 0.011458 0.043519
1 0.500260 0.292593 0.016146 0.059259
1 0.194531 0.463426 0.011979 0.078704
1 0.396875 0.491667 0.011458 0.079630
1 0.553906 0.379630 0.016146 0.068519
1 0.487500 0.458796 0.018750 0.076852
1 0.210417 0.488426 0.022917 0.080556
1 0.283854 0.326852 0.013542 0.068519
1 0.344531 0.204630 0.013021 0.051852
1 0.736198 0.464815 0.015104 0.081481
1 0.802604 0.512500 0.023958 0.087963
1 0.715365 0.217130 0.013021 0.054630
1 0.538542 0.343981 0.012500 0.067593
