1 0.237760 0.365278 0.014063 0.075000
1 0.543229 0.374074 0.013542 0.074074
1 0.721875 0.329167 0.014583 0.067593
1 0.387760 0.423148 0.018229 0.075926
1 0.802344 0.806019 0.021354 0.100926
1 0.444271 0.546296 0.020833 0.087037
1 0.475781 0.730556 0.025521 0.094444
1 0.220833 0.801852 0.017708 0.105556
1 0.197917 0.661574 0.015625 0.086111
1 0.341146 0.099074 0.012500 0.044444
1 0.498698 0.293056 0.015104 0.058333
1 0.194792 0.465741 0.013542 0.079630
1 0.398958 0.493056 0.018750 0.076852
1 0.554167 0.378704 0.014583 0.068519
1 0.485938 0.459722 0.018750 0.076852
1 0.208854 0.491204 0.021875 0.080556
1 0.286979 0.329630 0.017708 0.068519
1 0.343490 0.205556 0.011979 0.051852
1 0.736979 0.467130 0.022917 0.080556
1 0.800260 0.513426 0.024479 0.087963
1 0.713281 0.217593 0.014063 0.053704
1 0.540104 0.344444 0.014583 0.066667
