1 0.228906 0.369907 0.014063 0.076852
1 0.537240 0.377315 0.015104 0.069444
1 0.712760 0.332870 0.018229 0.069444
1 0.395833 0.436111 0.016667 0.077778
1 0.800521 0.801852 0.021875 0.100000
1 0.428906 0.558796 0.020313 0.087963
1 0.494271 0.733796 0.027083 0.095370
1 0.234375 0.811574 0.021875 0.108333
1 0.205729 0.673148 0.022917 0.087037
1 0.322656 0.115741 0.010937 0.042593
1 0.500260 0.303241 0.014063 0.058333
1 0.191927 0.457870 0.015104 0.058333
1 0.404167 0.501389 0.014583 0.076852
1 0.554688 0.381944 0.012500 0.062037
1 0.484375 0.463889 0.019792 0.072222
1 0.199740 0.509722 0.021354 0.075000
1 0.290104 0.338426 0.014583 0.067593
1 0.339062 0.215741 0.011458 0.051852
1 0.744531 0.474537 0.017188 0.080556
1 0.804948 0.520833 0.021354 0.082407
1 0.709375 0.223611 0.013542 0.054630
1 0.554167 0.342130 0.013542 0.062037
