1 0.281771 0.343519 0.014583 0.075926
1 0.517969 0.334722 0.016146 0.071296
1 0.778125 0.382407 0.015625 0.077778
1 0.397656 0.362500 0.021354 0.073148
1 0.749219 0.810648 0.027604 0.102778
1 0.488021 0.593981 0.019792 0.093519
1 0.348698 0.656019 0.030729 0.086111
1 0.205729 0.744444 0.018750 0.112963
1 0.176042 0.626852 0.021875 0.088889
1 0.421615 0.050926 0.010937 0.044444
1 0.491667 0.305093 0.014583 0.067593
1 0.288281 0.511111 0.024479 0.085185
1 0.361458 0.456019 0.023958 0.071296
1 0.557813 0.400000 0.010417 0.077778
1 0.483333 0.448611 0.019792 0.071296
1 0.219271 0.444907 0.017708 0.080556
1 0.320573 0.260648 0.018229 0.065741
1 0.362500 0.205093 0.012500 0.056481
1 0.741667 0.465278 0.027083 0.084259
1 0.830469 0.547222 0.023438 0.090741
1 0.753385 0.242130 0.011979 0.062037
1 0.539062 0.395833 0.020833 0.076852
