1 0.127344 0.204167 0.014063 0.050926
1 0.336979 0.262500 0.017708 0.056481
1 0.720833 0.162963 0.010417 0.048148
1 0.476302 0.170370 0.015104 0.044444
1 0.861198 0.555556 0.021354 0.074074
1 0.567448 0.320833 0.015104 0.060185
1 0.557552 0.472685 0.018229 0.075000
1 0.256250 0.835185 0.020833 0.116667
1 0.090625 0.395833 0.020833 0.065741
1 0.154948 0.101852 0.015104 0.038889
1 0.603646 0.103241 0.012500 0.034259
1 0.135937 0.219444 0.011458 0.048148
1 0.390625 0.275463 0.017708 0.058333
1 0.529427 0.168519 0.011979 0.040741
1 0.594010 0.200000 0.013021 0.048148
1 0.098177 0.265741 0.016146 0.057407
1 0.273177 0.121296 0.013021 0.037037
1 0.228906 0.119444 0.011979 0.035185
1 0.606250 0.207870 0.012500 0.050926
1 0.824479 0.300926 0.016667 0.061111
1 0.636458 0.101852 0.014583 0.035185
1 0.681771 0.164352 0.012500 0.049074
0 0.481870 0.105819 0.005427 0.009102
