1 0.201563 0.318056 0.012500 0.065741
1 0.475260 0.378704 0.009896 0.066667
1 0.650781 0.293981 0.013021 0.058333
1 0.430729 0.386574 0.016667 0.067593
1 0.824740 0.726389 0.017188 0.089815
1 0.413281 0.517130 0.015104 0.075000
1 0.640885 0.685185 0.028646 0.087037
1 0.333333 0.804630 0.018750 0.103704
1 0.256510 0.677315 0.017188 0.084259
1 0.230208 0.162037 0.011458 0.044444
1 0.548177 0.267130 0.011979 0.049074
1 0.168229 0.424537 0.016667 0.069444
1 0.437500 0.468519 0.013542 0.068519
1 0.526823 0.347222 0.014063 0.061111
1 0.513281 0.410185 0.010937 0.061111
1 0.145052 0.509259 0.016146 0.077778
1 0.320573 0.331481 0.009896 0.061111
1 0.277083 0.227315 0.015625 0.049074
1 0.759896 0.423148 0.015625 0.072222
1 0.810156 0.471296 0.017188 0.077778
1 0.658333 0.214815 0.010417 0.048148
1 0.591927 0.293056 0.011979 0.056481
