1 0.222917 0.314352 0.015625 0.054630
1 0.549219 0.362037 0.020313 0.055556
1 0.876302 0.310648 0.017188 0.050926
1 0.503125 0.261111 0.012500 0.046296
1 0.784635 0.634722 0.025521 0.075000
1 0.196354 0.371296 0.016667 0.053704
1 0.604427 0.718981 0.026562 0.089815
1 0.314583 0.536111 0.015625 0.072222
1 0.378906 0.518981 0.017188 0.069444
1 0.259635 0.209259 0.009896 0.040741
1 0.794271 0.222685 0.012500 0.037963
1 0.322656 0.328704 0.010937 0.051852
1 0.423438 0.385185 0.017708 0.057407
1 0.539844 0.308796 0.017188 0.047222
1 0.637500 0.362037 0.019792 0.050000
1 0.096094 0.378704 0.011979 0.057407
1 0.295573 0.275000 0.011979 0.050000
1 0.353125 0.261111 0.009375 0.044444
1 0.741667 0.375926 0.018750 0.057407
1 0.884896 0.414815 0.023958 0.062963
1 0.816406 0.257407 0.016146 0.038889
1 0.756771 0.270370 0.015625 0.048148
0 0.763289 0.109056 0.004932 0.008796
