1 0.286979 0.343519 0.018750 0.077778
1 0.520052 0.337500 0.015104 0.063889
1 0.777344 0.375926 0.017188 0.077778
1 0.398177 0.357407 0.019271 0.074074
1 0.766927 0.822685 0.030729 0.102778
1 0.479427 0.587500 0.018229 0.095370
1 0.377083 0.678704 0.020833 0.092593
1 0.194531 0.756481 0.019271 0.109259
1 0.195833 0.626852 0.020833 0.087037
1 0.420833 0.051852 0.010417 0.042593
1 0.498177 0.301389 0.013021 0.065741
1 0.247396 0.517130 0.027083 0.084259
1 0.376042 0.465278 0.016667 0.078704
1 0.552083 0.404167 0.015625 0.076852
1 0.486198 0.444444 0.020313 0.074074
1 0.227865 0.448148 0.016146 0.081481
1 0.323437 0.262963 0.015625 0.066667
1 0.362760 0.201852 0.013021 0.055556
1 0.730729 0.463889 0.018750 0.083333
1 0.829948 0.550926 0.021354 0.096296
1 0.751302 0.235648 0.011979 0.062037
1 0.527604 0.390278 0.016667 0.076852
