1 0.236979 0.340278 0.019792 0.058333
1 0.491667 0.372222 0.022917 0.062963
1 0.751823 0.373611 0.020313 0.071296
1 0.451302 0.360185 0.020313 0.062963
1 0.771615 0.645370 0.023438 0.083333
1 0.555208 0.565278 0.023958 0.082407
1 0.567187 0.763889 0.025000 0.094444
1 0.307552 0.662963 0.020313 0.096296
1 0.209635 0.618056 0.022396 0.084259
1 0.339323 0.136111 0.014063 0.044444
1 0.634635 0.320370 0.016146 0.055556
1 0.319792 0.448148 0.022917 0.068519
1 0.367969 0.469444 0.020313 0.074074
1 0.572917 0.368519 0.017708 0.055556
1 0.560417 0.454630 0.015625 0.068519
1 0.148177 0.459722 0.023438 0.071296
1 0.279167 0.280093 0.015625 0.049074
1 0.335938 0.263889 0.019792 0.044444
1 0.661719 0.486111 0.019271 0.083333
1 0.734375 0.500926 0.018750 0.087037
1 0.748177 0.334259 0.018229 0.062963
1 0.740885 0.346296 0.013021 0.048148
0 0.374547 0.102815 0.005083 0.009185
