1 0.132292 0.212963 0.012500 0.061111
1 0.332552 0.299537 0.014063 0.071296
1 0.719792 0.148611 0.013542 0.050926
1 0.410417 0.178241 0.015625 0.056481
1 0.907292 0.568056 0.020833 0.086111
1 0.536458 0.364352 0.014583 0.069444
1 0.602865 0.476852 0.018229 0.081481
1 0.301042 0.895833 0.023958 0.121296
1 0.065625 0.494907 0.013542 0.078704
1 0.195833 0.054630 0.013542 0.040741
1 0.559115 0.119907 0.011979 0.047222
1 0.142969 0.265278 0.014063 0.062037
1 0.428906 0.297685 0.013021 0.067593
1 0.489583 0.182870 0.013542 0.054630
1 0.610417 0.219444 0.012500 0.057407
1 0.123177 0.285185 0.016146 0.068519
1 0.246875 0.120833 0.011458 0.050926
1 0.277083 0.103704 0.011458 0.042593
1 0.644010 0.238889 0.011979 0.066667
1 0.921354 0.331019 0.014583 0.071296
1 0.678385 0.078241 0.016146 0.041667
1 0.670833 0.154630 0.010417 0.051852
0 0.703906 0.136111 0.004687 0.009259
