1 0.150781 0.386574 0.009896 0.045370
1 0.435156 0.417130 0.008854 0.047222
1 0.559896 0.341204 0.009375 0.039815
1 0.463542 0.363889 0.010417 0.042593
1 0.874219 0.693981 0.013021 0.071296
1 0.212760 0.484722 0.009896 0.050926
1 0.617188 0.619444 0.021875 0.061111
1 0.194010 0.658796 0.013021 0.069444
1 0.187240 0.573611 0.013021 0.060185
1 0.155469 0.307870 0.009896 0.037963
1 0.551042 0.311574 0.007292 0.034259
1 0.152083 0.436574 0.011458 0.047222
1 0.873437 0.351389 0.009375 0.039815
1 0.428906 0.425926 0.009896 0.044444
1 0.451042 0.371759 0.009375 0.041667
1 0.511719 0.376852 0.008854 0.038889
1 0.015365 0.501389 0.011979 0.054630
1 0.260677 0.377778 0.011979 0.042593
1 0.170833 0.333796 0.007292 0.036111
1 0.675000 0.417130 0.011458 0.049074
1 0.707552 0.434722 0.011979 0.049074
1 0.544010 0.287037 0.006771 0.031481
1 0.535156 0.346759 0.006771 0.039815
