1 0.236979 0.377778 0.019792 0.072222
1 0.495573 0.379167 0.014063 0.071296
1 0.727344 0.413889 0.020313 0.070370
1 0.457292 0.404630 0.017708 0.072222
1 0.807292 0.681481 0.021875 0.092593
1 0.552604 0.593056 0.019792 0.086111
1 0.480729 0.751389 0.023958 0.093519
1 0.313802 0.667593 0.016146 0.092593
1 0.194792 0.636111 0.016667 0.087037
1 0.346875 0.132870 0.011458 0.041667
1 0.622917 0.361111 0.014583 0.061111
1 0.356250 0.493519 0.018750 0.077778
1 0.375000 0.507407 0.016667 0.077778
1 0.585677 0.422685 0.017188 0.071296
1 0.558073 0.485648 0.017188 0.073148
1 0.150781 0.500000 0.022396 0.081481
1 0.294531 0.296296 0.011979 0.061111
1 0.358333 0.266667 0.010417 0.053704
1 0.620833 0.508333 0.017708 0.085185
1 0.664844 0.517593 0.025521 0.081481
1 0.753646 0.362500 0.013542 0.063889
1 0.703906 0.404630 0.023438 0.072222
0 0.651563 0.278241 0.005208 0.010185
