1 0.569461 0.484644 0.02126 0.0686611
1 0.602778 0.473554 0.0159369 0.0604379
1 0.642025 0.448715 0.014923 0.0632155
1 0.786533 0.56769 0.0208258 0.0734099
1 0.507254 0.44924 0.0121934 0.0623341
1 0.814943 0.631298 0.0194697 0.0784046
1 0.576216 0.34591 0.0110193 0.0537911
1 0.552452 0.368079 0.0126321 0.0543365
1 0.38523 0.637858 0.0145352 0.0813202
1 0.665372 0.580146 0.0145589 0.0739801
1 0.326729 0.408133 0.0134161 0.0599247
1 0.357111 0.516144 0.0142347 0.0674277
1 0.80225 0.368607 0.0127203 0.0569251
1 0.467853 0.498852 0.0144766 0.0661734
1 0.565979 0.605258 0.021286 0.0776388
1 0.60658 0.410385 0.0119046 0.0627344
1 0.423152 0.420236 0.0116699 0.0478622
1 0.41304 0.424593 0.0119991 0.0411801
1 0.139072 0.521369 0.0196181 0.0449641
1 0.628475 0.502649 0.0127782 0.0637182
1 0.631299 0.460483 0.0130337 0.0440203
1 0.553427 0.60215 0.0173463 0.0780912
0 0.563345 0.641982 0.00621796 0.0108782
