1 0.630873 0.498494 0.014474 0.0664973
1 0.399164 0.497631 0.0185045 0.0694639
1 0.803145 0.637231 0.0197506 0.0618717
1 0.600461 0.405457 0.0130873 0.0597125
1 0.480688 0.486961 0.0148231 0.0646363
1 0.178559 0.49952 0.0152665 0.0676749
1 0.664027 0.584002 0.0147197 0.0746075
1 0.38059 0.649532 0.0174275 0.0777022
1 0.78713 0.567759 0.0135169 0.0768173
1 0.65736 0.459375 0.0125701 0.0639878
1 0.515221 0.440515 0.0112717 0.0601785
1 0.328794 0.398145 0.01185 0.0556143
1 0.560725 0.354568 0.0103744 0.0527732
1 0.551008 0.372808 0.0126102 0.0527817
1 0.790246 0.377345 0.0140528 0.0588943
1 0.612206 0.476769 0.0143321 0.0655106
1 0.606511 0.45156 0.0127108 0.0597868
1 0.422063 0.423823 0.0120077 0.0481176
1 0.607835 0.59007 0.011753 0.0724617
1 0.600233 0.608208 0.0200468 0.0842749
1 0.412408 0.428826 0.0127809 0.041808
1 0.623684 0.468044 0.0135664 0.0593279
