1 0.588403 0.44665 0.0156858 0.0605799
1 0.707772 0.547634 0.0156485 0.06763
1 0.561885 0.432156 0.0121234 0.0596573
1 0.66842 0.552414 0.0122292 0.0695587
1 0.209748 0.606743 0.0178104 0.0729572
1 0.461249 0.369929 0.012039 0.0537506
1 0.775377 0.606054 0.0149936 0.0711522
1 0.397569 0.42832 0.0117811 0.0558806
1 0.577568 0.613192 0.0194859 0.0782437
1 0.780012 0.389457 0.0101976 0.0519665
1 0.652702 0.542812 0.0104899 0.0643205
1 0.762184 0.587802 0.0156408 0.0719076
1 0.52415 0.403509 0.011228 0.0535507
1 0.515417 0.432662 0.012804 0.0607629
1 0.476289 0.402812 0.00861874 0.054475
0 0.593457 0.642038 0.00610695 0.0106297
1 0.516376 0.386991 0.00854317 0.042986
1 0.489622 0.402245 0.0089214 0.0574186
1 0.505479 0.388499 0.0118115 0.0532568
1 0.508702 0.402848 0.00795069 0.0505626
1 0.495352 0.402259 0.0101393 0.0572005
1 0.491231 0.381206 0.0115449 0.0459112
