1 0.601293 0.461282 0.0151616 0.0584709
1 0.632198 0.568495 0.0135146 0.0663091
1 0.516809 0.40126 0.012173 0.0500206
1 0.210428 0.622736 0.0137341 0.0742653
1 0.468988 0.493198 0.0119297 0.0620642
1 0.756722 0.407399 0.0129013 0.0519863
1 0.57493 0.441856 0.0112329 0.0579835
1 0.531197 0.408173 0.0122976 0.0576255
1 0.435667 0.367776 0.0105515 0.0499191
1 0.490764 0.384641 0.0110176 0.0487108
1 0.555411 0.426556 0.0109831 0.0569941
1 0.498842 0.434379 0.0107439 0.0537537
1 0.386802 0.42537 0.0115222 0.0507542
1 0.574159 0.638973 0.0138624 0.0775068
1 0.472772 0.380222 0.00964578 0.048776
1 0.504399 0.39301 0.0111139 0.0511228
1 0.478995 0.404114 0.0100011 0.0527559
1 0.705268 0.536323 0.0114847 0.0642144
0 0.599237 0.663595 0.00607891 0.00953087
1 0.544688 0.442057 0.0107151 0.0556925
1 0.698952 0.534287 0.0116749 0.0611658
