1 0.640496 0.576802 0.0189556 0.0674976
1 0.565661 0.444175 0.0143194 0.0584499
1 0.543502 0.430846 0.0113151 0.0577866
1 0.479013 0.41851 0.013469 0.0557641
1 0.58238 0.630336 0.0189217 0.077402
1 0.375909 0.431011 0.0130641 0.0510015
1 0.44489 0.36971 0.00909042 0.0502691
1 0.205742 0.621623 0.0172901 0.0724831
1 0.688727 0.552297 0.0129772 0.0685418
1 0.528915 0.439344 0.0120969 0.0566639
1 0.466441 0.375452 0.0105458 0.0499413
1 0.511683 0.404547 0.0139312 0.0527823
1 0.493158 0.390013 0.0110774 0.0502989
1 0.799528 0.412001 0.0156082 0.0516178
1 0.705307 0.538974 0.0147835 0.0726968
1 0.498042 0.409455 0.0114802 0.0547238
0 0.597651 0.658067 0.00633475 0.0108552
1 0.522488 0.414405 0.0113636 0.0562125
1 0.476355 0.387474 0.0123636 0.0482953
1 0.698592 0.531203 0.0157981 0.0598437
1 0.478547 0.373054 0.00900453 0.0270675
1 0.527575 0.402647 0.00945505 0.0396913
1 0.477841 0.380096 0.0103415 0.0409942
