1 0.329075 0.566803 0.0163363 0.0664915
1 0.305117 0.602073 0.0150242 0.0693591
1 0.137485 0.374226 0.0133972 0.0559653
1 0.601014 0.542168 0.0169643 0.0673806
1 0.0783074 0.502285 0.0164915 0.0610869
1 0.057818 0.511764 0.0189953 0.0634311
1 0.720537 0.681653 0.0202905 0.076814
1 0.412071 0.397183 0.0109708 0.0535552
1 0.542579 0.454623 0.0123327 0.0587138
1 0.435311 0.69236 0.0140696 0.0726517
1 0.919637 0.509014 0.0134113 0.0705349
1 0.431422 0.259378 0.00949246 0.0441837
1 0.260314 0.322313 0.0210264 0.0505881
1 0.791015 0.280703 0.0102639 0.0438957
1 0.189624 0.439908 0.0154198 0.0586711
1 0.456606 0.374801 0.0196137 0.0556952
1 0.477113 0.283528 0.00909332 0.0437179
1 0.177503 0.231469 0.0106163 0.0408518
1 0.674454 0.274542 0.00945136 0.0474132
1 0.468718 0.390377 0.00904656 0.0487694
1 0.920894 0.906134 0.0253633 0.0891615
1 0.875675 0.922195 0.0317792 0.0828811
1 0.503357 0.112792 0.00689933 0.0237506
1 0.00934952 0.763435 0.0185799 0.0570257
