1 0.56744 0.31156 0.0160564 0.0580538
1 0.0842121 0.279197 0.0116784 0.0555298
1 0.482432 0.270646 0.0146871 0.0586786
1 0.0515461 0.490274 0.0169539 0.0751104
1 0.344943 0.253528 0.0133812 0.0558855
1 0.441392 0.41723 0.0196588 0.0664672
1 0.376164 0.192042 0.0129195 0.0453439
1 0.36022 0.105759 0.0108871 0.036717
1 0.164954 0.157879 0.013654 0.038888
1 0.851925 0.202147 0.0123936 0.0493796
1 0.77401 0.326133 0.0121154 0.0596066
1 0.444909 0.222265 0.0159843 0.05137
1 0.337928 0.380696 0.0148655 0.0653807
1 0.343051 0.14537 0.0101622 0.0400105
1 0.57273 0.156617 0.0135147 0.0442333
1 0.0629347 0.534861 0.0181523 0.0776048
1 0.112636 0.182367 0.0154094 0.0395245
1 0.466895 0.80587 0.0222788 0.105095
1 0.0682132 0.254145 0.0112559 0.0543737
1 0.0633195 0.295983 0.0133883 0.0615987
1 0.615421 0.129792 0.00675106 0.037778
1 0.397934 0.177698 0.0104531 0.0429642
0 0.40426 0.189359 0.00502962 0.00941976
1 0.0725845 0.128589 0.0106388 0.0427495
