1 0.765908 0.355665 0.0180986 0.049777
1 0.404902 0.38401 0.0174757 0.0559736
1 0.032957 0.377889 0.0127409 0.0545647
1 0.351461 0.342197 0.0110414 0.0534233
1 0.663768 0.235184 0.0107683 0.0467324
1 0.109479 0.649259 0.0161617 0.066555
1 0.897567 0.389338 0.0165024 0.0543392
1 0.0171605 0.367268 0.0140788 0.0539387
1 0.589914 0.281842 0.0104761 0.0512783
1 0.780647 0.814195 0.0268289 0.0992659
1 0.265714 0.298221 0.0099086 0.0482871
1 0.10655 0.224654 0.0109038 0.0407023
1 0.534621 0.289567 0.0149561 0.0486579
1 0.790627 0.268329 0.0110531 0.0462794
1 0.0834428 0.266282 0.0131572 0.0448917
1 0.598481 0.189799 0.00846011 0.0368265
1 0.419252 0.438762 0.0153327 0.048818
1 0.219619 0.27309 0.0100893 0.0460004
1 0.352399 0.18801 0.00838976 0.0361653
1 0.339193 0.217578 0.00868607 0.0430554
1 0.0918594 0.447013 0.0126478 0.0664084
1 0.0208981 0.213599 0.0129122 0.0366796
1 0.0936648 0.660169 0.0154233 0.088074
0 0.898807 0.413565 0.0051548 0.00899732
