1 0.295897 0.540598 0.0177129 0.0451282
1 0.711528 0.496047 0.0179666 0.0433104
1 0.173786 0.639858 0.0170475 0.050895
1 0.361843 0.572985 0.0183702 0.0428
1 0.457431 0.503089 0.0152495 0.0414009
1 0.347895 0.490806 0.0115158 0.0389135
1 0.917755 0.69081 0.0133866 0.063573
1 0.593987 0.47963 0.00899557 0.040581
1 0.490994 0.594545 0.00973094 0.0500922
1 0.572046 0.566965 0.0161585 0.0484392
1 0.628006 0.377091 0.0147196 0.0283494
1 0.416983 0.461356 0.0105368 0.0354483
1 0.392442 0.442314 0.0165255 0.0334916
1 0.894239 0.510146 0.0187844 0.0429312
1 0.524163 0.52958 0.00793963 0.0456309
1 0.445755 0.430727 0.00812677 0.0316254
1 0.276442 0.37977 0.00816209 0.0288223
1 0.436954 0.386166 0.0118485 0.0284627
1 0.545427 0.404774 0.0101399 0.0356731
1 0.87882 0.47793 0.0139854 0.0395783
1 0.486533 0.359254 0.00711479 0.0287572
1 0.374674 0.555145 0.00879269 0.0497613
1 0.546503 0.297711 0.00567506 0.0214647
