1 0.910804 0.502972 0.0149649 0.0542285
1 0.877476 0.546344 0.0180459 0.0605516
1 0.893803 0.614473 0.0146657 0.0621077
1 0.318818 0.422519 0.0124386 0.0449836
1 0.310442 0.502721 0.0117667 0.0580109
1 0.457875 0.424612 0.0131594 0.0439056
1 0.387057 0.580512 0.0133444 0.0625803
1 0.56878 0.436773 0.0104038 0.050752
1 0.389656 0.4821 0.0102001 0.0506405
1 0.183186 0.45494 0.0100274 0.0528238
1 0.291963 0.430591 0.00974964 0.0482494
1 0.12921 0.490586 0.0132467 0.0552438
1 0.347182 0.302655 0.00847085 0.0313271
1 0.326068 0.385763 0.00870908 0.0406369
1 0.455514 0.355025 0.0107479 0.0389633
1 0.272103 0.474353 0.014351 0.0483771
1 0.443238 0.355014 0.00703389 0.0382718
1 0.298957 0.376282 0.0103682 0.0325346
1 0.291738 0.377987 0.0115422 0.0285339
1 0.313272 0.354154 0.00703596 0.0394422
1 0.463045 0.266232 0.00880985 0.0245116
1 0.326096 0.358813 0.0108239 0.0294591
1 0.273581 0.37435 0.0106262 0.0322905
