1 0.586867 0.646767 0.0170842 0.0779581
1 0.427089 0.420622 0.0127187 0.0493482
1 0.72679 0.490645 0.0119198 0.0553799
1 0.661079 0.45833 0.012144 0.053798
1 0.537533 0.36417 0.00912768 0.0480629
1 0.681294 0.546081 0.0127295 0.0627041
1 0.595801 0.432134 0.0120831 0.0542482
1 0.660141 0.529617 0.0118383 0.0582273
1 0.510103 0.453324 0.0129043 0.0492776
1 0.653136 0.422519 0.00968711 0.0451883
1 0.616816 0.498722 0.0094326 0.0519285
1 0.182064 0.636306 0.017361 0.0747129
1 0.771656 0.42002 0.0134206 0.0502096
1 0.507889 0.500878 0.00959514 0.056261
1 0.592956 0.490063 0.0169529 0.050944
1 0.665667 0.360224 0.00953649 0.0394018
1 0.714781 0.425062 0.0217259 0.0466832
1 0.671196 0.380228 0.0105746 0.0474729
1 0.727486 0.387628 0.0104598 0.0482438
1 0.674235 0.368603 0.00932585 0.0402091
