1 0.445908 0.682348 0.0158689 0.0697368
1 0.480046 0.666336 0.0193324 0.0689806
1 0.921766 0.690918 0.0233498 0.0762621
1 0.401402 0.355839 0.0165497 0.0434832
1 0.574021 0.583592 0.0173541 0.0629387
1 0.510075 0.588404 0.0137178 0.0683848
1 0.221559 0.52109 0.0134531 0.054141
1 0.556161 0.438039 0.0119448 0.0530282
1 0.72347 0.450486 0.0109282 0.0528868
1 0.874918 0.643164 0.0191402 0.0691557
1 0.629486 0.327378 0.0118432 0.0400477
1 0.112258 0.46638 0.0174273 0.0460735
1 0.21637 0.583595 0.0162421 0.0561977
1 0.897689 0.339961 0.0108189 0.0430779
1 0.462872 0.31466 0.0128139 0.0380792
1 0.493558 0.440124 0.009465 0.0492024
1 0.593501 0.313362 0.00850544 0.0384605
1 0.0922248 0.654183 0.0175029 0.0630158
1 0.504869 0.445334 0.00955779 0.0482412
1 0.985909 0.535975 0.0156437 0.0586465
1 0.728254 0.512339 0.0110818 0.057981
1 0.933329 0.366433 0.00986042 0.0420024
0 0.134111 0.479233 0.00524917 0.00880404
1 0.25683 0.335341 0.00870932 0.0392197
