1 0.59452 0.646397 0.0176672 0.0789607
1 0.701744 0.543757 0.0142591 0.0635681
1 0.732118 0.505887 0.0131346 0.06402
1 0.192796 0.631579 0.0162373 0.0746571
1 0.536004 0.455027 0.0154921 0.0540824
1 0.509353 0.49643 0.0110683 0.0615107
1 0.601517 0.424103 0.00944405 0.0540566
1 0.641404 0.422202 0.0108433 0.0520655
1 0.618704 0.567459 0.0135764 0.0636107
1 0.64485 0.51518 0.015706 0.0621049
1 0.659204 0.51499 0.0131221 0.0571664
1 0.436462 0.418123 0.0073315 0.050885
1 0.662505 0.427931 0.0115728 0.0498991
1 0.544976 0.364263 0.0100049 0.045226
1 0.637664 0.385308 0.00993443 0.0473555
1 0.678641 0.415334 0.0165875 0.0521713
1 0.742891 0.393221 0.012278 0.0478308
1 0.653297 0.449113 0.0091191 0.0538007
1 0.740585 0.429646 0.0164507 0.0572868
1 0.646761 0.369404 0.00941588 0.0395076
1 0.656449 0.372804 0.00931816 0.0400448
1 0.676677 0.366165 0.0131976 0.0421277
