1 0.521254 0.453138 0.0129788 0.0555987
1 0.72501 0.495796 0.0126744 0.0597599
1 0.185967 0.632835 0.0174022 0.0740925
1 0.58826 0.647345 0.0156115 0.0786062
1 0.618461 0.502736 0.0134531 0.0578898
1 0.637108 0.545536 0.015846 0.0651419
1 0.504254 0.49735 0.00939868 0.0624226
1 0.688174 0.543139 0.0120221 0.0635137
1 0.539217 0.363276 0.00794735 0.0482339
1 0.759038 0.42346 0.0166454 0.0489013
1 0.646383 0.422242 0.00910486 0.0505117
1 0.430108 0.419546 0.00770152 0.0499701
1 0.634477 0.503387 0.011246 0.0547638
1 0.655431 0.453351 0.0103314 0.0516027
1 0.595277 0.427876 0.0094216 0.0549778
1 0.684107 0.423234 0.0133389 0.0469081
1 0.696954 0.411339 0.0144314 0.0495688
1 0.653763 0.380991 0.0102333 0.0493575
1 0.734484 0.39151 0.0140548 0.0464413
1 0.667886 0.368543 0.011047 0.0396322
1 0.660113 0.36718 0.00866648 0.0383048
