1 0.610222 0.596474 0.0154264 0.0735317
1 0.597532 0.510825 0.0136929 0.0625223
1 0.807414 0.648666 0.0173471 0.0768436
1 0.202936 0.642673 0.0211161 0.063932
1 0.715525 0.545077 0.0145962 0.0693313
1 0.653216 0.557406 0.0125779 0.0699402
1 0.388679 0.381994 0.0108678 0.0535682
1 0.554095 0.401028 0.0112031 0.0572026
1 0.643943 0.473253 0.0168733 0.0651217
1 0.462338 0.41672 0.0111319 0.0532092
1 0.514084 0.369284 0.00878665 0.0491691
1 0.4498 0.410442 0.00923389 0.057797
1 0.499702 0.439407 0.0117845 0.0590325
1 0.612462 0.446495 0.010881 0.0638078
1 0.513458 0.433159 0.0107629 0.0526352
1 0.538687 0.435045 0.0132474 0.0625587
1 0.531086 0.379317 0.0128621 0.0549607
1 0.596353 0.608104 0.0187532 0.0479526
1 0.77475 0.369305 0.0150487 0.0588008
1 0.52325 0.393223 0.0108369 0.0551527
1 0.490549 0.367729 0.0124386 0.0558226
