1 0.472704 0.499731 0.0124849 0.0601843
1 0.524965 0.596122 0.0139751 0.0699629
1 0.522513 0.445707 0.0120485 0.0573575
1 0.563296 0.43045 0.0131011 0.0569035
1 0.576213 0.444033 0.0117247 0.0573419
1 0.476827 0.383363 0.0097936 0.0504856
1 0.532458 0.411573 0.0118337 0.0501027
1 0.754497 0.410063 0.0104813 0.0549924
1 0.566884 0.643862 0.0138842 0.0780004
1 0.414789 0.419275 0.00915429 0.0530276
1 0.424466 0.364916 0.0103104 0.0477042
1 0.493814 0.387688 0.0102548 0.0492729
1 0.209572 0.628567 0.0123809 0.0719504
1 0.705992 0.539221 0.0118908 0.0645281
0 0.599632 0.666359 0.00654036 0.00997738
1 0.623456 0.469445 0.0144578 0.0545928
1 0.699163 0.536284 0.0111943 0.0631677
1 0.626144 0.484014 0.0103224 0.053129
1 0.50398 0.410567 0.0099755 0.0518519
1 0.5175 0.405278 0.010769 0.0527764
1 0.524962 0.403441 0.00913487 0.0525496
1 0.508905 0.394547 0.00985915 0.0485455
1 0.510778 0.408587 0.0088618 0.0507525
1 0.514291 0.406487 0.00582339 0.0521927
