1 0.373805 0.379651 0.0160556 0.0523184
1 0.601951 0.526116 0.0131186 0.0679318
1 0.6141 0.449415 0.0126978 0.0657579
1 0.43532 0.41599 0.0135341 0.0579484
1 0.56238 0.403164 0.011134 0.0590829
1 0.64475 0.473006 0.0139198 0.067261
1 0.651426 0.561915 0.0113226 0.0735362
1 0.206093 0.64097 0.0216064 0.0621731
1 0.474067 0.415155 0.0111735 0.0551672
1 0.534091 0.380995 0.0109276 0.0543476
1 0.521942 0.433016 0.0156713 0.0547129
1 0.598128 0.601272 0.0156388 0.0580952
1 0.612279 0.595032 0.0153509 0.0733626
1 0.719325 0.546951 0.0103052 0.0742697
1 0.797644 0.653206 0.0162959 0.0736526
1 0.522413 0.3733 0.0112088 0.0520293
1 0.494865 0.437888 0.0148971 0.0615034
1 0.773438 0.369252 0.0109913 0.0523749
1 0.525182 0.398087 0.0114948 0.0528448
1 0.494066 0.36709 0.0124085 0.0537942
1 0.496615 0.363062 0.0085227 0.0560084
