1 0.556549 0.485553 0.0189814 0.0682275
1 0.558675 0.607808 0.0165188 0.0777204
1 0.388705 0.633578 0.0147911 0.0782031
1 0.552391 0.36595 0.0124931 0.0541536
1 0.579753 0.34364 0.0141944 0.0532404
1 0.461618 0.500099 0.014312 0.067078
1 0.508461 0.451799 0.0128394 0.0628017
1 0.786112 0.566313 0.0204653 0.0738584
1 0.603368 0.472368 0.0157182 0.0605113
1 0.822067 0.631441 0.0161561 0.0766615
1 0.805007 0.36526 0.0153996 0.0581147
1 0.665296 0.578253 0.0140711 0.0736092
1 0.349372 0.520369 0.0146599 0.0696021
1 0.324934 0.408531 0.0122979 0.0595593
1 0.606452 0.408722 0.0121194 0.0617094
1 0.633048 0.502927 0.0136932 0.064454
1 0.547401 0.59395 0.014754 0.0783144
1 0.421618 0.415101 0.012108 0.0537722
1 0.639971 0.444845 0.0136332 0.0575003
1 0.138745 0.519808 0.0194459 0.0446661
1 0.412414 0.423415 0.0120429 0.039882
1 0.637444 0.477521 0.0124267 0.0637393
