1 0.159279 0.289436 0.0154322 0.0583445
1 0.585989 0.335219 0.0192524 0.0597401
1 0.557349 0.255417 0.0222893 0.0534751
1 0.170606 0.500959 0.0149192 0.0759909
1 0.169231 0.265862 0.0112954 0.0567009
1 0.145814 0.469586 0.0148822 0.080772
1 0.608821 0.807698 0.0275027 0.103573
1 0.456486 0.247712 0.0164135 0.0474722
1 0.618635 0.158997 0.0121022 0.0400564
1 0.829054 0.320082 0.0149622 0.0648913
1 0.145911 0.241675 0.0123201 0.0498238
1 0.400815 0.249179 0.0127744 0.0541932
1 0.340946 0.158564 0.015324 0.03876
1 0.739285 0.129464 0.012947 0.0405412
1 0.439062 0.40589 0.0149414 0.0681785
1 0.982595 0.243017 0.00896746 0.0612579
1 0.507786 0.156559 0.0122018 0.040829
1 0.362141 0.152025 0.010387 0.0389085
1 0.48482 0.152108 0.0124985 0.0577847
1 0.166478 0.142881 0.0112426 0.0415781
1 0.434914 0.382004 0.0154266 0.0712373
1 0.518013 0.1335 0.0162139 0.0415686
0 0.52489 0.152332 0.00425167 0.00806906
