1 0.545464 0.459932 0.0144375 0.0584002
1 0.594778 0.645944 0.0167426 0.0789865
1 0.736105 0.520599 0.0134979 0.0639521
1 0.596035 0.421384 0.0120331 0.0540011
1 0.508768 0.498313 0.0128986 0.0600074
1 0.194549 0.631251 0.0156706 0.0744944
1 0.59032 0.588621 0.0146479 0.067143
1 0.535949 0.364317 0.0099391 0.0455587
1 0.708102 0.543567 0.0097154 0.0650213
1 0.704912 0.437344 0.020831 0.0554344
1 0.437091 0.418278 0.00748027 0.0509296
1 0.636454 0.446585 0.0142652 0.0494781
1 0.681295 0.527314 0.0130686 0.0607602
1 0.747648 0.410424 0.0093682 0.0462305
1 0.625448 0.424739 0.0128433 0.0565597
1 0.646451 0.418349 0.0136311 0.0530321
1 0.673663 0.535962 0.0171445 0.060222
1 0.610986 0.392685 0.00986652 0.0495409
1 0.618972 0.375746 0.0106298 0.040438
1 0.625307 0.380835 0.0088747 0.0350253
1 0.606381 0.378814 0.00978235 0.0373631
0 0.695563 0.399525 0.00430152 0.00852271
