1 0.583824 0.445672 0.0121024 0.0574598
1 0.680228 0.508708 0.0215065 0.0629933
1 0.530787 0.454 0.0125375 0.0564275
1 0.556874 0.429652 0.0139303 0.0556029
1 0.479472 0.385422 0.0100174 0.0501705
1 0.497104 0.388865 0.0108104 0.049232
1 0.539839 0.620648 0.0166871 0.0715374
1 0.75018 0.573569 0.0121805 0.0675972
1 0.42882 0.420916 0.00943362 0.0517597
1 0.760213 0.414039 0.0125248 0.0557709
1 0.427528 0.36748 0.0104155 0.0474239
1 0.535049 0.412841 0.0116783 0.051062
1 0.477281 0.503758 0.0089304 0.0605854
1 0.570603 0.646631 0.0154355 0.0766971
1 0.195623 0.631151 0.0152628 0.0730805
0 0.602268 0.668657 0.00645949 0.0105047
1 0.511039 0.411549 0.0122802 0.0530047
1 0.708625 0.541436 0.011374 0.0643985
1 0.701755 0.539726 0.0109399 0.0611642
1 0.523096 0.403979 0.0128966 0.0517482
1 0.510879 0.398563 0.0122339 0.0527915
