1 0.673779 0.588788 0.02096 0.0669523
1 0.548997 0.429227 0.0130619 0.0569242
1 0.566247 0.445417 0.0119432 0.0582454
1 0.446738 0.370178 0.00951023 0.0511478
1 0.581081 0.628998 0.020127 0.078438
1 0.208408 0.617346 0.0123215 0.0748212
1 0.366347 0.432179 0.00955324 0.0525211
1 0.514449 0.405573 0.0109481 0.0510181
1 0.479174 0.42079 0.0118178 0.0571987
1 0.703845 0.532005 0.0170479 0.0588283
1 0.465635 0.374392 0.0109591 0.0494721
1 0.530421 0.43881 0.0110127 0.0580565
1 0.498976 0.41013 0.00909303 0.0523771
1 0.489124 0.388836 0.0106185 0.0500977
1 0.5251 0.415068 0.0113981 0.0521773
1 0.712112 0.568597 0.0140202 0.0682032
1 0.797738 0.410858 0.0167074 0.0529139
1 0.717744 0.548048 0.010089 0.0665218
0 0.597136 0.657275 0.00658315 0.0107113
1 0.531344 0.401137 0.00865348 0.0367144
1 0.477924 0.391424 0.0118169 0.0420538
1 0.478073 0.377068 0.0100479 0.0365256
