1 0.614202 0.451406 0.0149769 0.0650307
1 0.796048 0.655894 0.0173246 0.0786873
1 0.603293 0.53321 0.0150433 0.0702859
1 0.564561 0.403716 0.0124697 0.0569272
1 0.207115 0.64036 0.0219175 0.0620209
1 0.42799 0.416932 0.014146 0.0585177
1 0.65135 0.562492 0.0190281 0.0714458
1 0.645425 0.47246 0.0150725 0.0682235
1 0.536094 0.381853 0.0112039 0.0543496
1 0.720779 0.547968 0.0116741 0.0729754
1 0.612502 0.594327 0.0154549 0.0743682
1 0.369566 0.37805 0.0102384 0.054338
1 0.477924 0.416029 0.0110471 0.0543335
1 0.599079 0.593322 0.0140041 0.0727944
1 0.524664 0.400729 0.0105837 0.0537587
1 0.773044 0.36474 0.0110235 0.057025
1 0.523117 0.365528 0.0110562 0.035497
1 0.492336 0.438489 0.0138122 0.0584801
1 0.517296 0.430023 0.0105339 0.0565495
1 0.494461 0.366576 0.0109498 0.0531831
1 0.499041 0.362452 0.0091383 0.0519661
1 0.489465 0.429623 0.0100826 0.0485677
