1 0.237087 0.586015 0.0202946 0.0607801
1 0.464614 0.659505 0.0143129 0.0670546
1 0.262791 0.546963 0.0181115 0.0542023
1 0.525695 0.615547 0.0137305 0.0709591
1 0.729352 0.457122 0.0111872 0.0546778
1 0.441936 0.672402 0.0167722 0.0725835
1 0.89066 0.657773 0.0162879 0.069663
1 0.507376 0.456239 0.0107004 0.0516291
1 0.444921 0.35446 0.0178041 0.0426428
1 0.931514 0.711928 0.0157114 0.0772245
1 0.57179 0.597704 0.0123623 0.0643155
1 0.488393 0.44889 0.00974608 0.0488626
1 0.562914 0.447205 0.0106813 0.0530125
1 0.901987 0.340162 0.0117155 0.0451556
1 0.933979 0.363765 0.0135782 0.0421608
1 0.485911 0.318831 0.0124893 0.0392762
1 0.120129 0.47699 0.0154926 0.0526584
1 0.658088 0.319813 0.00936273 0.0411461
1 0.597283 0.319837 0.00936801 0.0402449
1 0.266287 0.330655 0.00897026 0.0433535
1 0.0845354 0.658049 0.0179286 0.0610804
1 0.741517 0.521289 0.0135283 0.0748331
1 0.642666 0.198294 0.00555433 0.0237968
