1 0.300651 0.632424 0.0159492 0.0720677
1 0.180016 0.446762 0.0152886 0.058862
1 0.930519 0.483354 0.0209547 0.06306
1 0.437804 0.692256 0.0183041 0.0758249
1 0.564745 0.502612 0.0134504 0.0653718
1 0.254079 0.355903 0.0107473 0.0490801
1 0.135103 0.41258 0.0131809 0.0545111
1 0.318328 0.60252 0.01486 0.0689509
1 0.66832 0.306873 0.010367 0.0503352
1 0.625371 0.579101 0.0160684 0.071503
1 0.747085 0.691896 0.0213832 0.0747206
1 0.504535 0.295138 0.00899913 0.0447903
1 0.429211 0.277965 0.00948162 0.0442321
1 0.438009 0.427854 0.00976563 0.0546203
1 0.49639 0.417962 0.0095267 0.0512969
1 0.075789 0.544321 0.017404 0.064919
1 0.180597 0.258528 0.0110383 0.0409481
1 0.775941 0.289175 0.00775909 0.043449
1 0.448245 0.407387 0.0103044 0.0561064
1 0.0786887 0.527365 0.0166196 0.0608157
1 0.495204 0.129057 0.00828959 0.0275886
1 0.993811 0.965285 0.0119492 0.0694297
