1 0.457762 0.562704 0.0150579 0.0479605
1 0.422626 0.466868 0.0116988 0.0415974
1 0.33936 0.536959 0.011122 0.0489547
1 0.328127 0.512989 0.010328 0.0506628
1 0.507528 0.540344 0.0173978 0.05087
1 0.147237 0.58818 0.0112443 0.0527932
1 0.874804 0.652563 0.0166189 0.0581555
1 0.361418 0.454075 0.00972319 0.0403713
1 0.283964 0.502281 0.0107966 0.0479813
1 0.67932 0.473365 0.0185095 0.0421058
1 0.569392 0.452036 0.00806993 0.0413082
1 0.884342 0.502017 0.018169 0.0451753
1 0.48888 0.497423 0.0088377 0.0446915
1 0.417894 0.399958 0.00988986 0.0367637
1 0.456657 0.332937 0.00901683 0.0285048
1 0.395006 0.438437 0.00854985 0.0351234
1 0.598966 0.360043 0.0108786 0.0293952
1 0.520295 0.383722 0.00980177 0.0347022
1 0.878293 0.473175 0.0101476 0.0419724
1 0.366658 0.408352 0.0119424 0.0338313
1 0.400363 0.357309 0.00759398 0.0314698
1 0.29054 0.356369 0.00787255 0.030007
