1 0.172032 0.321822 0.0156724 0.0526046
1 0.187453 0.435041 0.0149524 0.0623524
1 0.9335 0.511873 0.0228958 0.069561
1 0.625548 0.519481 0.0179576 0.0686536
1 0.400373 0.520712 0.0162271 0.0671153
1 0.576828 0.392106 0.011379 0.0599774
1 0.422587 0.362095 0.01063 0.052161
1 0.549873 0.338291 0.010899 0.0558528
1 0.383921 0.555607 0.0140543 0.0733016
1 0.790371 0.249607 0.0174096 0.0483003
1 0.085367 0.449526 0.0149084 0.0593924
1 0.361406 0.265056 0.0125271 0.0473826
1 0.469472 0.403888 0.0112174 0.0554763
1 0.750579 0.66419 0.0199927 0.0818953
1 0.914429 0.2871 0.0108571 0.0488115
1 0.141798 0.508183 0.0174166 0.0661825
1 0.52088 0.235572 0.00907332 0.044016
1 0.49246 0.281507 0.00791531 0.0490038
1 0.200218 0.216018 0.0120505 0.0393803
1 0.46068 0.832044 0.0262865 0.0919872
1 0.85876 0.760377 0.0232682 0.0761038
1 0.569129 0.092619 0.00623124 0.0286297
1 0.424636 0.765497 0.0171611 0.0767323
