1 0.644179 0.482774 0.0149403 0.0620016
1 0.523241 0.610998 0.0153876 0.072516
1 0.564595 0.430984 0.0132045 0.0563338
1 0.525107 0.446253 0.0110359 0.0570051
1 0.418943 0.420276 0.0100967 0.0509713
1 0.576612 0.443998 0.0123233 0.0573573
1 0.424866 0.365084 0.010249 0.0477816
1 0.492735 0.387864 0.0117835 0.0483135
1 0.476869 0.383733 0.010246 0.0504703
1 0.757429 0.410159 0.0100091 0.0537569
1 0.475498 0.499016 0.0089179 0.0639987
1 0.208407 0.629938 0.0128174 0.0723122
1 0.533299 0.411667 0.0107439 0.0509232
1 0.685535 0.51444 0.0128329 0.0583496
1 0.567892 0.645156 0.0142623 0.0756404
1 0.70598 0.539756 0.0119127 0.0643443
0 0.599822 0.667021 0.00638014 0.0102305
1 0.519709 0.404087 0.0116113 0.0517766
1 0.699032 0.53698 0.0109041 0.0619972
1 0.508315 0.410068 0.0123745 0.0525438
1 0.509626 0.397624 0.011677 0.0539748
1 0.525315 0.402665 0.0071325 0.0491133
