1 0.150627 0.515482 0.0183891 0.062023
1 0.198253 0.417611 0.0138267 0.0542954
1 0.0807664 0.704705 0.0264189 0.0783103
1 0.104618 0.780113 0.0311588 0.0706399
1 0.179975 0.493598 0.0260315 0.0560008
1 0.458424 0.625719 0.0211673 0.065316
1 0.877465 0.478491 0.0205845 0.051014
1 0.373172 0.377769 0.0142788 0.0412003
1 0.873551 0.261369 0.0124546 0.0392516
1 0.490417 0.388595 0.0133442 0.0473901
1 0.525415 0.384497 0.0114473 0.0436084
1 0.681597 0.296241 0.00940545 0.0410985
1 0.20498 0.298999 0.0111427 0.0367538
1 0.561238 0.436956 0.0137964 0.0509424
1 0.604065 0.318976 0.00909869 0.0431021
1 0.448822 0.200652 0.0107262 0.0288933
1 0.654917 0.24385 0.0084329 0.0323602
1 0.250979 0.338955 0.0182041 0.0376765
1 0.261378 0.209566 0.013936 0.0316513
1 0.505534 0.4369 0.0172497 0.0420245
1 0.357798 0.270653 0.00834901 0.0379221
1 0.544552 0.575058 0.020056 0.0571585
0 0.498469 0.450707 0.00498962 0.0084875
0 0.24627 0.172654 0.00594366 0.0100936
