1 0.722356 0.554992 0.0221813 0.0596467
1 0.928061 0.631043 0.0235672 0.0651151
1 0.491433 0.462027 0.0153335 0.0517862
1 0.475369 0.49504 0.0138536 0.0592273
1 0.27131 0.407177 0.0128985 0.0459399
1 0.354896 0.49997 0.0145322 0.0547334
1 0.681665 0.435378 0.0122127 0.0507609
1 0.24235 0.476154 0.0110555 0.0522198
1 0.316304 0.464509 0.0117387 0.0534359
1 0.607263 0.438462 0.00932191 0.0475681
1 0.334501 0.390989 0.0102224 0.0455571
1 0.783982 0.476906 0.00932783 0.0522997
1 0.0969661 0.572432 0.00969364 0.0597557
1 0.198889 0.479134 0.0120498 0.0526838
1 0.25889 0.406671 0.0101532 0.0442616
1 0.23603 0.503282 0.0118961 0.0532539
1 0.187617 0.491945 0.0090498 0.0536713
1 0.227695 0.443805 0.0124835 0.0454668
1 0.253457 0.431338 0.00924745 0.0475251
1 0.202108 0.428916 0.00919031 0.0458071
1 0.216315 0.433071 0.0111295 0.0485499
1 0.209311 0.448942 0.0123807 0.052183
1 0.41383 0.295805 0.0110867 0.0347247
1 0.00198736 0.502967 0.00395624 0.0495526
