1 0.515135 0.608629 0.0208385 0.0613538
1 0.665606 0.561836 0.0147463 0.0610509
1 0.73462 0.479601 0.0109445 0.0507193
1 0.782527 0.508891 0.0102677 0.0525842
1 0.310422 0.566151 0.0118803 0.0633512
1 0.412014 0.469891 0.0101762 0.0441129
1 0.772319 0.537172 0.0123589 0.0608192
1 0.624258 0.503521 0.0161819 0.0523634
1 0.505949 0.441115 0.0116177 0.0469472
1 0.682478 0.447509 0.0107547 0.0516176
1 0.208356 0.507777 0.0112327 0.051086
1 0.6446 0.40517 0.0100452 0.0417203
1 0.546902 0.502218 0.0106284 0.0554134
1 0.597736 0.429536 0.00898101 0.0470107
1 0.413829 0.513214 0.00982173 0.055731
1 0.581387 0.399731 0.0110121 0.0435674
1 0.568763 0.425039 0.00767447 0.0464546
1 0.486892 0.419404 0.00964098 0.042064
1 0.6287 0.463969 0.008369 0.0485448
1 0.492545 0.397024 0.00998589 0.0371663
1 0.581023 0.372479 0.00952937 0.0260023
1 0.757598 0.453111 0.00976868 0.0446163
