1 0.586827 0.619131 0.0164674 0.0586819
1 0.566166 0.60966 0.0130317 0.0589665
1 0.051808 0.556982 0.0194254 0.0549611
1 0.400486 0.392179 0.0130886 0.0444827
1 0.374425 0.349098 0.0125179 0.0336863
1 0.509838 0.472013 0.00900787 0.0500395
1 0.499941 0.354593 0.0128419 0.0361968
1 0.722542 0.398957 0.01882 0.0298012
1 0.40645 0.48707 0.0110435 0.0499914
1 0.920576 0.456852 0.0123077 0.042005
1 0.387717 0.312612 0.0119241 0.0350792
1 0.973073 0.468459 0.0126787 0.0413198
1 0.671256 0.484738 0.0113016 0.0398981
1 0.459452 0.415457 0.00807177 0.0399417
1 0.510259 0.317335 0.00905714 0.0323664
1 0.634776 0.323155 0.0100947 0.0360764
1 0.572652 0.336987 0.0083121 0.0383092
1 0.681918 0.451626 0.0166049 0.0362372
1 0.142233 0.643636 0.0218673 0.0668759
1 0.542843 0.422784 0.00901731 0.0415173
1 0.192641 0.389335 0.0072135 0.0425388
1 0.142889 0.603008 0.0196787 0.0600345
1 0.858681 0.67933 0.0107461 0.027125
0 0.735546 0.389873 0.0034825 0.00681525
1 0.938323 0.677831 0.0177378 0.061318
1 0.914321 0.688954 0.0128437 0.0564754
1 0.997136 0.697215 0.00523377 0.0578274
1 0.850243 0.842763 0.0144831 0.0406022
1 0.91227 0.689643 0.00881475 0.054532
1 0.873459 0.81557 0.0154889 0.0642424
1 0.952854 0.712352 0.0131462 0.0313064
1 0.91722 0.686453 0.017886 0.0612274
