1 0.680649 0.52818 0.0110584 0.0565011
1 0.546178 0.542098 0.0100849 0.0607017
1 0.424075 0.470475 0.0106944 0.0489637
1 0.507233 0.527432 0.0109548 0.0572634
1 0.417648 0.499683 0.0122215 0.0528039
1 0.45028 0.493562 0.0101062 0.0561647
1 0.358214 0.503788 0.00933088 0.0557363
1 0.436445 0.516057 0.0145189 0.0616403
1 0.467628 0.503722 0.0147484 0.0549546
1 0.47652 0.517451 0.0106232 0.0575959
1 0.367136 0.52298 0.0136704 0.0474223
1 0.39565 0.517607 0.0117537 0.0582888
1 0.394381 0.477986 0.0121618 0.0412101
1 0.380971 0.505727 0.0105058 0.0431234
1 0.621488 0.344341 0.00765858 0.0386111
1 0.437018 0.497887 0.0131517 0.0558126
1 0.59847 0.343947 0.0103078 0.0396896
