1 0.783455 0.472814 0.0228462 0.0746517
1 0.377668 0.454902 0.0172498 0.0800441
1 0.903043 0.646326 0.0260873 0.0922536
1 0.16692 0.624125 0.023391 0.0906242
1 0.531744 0.418697 0.0158549 0.0730991
1 0.340199 0.221314 0.0120995 0.0515461
1 0.56142 0.37466 0.0141855 0.0687472
1 0.847326 0.226706 0.0107791 0.0532883
1 0.109463 0.398906 0.0160696 0.0696499
1 0.483986 0.188607 0.0112782 0.0456659
1 0.385304 0.271697 0.0122427 0.0530161
1 0.536775 0.258003 0.0120222 0.0581082
1 0.487552 0.321409 0.0125458 0.0603612
1 0.201305 0.400722 0.0246127 0.0617169
1 0.101622 0.255256 0.0142078 0.0520738
1 0.443186 0.809203 0.0222016 0.105687
1 0.563243 0.274435 0.0112693 0.059525
1 0.602701 0.315372 0.0166988 0.0620101
1 0.394949 0.235677 0.0103477 0.0529897
1 0.509523 0.497963 0.0134277 0.0801763
1 0.411443 0.283799 0.0100298 0.0588101
1 0.320448 0.138182 0.0120073 0.045461
1 0.0103983 0.160393 0.0103216 0.0304966
