1 0.470115 0.482439 0.0170816 0.0575074
1 0.677009 0.571371 0.0256205 0.060998
1 0.397137 0.582812 0.0155629 0.0657992
1 0.42972 0.504138 0.0158885 0.0575973
1 0.712693 0.45959 0.0230516 0.045186
1 0.743414 0.56744 0.0182229 0.0644488
1 0.326948 0.473196 0.0125591 0.0574857
1 0.639521 0.364219 0.0118081 0.0425312
1 0.251416 0.629532 0.0118866 0.070475
1 0.874728 0.392723 0.0111175 0.0499092
1 0.680664 0.331151 0.0121283 0.0393588
1 0.411402 0.457834 0.0127112 0.0585172
1 0.606473 0.399111 0.00955658 0.0484394
1 0.278231 0.420502 0.0149912 0.0521664
1 0.292278 0.435467 0.0116084 0.0526405
1 0.266228 0.419208 0.0149274 0.0525188
1 0.812425 0.415929 0.0125247 0.045801
1 0.398571 0.439524 0.0113106 0.0517288
1 0.221587 0.463319 0.00948358 0.0559544
1 0.23297 0.545994 0.0115052 0.0627678
1 0.233883 0.473474 0.00953533 0.0517164
1 0.241163 0.342421 0.0135231 0.0375073
1 0.239974 0.524885 0.013091 0.0644463
0 0.86253 0.409203 0.00476341 0.00916369
