1 0.54891 0.557315 0.0109712 0.0631827
1 0.483262 0.480841 0.0118998 0.0500141
1 0.227456 0.612281 0.0121099 0.0643641
1 0.462258 0.532735 0.0124369 0.0592172
1 0.499159 0.516675 0.0109579 0.055709
1 0.36487 0.478668 0.0109739 0.0574069
1 0.701736 0.50335 0.012527 0.05604
1 0.417421 0.448703 0.00763013 0.0493607
1 0.606886 0.499201 0.00855014 0.0527906
1 0.508054 0.412908 0.00930863 0.0410942
1 0.639655 0.452137 0.010017 0.0507903
1 0.4942 0.418902 0.0108308 0.0439415
1 0.618998 0.500977 0.00807635 0.0544254
1 0.718688 0.474655 0.0104278 0.0503066
1 0.499266 0.340106 0.00756051 0.0337799
1 0.733911 0.475713 0.00917002 0.0548905
1 0.692817 0.479336 0.00891151 0.0526373
1 0.650982 0.509338 0.0106395 0.0584609
1 0.637157 0.50794 0.0159502 0.0621064
0 0.488066 0.364049 0.00430956 0.00790852
0 0.606975 0.418914 0.00446949 0.00775107
1 0.699374 0.454603 0.010583 0.0487772
1 0.696823 0.0905092 0.0137952 0.0459922
1 0.678874 0.096698 0.00945873 0.0263374
1 0.638044 0.153572 0.00880814 0.023913
0 0.527648 0.198206 0.00511243 0.00901291
