1 0.469687 0.326291 0.0161148 0.0618076
1 0.367445 0.77993 0.0200397 0.104599
1 0.578362 0.433273 0.0184447 0.0635468
1 0.75242 0.323989 0.0119138 0.0577468
1 0.597744 0.318519 0.0117856 0.0585549
1 0.0699111 0.906716 0.0234335 0.10553
1 0.204217 0.826109 0.0252318 0.104657
1 0.554755 0.311469 0.00939363 0.0602058
1 0.291138 0.680279 0.0168435 0.0926695
1 0.490073 0.273195 0.00919797 0.0538415
1 0.451321 0.312682 0.00896111 0.0550353
1 0.516593 0.301048 0.0120793 0.055802
1 0.404272 0.278133 0.0082456 0.0543152
1 0.508155 0.269666 0.00799653 0.0544638
1 0.531835 0.294648 0.0108492 0.0587312
1 0.458736 0.342581 0.00974042 0.0570698
1 0.666139 0.132914 0.00973682 0.03746
1 0.440352 0.239144 0.0128036 0.0546843
1 0.528634 0.268809 0.00852966 0.0355499
1 0.413524 0.252054 0.00946833 0.0526435
1 0.430215 0.261528 0.0105812 0.0534051
1 0.144649 0.783346 0.0225134 0.0609046
1 0.426666 0.246937 0.0142276 0.0644011
0 0.661851 0.150416 0.00383536 0.0074669
1 0.422281 0.255737 0.00764885 0.0495858
1 0.89914 0.0118134 0.00643247 0.0209936
1 0.261912 0.864146 0.0188476 0.0905473
