1 0.947863 0.640447 0.0199349 0.0770005
1 0.614315 0.549254 0.0124287 0.0647673
1 0.51402 0.532797 0.0142898 0.061227
1 0.620428 0.735923 0.0149467 0.0807972
1 0.0530634 0.693833 0.0159406 0.0749849
1 0.595666 0.63864 0.0121367 0.0694924
1 0.663516 0.381862 0.0102929 0.047364
1 0.609253 0.38088 0.0105251 0.0483196
1 0.807812 0.344359 0.0088927 0.0439281
1 0.926226 0.507668 0.0125429 0.0609985
1 0.609967 0.337885 0.0109275 0.0438154
1 0.287637 0.354781 0.00949723 0.0456668
1 0.483782 0.355683 0.00963319 0.0449278
1 0.126987 0.507064 0.0110501 0.0649963
1 0.876727 0.42032 0.010405 0.0555803
1 0.596533 0.348291 0.00830523 0.0454455
1 0.326468 0.309754 0.00989269 0.0401903
1 0.600257 0.285947 0.00901127 0.0388271
1 0.611221 0.450488 0.00952568 0.0535819
1 0.383956 0.442218 0.0122893 0.0539354
1 0.774674 0.463838 0.0151583 0.0404225
1 0.339212 0.256706 0.0079395 0.0345343
