1 0.62289 0.493665 0.0183315 0.0476525
1 0.302918 0.512726 0.0122363 0.0572888
1 0.17078 0.64785 0.0159178 0.0676423
1 0.461113 0.548336 0.00972287 0.0533717
1 0.552759 0.460496 0.0121748 0.0472781
1 0.681539 0.500953 0.0160867 0.0488267
1 0.458823 0.503037 0.00981957 0.0463388
1 0.417517 0.476909 0.00840384 0.0469259
1 0.564281 0.464164 0.0109979 0.0389664
1 0.662639 0.551186 0.0194887 0.0671495
1 0.667723 0.516217 0.0132853 0.0450783
1 0.571252 0.49275 0.0107587 0.0455033
1 0.58872 0.497441 0.00992146 0.0423833
1 0.433902 0.387251 0.00819457 0.0374372
1 0.601379 0.525377 0.0197775 0.0484659
1 0.670755 0.502328 0.0142249 0.043091
1 0.596667 0.481682 0.0108361 0.0397742
1 0.607193 0.474329 0.00776755 0.0424979
