1 0.752871 0.462103 0.0190839 0.0655288
1 0.818366 0.656985 0.0190709 0.0799267
1 0.592183 0.417501 0.0241304 0.058041
1 0.675046 0.379992 0.0208485 0.0575795
1 0.892562 0.534848 0.0148434 0.0710858
1 0.491304 0.309969 0.0159663 0.0468414
1 0.630881 0.296749 0.0200745 0.0582938
1 0.474332 0.299014 0.0120084 0.0450684
1 0.660131 0.327559 0.0139281 0.0487653
1 0.176868 0.408313 0.0222833 0.0524069
1 0.569616 0.468481 0.0112288 0.0631124
1 0.843449 0.507623 0.0183677 0.0662949
1 0.852788 0.446522 0.0137058 0.0605301
1 0.53587 0.313597 0.00891237 0.0470491
1 0.572065 0.325147 0.0117131 0.0470041
1 0.364039 0.277943 0.0104346 0.0497077
1 0.771825 0.457682 0.0138968 0.06188
1 0.612336 0.386448 0.0170083 0.0542814
1 0.603538 0.35898 0.0124866 0.0497984
1 0.621939 0.380069 0.0111389 0.0585009
0 0.101464 0.422523 0.0055353 0.00964146
