1 0.182014 0.643328 0.0153393 0.0677297
1 0.294478 0.496361 0.00904694 0.0548229
1 0.440853 0.541122 0.0125123 0.0541734
1 0.422894 0.477203 0.00968873 0.0459168
1 0.435746 0.492048 0.0119434 0.0480157
1 0.621402 0.492426 0.0114827 0.0490003
1 0.645599 0.497805 0.00967236 0.0547623
1 0.667825 0.521877 0.0122437 0.0539675
1 0.697108 0.49703 0.0084671 0.0559217
1 0.688783 0.498427 0.00944608 0.0529444
1 0.631109 0.491242 0.0107545 0.0502158
1 0.459841 0.364498 0.00742289 0.0333448
1 0.666506 0.478449 0.0129473 0.0496022
1 0.59095 0.528221 0.0144424 0.06036
1 0.610601 0.531087 0.0119871 0.054957
1 0.566777 0.544146 0.0154316 0.0441827
1 0.577203 0.543586 0.0148219 0.0532032
