1 0.958663 0.511445 0.028332 0.0662997
1 0.930783 0.456951 0.0208401 0.0589997
1 0.893056 0.364423 0.019842 0.0583358
1 0.359725 0.411745 0.0189123 0.0556103
1 0.779744 0.537745 0.0162851 0.0751494
1 0.715705 0.313556 0.0125373 0.0492644
1 0.843141 0.263446 0.010802 0.0483596
1 0.639899 0.226776 0.0110299 0.044965
1 0.582488 0.195226 0.0100698 0.044952
1 0.48618 0.316608 0.00990715 0.0479839
1 0.687314 0.426992 0.0114251 0.0624506
1 0.697431 0.254585 0.0129914 0.0480325
1 0.858886 0.258371 0.0133976 0.0470124
1 0.39962 0.222646 0.00948537 0.0448306
1 0.652341 0.175678 0.00779425 0.0388092
1 0.822491 0.191174 0.00879828 0.0388248
1 0.747281 0.330545 0.0112829 0.0573901
1 0.813747 0.175798 0.00933177 0.0378434
1 0.596664 0.45764 0.0162004 0.0636973
1 0.679789 0.11676 0.00787226 0.0359003
1 0.461167 0.2363 0.026473 0.026101
1 0.420217 0.101903 0.007805 0.0305206
1 0.99704 0.885396 0.0054519 0.0765514
