1 0.304906 0.634403 0.0230264 0.0635442
1 0.541955 0.60804 0.0156169 0.0639751
1 0.556927 0.499544 0.0170479 0.0525105
1 0.360749 0.54589 0.0159959 0.0598195
1 0.606582 0.542429 0.0151821 0.0569222
1 0.577252 0.436288 0.00938835 0.0464778
1 0.457504 0.49682 0.0122301 0.0566104
1 0.538384 0.468431 0.012522 0.0512386
1 0.324697 0.519252 0.0127339 0.0578427
1 0.656243 0.483301 0.010673 0.05399
1 0.714003 0.523488 0.011591 0.0563827
1 0.505334 0.504008 0.011809 0.0516456
1 0.436186 0.413919 0.00992521 0.0412632
1 0.671632 0.48688 0.0130603 0.0466276
1 0.498199 0.435559 0.00839001 0.0457378
1 0.483461 0.451259 0.0103354 0.0457228
1 0.502522 0.381186 0.00963628 0.0369681
1 0.701287 0.459266 0.00922222 0.0502339
1 0.716307 0.478936 0.00978375 0.0483232
1 0.516114 0.434627 0.0160099 0.0455838
1 0.450094 0.411451 0.0116017 0.0469089
1 0.474706 0.44964 0.0073582 0.0480374
1 0.718264 0.0801909 0.00775801 0.0322217
