1 0.618821 0.548789 0.0158005 0.0650552
1 0.947848 0.639902 0.0197046 0.0762122
1 0.619613 0.736092 0.0148845 0.0798317
1 0.514175 0.532465 0.0154605 0.0603156
1 0.595911 0.638474 0.0124704 0.0695232
1 0.659296 0.374491 0.00976512 0.0445128
1 0.615807 0.332592 0.0100314 0.0427819
1 0.0531465 0.693471 0.016294 0.0742286
1 0.926356 0.507611 0.0146203 0.0610745
1 0.602412 0.381591 0.0134679 0.0493553
1 0.287721 0.354477 0.00990709 0.0461289
1 0.804577 0.339347 0.00875117 0.0434692
1 0.878151 0.42066 0.00982374 0.0549499
1 0.126946 0.507396 0.0111904 0.0639628
1 0.4999 0.359031 0.0111994 0.0457132
1 0.326143 0.308377 0.0108075 0.0410373
1 0.600803 0.284608 0.00834471 0.0370589
1 0.386552 0.441664 0.010368 0.0536867
1 0.606612 0.451052 0.0110124 0.0548377
1 0.597078 0.350084 0.00730724 0.0462908
1 0.775412 0.463318 0.0139837 0.0407794
1 0.339143 0.255335 0.00781539 0.0337975
1 0.982651 0.260255 0.0125195 0.0405149
