1 0.789586 0.651048 0.0192974 0.0620259
1 0.426087 0.596099 0.023338 0.061181
1 0.369478 0.484185 0.0210614 0.050829
1 0.475275 0.446777 0.0160529 0.0439021
1 0.197876 0.498501 0.016295 0.0513155
1 0.634417 0.43673 0.0156398 0.044532
1 0.72731 0.454733 0.0159819 0.0378229
1 0.432143 0.466242 0.0142462 0.0493906
1 0.286123 0.516218 0.0109975 0.0542782
1 0.329946 0.507865 0.0108707 0.0518981
1 0.313416 0.498191 0.0160399 0.0538022
1 0.302085 0.512062 0.0147549 0.0563547
1 0.346598 0.485963 0.0152057 0.0507132
1 0.40545 0.463092 0.0133537 0.046754
1 0.4141 0.487321 0.0121077 0.0454381
1 0.558375 0.389037 0.0170633 0.0341396
1 0.264089 0.548108 0.0113667 0.0542946
1 0.271619 0.532959 0.0108251 0.0527284
1 0.510896 0.531775 0.0116935 0.0539843
1 0.52084 0.374649 0.00942332 0.0312999
1 0.506408 0.526816 0.0198348 0.0475044
