1 0.287759 0.574952 0.0229154 0.0668295
1 0.615266 0.459793 0.0119066 0.0483242
1 0.184383 0.48424 0.0191171 0.0512973
1 0.547845 0.61391 0.015565 0.0697883
1 0.515026 0.493481 0.0132638 0.0555293
1 0.389416 0.503282 0.0128966 0.0589033
1 0.600937 0.553701 0.0130635 0.0571816
1 0.573651 0.479967 0.0179668 0.048931
1 0.556441 0.422359 0.012569 0.0462797
1 0.457255 0.398003 0.012773 0.0415335
1 0.630561 0.423559 0.0132186 0.0425668
1 0.531965 0.414201 0.0141894 0.045736
1 0.425177 0.397331 0.0133091 0.0447683
1 0.699446 0.473327 0.00899328 0.0487674
1 0.399354 0.433196 0.014974 0.0441046
1 0.550609 0.386977 0.014712 0.036862
1 0.370678 0.464562 0.0074605 0.0516275
1 0.786284 0.455179 0.00883471 0.0426795
1 0.720645 0.538648 0.0247883 0.0455451
1 0.534002 0.376527 0.0105087 0.0420139
1 0.722491 0.520568 0.0198757 0.0650627
1 0.723419 0.510242 0.0170081 0.0445371
