1 0.49282 0.408637 0.011956 0.0575614
1 0.56735 0.577907 0.0130022 0.068929
1 0.398218 0.468787 0.0138591 0.0590592
1 0.537714 0.45812 0.0109636 0.0586176
1 0.376014 0.477865 0.0103434 0.0638234
1 0.698049 0.453439 0.00873934 0.0564404
1 0.484658 0.441231 0.0128312 0.0566359
1 0.430286 0.422098 0.0139877 0.0574046
1 0.413535 0.413302 0.0115584 0.0542434
1 0.418372 0.456865 0.0160316 0.0603844
1 0.347758 0.421284 0.00835724 0.0541662
1 0.393732 0.383405 0.0098129 0.0533679
1 0.610228 0.264587 0.00894407 0.0372716
1 0.463271 0.452565 0.0107807 0.057517
1 0.373188 0.396781 0.00827138 0.0493878
1 0.355007 0.393909 0.00876182 0.049542
1 0.381519 0.394152 0.00866464 0.0541031
1 0.401912 0.428712 0.011203 0.0350136
0 0.59742 0.283631 0.00388374 0.00668878
1 0.425911 0.449019 0.0089771 0.0542121
