1 0.435531 0.54286 0.0127661 0.0556403
1 0.185394 0.640749 0.0151836 0.0676095
1 0.295577 0.486443 0.00928167 0.052117
1 0.648418 0.497825 0.00896428 0.0532651
1 0.67397 0.520367 0.0117189 0.0552595
1 0.419477 0.488275 0.0146002 0.0451543
1 0.461606 0.361954 0.00864792 0.0357033
1 0.608564 0.529611 0.0158421 0.0623799
1 0.6073 0.488088 0.0119474 0.0445186
1 0.622837 0.481027 0.00974344 0.051184
1 0.699594 0.495945 0.00863724 0.0548146
1 0.544366 0.541587 0.0118448 0.0521861
1 0.69229 0.496845 0.00933558 0.0524397
1 0.670653 0.475945 0.0117025 0.0490386
1 0.550531 0.542399 0.0116277 0.0538511
1 0.417707 0.476675 0.0104748 0.0460332
1 0.629518 0.49124 0.0092783 0.0486483
1 0.593643 0.522 0.0105694 0.0559823
1 0.598316 0.52916 0.0164864 0.0626997
0 0.450535 0.387193 0.0035244 0.00703241
