1 0.666016 0.385276 0.0127102 0.0582802
1 0.726273 0.592236 0.0147779 0.0777708
1 0.410895 0.376195 0.0110729 0.0568762
1 0.443894 0.399456 0.0108864 0.0606161
1 0.372826 0.334322 0.0121933 0.0503642
1 0.560722 0.605258 0.0205243 0.11097
1 0.311577 0.398139 0.0132726 0.049924
1 0.2495 0.358805 0.00921575 0.0527036
1 0.363777 0.384055 0.0133624 0.0571212
1 0.37182 0.368493 0.0128223 0.0525103
1 0.349522 0.377961 0.0122149 0.0562791
1 0.340609 0.359831 0.0138668 0.0598782
1 0.356223 0.350615 0.0120741 0.0490733
1 0.571249 0.203526 0.00888182 0.0411085
1 0.350989 0.340195 0.00652965 0.0334646
1 0.321308 0.362446 0.0138639 0.049885
1 0.322993 0.373275 0.014812 0.0436086
1 0.32767 0.399958 0.0158911 0.0580086
