1 0.657236 0.431154 0.0163799 0.0690827
1 0.362122 0.867729 0.0277186 0.113044
1 0.473441 0.308665 0.0139495 0.0586741
1 0.0742826 0.889273 0.0236092 0.105571
1 0.750579 0.300932 0.00946884 0.0590656
1 0.546167 0.270661 0.0113375 0.0574516
1 0.575306 0.290799 0.00997651 0.0568989
1 0.430634 0.31456 0.0114149 0.0598561
1 0.622138 0.296247 0.00983124 0.0570868
1 0.493344 0.250283 0.0111624 0.0518087
1 0.450178 0.300382 0.0106533 0.0574644
1 0.406931 0.261536 0.00808369 0.0556434
1 0.502627 0.249095 0.00868982 0.0558819
1 0.431866 0.243025 0.0112337 0.0567293
1 0.283995 0.79859 0.0183093 0.10755
1 0.670833 0.116792 0.00902259 0.0363865
1 0.531055 0.260519 0.0118662 0.056646
1 0.532806 0.275814 0.0108487 0.0548349
1 0.441136 0.221953 0.0114206 0.052923
1 0.65383 0.111316 0.00797195 0.037005
1 0.417439 0.236616 0.0101056 0.0491587
1 0.429717 0.222604 0.0149061 0.0512265
0 0.666188 0.134459 0.00387917 0.00704029
1 0.128146 0.844664 0.012726 0.0433646
1 0.255528 0.855133 0.0100709 0.0509363
1 0.137319 0.82419 0.0297059 0.0939125
1 0.422087 0.915856 0.0104402 0.0662997
1 0.271316 0.80199 0.0272362 0.101329
