1 0.979415 0.347419 0.015976 0.0486243
1 0.830642 0.480815 0.01699 0.052577
1 0.972061 0.821843 0.0233586 0.0866865
1 0.790951 0.306366 0.0107542 0.0489941
1 0.949403 0.258532 0.0162125 0.0449815
1 0.858934 0.435175 0.0149651 0.0631551
1 0.406078 0.365833 0.0116845 0.0520837
1 0.919183 0.294392 0.0116625 0.0531475
1 0.683359 0.420703 0.0123071 0.0578705
1 0.779128 0.395314 0.0106417 0.0520197
1 0.494579 0.208247 0.010985 0.0401182
1 0.774259 0.244488 0.0107518 0.0456327
1 0.168726 0.247449 0.0117958 0.038926
1 0.733128 0.184848 0.00898418 0.0349333
1 0.754302 0.235758 0.0137979 0.0378835
1 0.559145 0.272487 0.00906754 0.0417511
1 0.769566 0.133204 0.00773296 0.0355978
1 0.918372 0.203586 0.00813567 0.0377685
1 0.906931 0.202599 0.00758139 0.0416419
1 0.519246 0.113654 0.00664447 0.0247327
0 0.487291 0.226662 0.00420911 0.00745734
1 0.753738 0.213448 0.0105837 0.0258933
0 0.282696 0.618598 0.00649872 0.00848117
