1 0.523443 0.481822 0.0189041 0.0514426
1 0.435693 0.639632 0.0194059 0.070232
1 0.769733 0.392097 0.0147882 0.0416486
1 0.322064 0.461658 0.0143164 0.0515758
1 0.445555 0.541792 0.0150019 0.059835
1 0.776036 0.606474 0.0127655 0.0675228
1 0.216577 0.610462 0.0162286 0.0708973
1 0.672209 0.444168 0.0124192 0.0475337
1 0.499961 0.642548 0.0126088 0.0722987
1 0.282523 0.49162 0.0104651 0.0563119
1 0.233869 0.504344 0.0117907 0.0562935
1 0.713311 0.504286 0.0102323 0.0583185
1 0.742154 0.505235 0.0101055 0.0538039
1 0.723389 0.416577 0.0103211 0.0441799
1 0.316004 0.557663 0.0157134 0.0648145
1 0.448636 0.497561 0.0115272 0.0488025
1 0.612977 0.546341 0.0140299 0.0614591
1 0.682279 0.481706 0.0172407 0.0525458
1 0.542924 0.4991 0.0127338 0.0474366
1 0.305122 0.532975 0.0127277 0.060159
1 0.327501 0.365916 0.00984647 0.0389816
1 0.637902 0.453281 0.012938 0.042087
0 0.53873 0.519034 0.00450579 0.00835679
