1 0.543145 0.70579 0.0193422 0.0779245
1 0.0526515 0.664451 0.0233012 0.072975
1 0.625862 0.718877 0.0151681 0.0709747
1 0.810478 0.477522 0.0140038 0.0612691
1 0.371981 0.41732 0.0114892 0.0589729
1 0.887913 0.777115 0.01732 0.0764771
1 0.161532 0.39601 0.013716 0.0568616
1 0.873402 0.68448 0.0189305 0.0745336
1 0.507412 0.575618 0.0139792 0.0755246
1 0.704069 0.557095 0.0114466 0.0655284
1 0.478908 0.291601 0.00955594 0.0411768
1 0.931631 0.291218 0.0113569 0.0447834
1 0.658285 0.271574 0.0111003 0.041519
1 0.498261 0.423121 0.0124659 0.0548494
1 0.334106 0.749786 0.0343548 0.0813843
1 0.710066 0.325843 0.0103174 0.0493645
1 0.608749 0.449534 0.0100622 0.0551276
1 0.718716 0.343692 0.0128153 0.0478819
1 0.520403 0.606801 0.00978702 0.0640059
1 0.585272 0.27833 0.00715218 0.0401754
1 0.523275 0.217128 0.00817318 0.0380299
1 0.25804 0.528656 0.0162102 0.0597075
1 0.201795 0.188162 0.00999279 0.0373464
1 0.651899 0.916484 0.0231227 0.0936955
