1 0.484635 0.501293 0.0181261 0.0682065
1 0.287116 0.591552 0.0179305 0.0838754
1 0.566442 0.473729 0.0148008 0.0600593
1 0.123262 0.406828 0.0195567 0.0571332
1 0.553515 0.544034 0.0143959 0.0743417
1 0.444368 0.367873 0.0136828 0.0530661
1 0.351758 0.341849 0.0118797 0.0500063
1 0.459669 0.663435 0.0181844 0.086206
1 0.139383 0.662139 0.0202151 0.0816243
1 0.658059 0.43728 0.0134546 0.05786
1 0.846916 0.559973 0.0155672 0.0736072
1 0.256472 0.392037 0.0121374 0.0586637
1 0.342253 0.253093 0.0114808 0.0451867
1 0.753367 0.505906 0.0111326 0.0699177
1 0.421885 0.442654 0.0129395 0.0634022
1 0.583599 0.363885 0.0131419 0.0572885
1 0.160875 0.339649 0.0121228 0.0482236
1 0.462566 0.289491 0.00987603 0.0434399
1 0.617908 0.396355 0.0116325 0.0601242
1 0.422465 0.334663 0.00950238 0.0535324
1 0.416159 0.469038 0.0147775 0.0627032
1 0.771609 0.32795 0.0103053 0.0482481
0 0.181433 0.358721 0.00540603 0.0114175
