1 0.631314 0.457098 0.0172396 0.0448301
1 0.550723 0.608476 0.0141626 0.0662634
1 0.654844 0.431438 0.0190176 0.041083
1 0.290177 0.572405 0.0168915 0.0657554
1 0.544364 0.414769 0.0183643 0.0436666
1 0.745785 0.511027 0.0183696 0.0548436
1 0.721044 0.4753 0.0166872 0.0535926
1 0.595058 0.48354 0.0137125 0.0515984
1 0.391918 0.504696 0.0125614 0.0587042
1 0.432063 0.433361 0.0191488 0.0426892
1 0.621408 0.54899 0.0160411 0.0582713
1 0.379481 0.467171 0.0139219 0.0499813
1 0.520831 0.494771 0.0148623 0.05241
1 0.576596 0.422336 0.016226 0.0427423
1 0.192589 0.48612 0.0149433 0.051963
1 0.755231 0.534493 0.0121977 0.0562013
1 0.469247 0.401432 0.00878064 0.0378724
1 0.565549 0.383365 0.0109031 0.0366109
1 0.440775 0.392953 0.0105889 0.0422447
1 0.778635 0.45669 0.00869776 0.0442421
1 0.580789 0.385755 0.00822843 0.031808
1 0.57322 0.377854 0.00856654 0.0408579
0 0.622367 0.389409 0.00571664 0.0101891
1 0.889207 0.490336 0.0118322 0.0457934
