1 0.445219 0.494881 0.0127399 0.0481568
1 0.180581 0.644928 0.0159183 0.0671322
1 0.443619 0.542125 0.010394 0.0532876
1 0.425982 0.477073 0.00865002 0.0459898
1 0.297891 0.500469 0.0104896 0.0551572
1 0.666531 0.523539 0.0120605 0.0526922
1 0.687277 0.49952 0.0102238 0.05419
1 0.458673 0.365671 0.00771739 0.0325753
1 0.625833 0.493115 0.0101659 0.0512763
1 0.695395 0.498961 0.00838178 0.0535122
1 0.644798 0.500494 0.0097105 0.0529225
1 0.590941 0.531923 0.0174007 0.0647538
1 0.665125 0.479473 0.0126707 0.047207
1 0.604153 0.543024 0.0125678 0.0520015
1 0.634985 0.491525 0.0122665 0.051069
1 0.603329 0.531371 0.0140708 0.070594
0 0.445951 0.391037 0.00338497 0.00615681
