1 0.335775 0.652246 0.014816 0.0731794
1 0.31015 0.6363 0.0121263 0.069383
1 0.510236 0.420182 0.0112264 0.0564947
1 0.417128 0.465195 0.0132098 0.0591387
1 0.456489 0.50461 0.0127284 0.0624653
1 0.470295 0.574696 0.0103087 0.0661411
1 0.438638 0.504286 0.0136787 0.0630436
1 0.697744 0.473671 0.00832272 0.0599766
1 0.349486 0.431519 0.00891409 0.0515885
1 0.403465 0.458207 0.0097244 0.0556402
1 0.430088 0.43551 0.0105562 0.0547656
1 0.495232 0.457617 0.0142876 0.0582447
1 0.445642 0.425174 0.0126809 0.0422466
1 0.447016 0.462732 0.0107309 0.0547602
1 0.374403 0.405849 0.0107423 0.0532497
1 0.488951 0.454338 0.0108102 0.0564983
1 0.603006 0.274048 0.0082545 0.0350554
1 0.387889 0.388616 0.00992177 0.0548107
0 0.598933 0.291428 0.00374591 0.00637021
