1 0.333469 0.56519 0.0198695 0.0606527
1 0.249156 0.521375 0.0184628 0.05619
1 0.624998 0.526444 0.0151429 0.0550921
1 0.437946 0.514894 0.0143956 0.0571503
1 0.577111 0.483029 0.0116767 0.0493823
1 0.772736 0.506283 0.0113058 0.0543381
1 0.595815 0.432881 0.0136349 0.0467196
1 0.753735 0.542244 0.0127712 0.0601993
1 0.544065 0.420582 0.00965119 0.0434285
1 0.634535 0.588464 0.00962067 0.0620223
1 0.548067 0.504556 0.0102994 0.0519965
1 0.421462 0.450221 0.0105634 0.046163
1 0.431704 0.621197 0.012096 0.064587
1 0.528066 0.397074 0.010345 0.0425573
1 0.493274 0.436148 0.0122388 0.0435939
1 0.683828 0.468123 0.0101501 0.0499332
1 0.560186 0.447935 0.00903289 0.0486669
1 0.615715 0.421384 0.0100161 0.0454737
1 0.725762 0.485933 0.00950349 0.0487112
1 0.504103 0.401869 0.0171904 0.0430825
1 0.510135 0.447303 0.00726786 0.0512098
