1 0.75863 0.834136 0.0205585 0.0836836
1 0.6054 0.618575 0.023772 0.0659556
1 0.493919 0.430826 0.0139567 0.0529279
1 0.842508 0.455546 0.0164781 0.0564686
1 0.374267 0.526059 0.0144999 0.0584327
1 0.904167 0.646171 0.0230771 0.0685387
1 0.44123 0.416715 0.0126701 0.0527028
1 0.768657 0.343574 0.0143317 0.0473111
1 0.712387 0.526353 0.0207413 0.0590366
1 0.0950279 0.661954 0.0133931 0.0746425
1 0.711652 0.278124 0.00863082 0.0419528
1 0.65125 0.455491 0.0129703 0.0456085
1 0.702686 0.735098 0.0121733 0.0765625
1 0.595947 0.357231 0.0110353 0.0496769
1 0.281762 0.344064 0.0109286 0.0509088
1 0.623252 0.288499 0.00833104 0.0386473
1 0.719382 0.303734 0.00991465 0.0447484
1 0.558562 0.280403 0.00833079 0.0410387
1 0.563821 0.215058 0.00664597 0.0362919
1 0.926056 0.650847 0.0127007 0.0652935
1 0.440342 0.679195 0.0253401 0.0698481
1 0.295874 0.177302 0.00842463 0.0314506
1 0.69436 0.893202 0.0290785 0.0919602
