1 0.394739 0.508316 0.0171765 0.0597254
1 0.639209 0.549714 0.0160666 0.0562647
1 0.195297 0.491971 0.0162267 0.0510577
1 0.54965 0.607922 0.0139438 0.0636336
1 0.291188 0.571923 0.016964 0.0639839
1 0.634138 0.457512 0.0104268 0.0519964
1 0.665518 0.434169 0.0162957 0.050285
1 0.45493 0.435776 0.0152517 0.0446004
1 0.60513 0.488962 0.0109269 0.0541971
1 0.384989 0.472318 0.0127694 0.0496636
1 0.759894 0.510608 0.0117114 0.0545785
1 0.606862 0.388375 0.0132357 0.0380482
1 0.728402 0.476149 0.00975037 0.053083
1 0.47498 0.406211 0.00864728 0.0409393
1 0.528924 0.495813 0.00936346 0.0547206
1 0.555825 0.418391 0.0110711 0.0487645
1 0.582935 0.423987 0.0100134 0.0475905
1 0.453303 0.394438 0.0158502 0.0437474
1 0.592289 0.377696 0.0100265 0.0444811
1 0.766793 0.53447 0.0113602 0.0576522
1 0.577109 0.385999 0.00912768 0.0352097
1 0.772154 0.451825 0.00840117 0.0546666
1 0.733741 0.126764 0.00809422 0.0391325
1 0.737238 0.132618 0.0084844 0.04145
1 0.732093 0.12646 0.0118029 0.0386251
