1 0.607296 0.492969 0.0198714 0.0574694
1 0.719451 0.582102 0.0184359 0.0650893
1 0.466442 0.501668 0.014376 0.0477147
1 0.510786 0.525431 0.0151605 0.0590023
1 0.44486 0.480251 0.0114759 0.0520797
1 0.321741 0.497147 0.0138469 0.0574321
1 0.728534 0.516054 0.0103888 0.0586992
1 0.496722 0.51353 0.0110145 0.0613918
1 0.307663 0.45298 0.00995353 0.0502577
1 0.392595 0.467238 0.00986048 0.0544598
1 0.411118 0.528995 0.0115582 0.0576861
1 0.279507 0.474642 0.0109311 0.0555387
1 0.400238 0.506307 0.00977049 0.0564952
1 0.346839 0.4981 0.0107226 0.0590617
1 0.379594 0.475535 0.00915025 0.0544755
1 0.374102 0.446931 0.00968256 0.051129
1 0.338464 0.500186 0.00991243 0.057935
1 0.446423 0.440829 0.00773449 0.0480856
1 0.347875 0.474327 0.00994676 0.0480091
1 0.287269 0.440388 0.00979246 0.0530428
1 0.279643 0.44333 0.0114078 0.0396068
