1 0.382208 0.260554 0.0157612 0.0558057
1 0.521833 0.405679 0.0155781 0.0672535
1 0.47017 0.313467 0.0146585 0.064088
1 0.36785 0.427088 0.0145271 0.0781253
1 0.161666 0.620586 0.024665 0.0916048
1 0.779112 0.471066 0.017726 0.0784425
1 0.190053 0.380956 0.0160074 0.0683864
1 0.491546 0.185021 0.0134186 0.0451761
1 0.551748 0.363237 0.0139037 0.0649562
1 0.565026 0.269641 0.0116725 0.0598213
1 0.534109 0.253213 0.0147909 0.0558777
1 0.9081 0.640977 0.0177456 0.0904605
1 0.089587 0.385711 0.0156195 0.0707713
1 0.855785 0.223028 0.0120792 0.0545785
1 0.338042 0.214807 0.0113222 0.0505497
1 0.510451 0.501327 0.0118763 0.082472
1 0.435127 0.800557 0.0208951 0.105324
1 0.408859 0.270986 0.0100262 0.0556874
1 0.599146 0.308071 0.0219279 0.0588398
1 0.110599 0.239956 0.0176661 0.0500326
1 0.315504 0.128893 0.00992683 0.0455486
0 0.18985 0.336972 0.00482135 0.0088996
1 0.00429609 0.155744 0.00847753 0.0336313
1 0.403282 0.22664 0.00913769 0.0492117
