1 0.361207 0.542432 0.0141628 0.0639492
1 0.660153 0.613251 0.013546 0.0695388
1 0.698262 0.504707 0.00985336 0.0587121
1 0.480062 0.504592 0.0191831 0.0586538
1 0.440453 0.477999 0.0137305 0.0588281
1 0.506193 0.449371 0.0125058 0.0575767
1 0.369031 0.453522 0.0105638 0.0547372
1 0.52578 0.494984 0.010899 0.0576923
1 0.386835 0.487868 0.015655 0.0527063
1 0.341015 0.446531 0.0103573 0.0488107
1 0.39457 0.457561 0.0110551 0.0531434
1 0.349555 0.472041 0.0108824 0.0535182
1 0.414755 0.496214 0.0129659 0.0598088
1 0.421257 0.478964 0.0115206 0.0540194
1 0.316739 0.469304 0.0109284 0.0548553
1 0.326696 0.442197 0.0103138 0.049728
1 0.408886 0.472155 0.00870527 0.0497928
1 0.484082 0.474622 0.0102578 0.046567
1 0.38386 0.457637 0.0114099 0.0463183
1 0.352964 0.429163 0.00904814 0.038515
1 0.529574 0.302288 0.00837034 0.0393545
1 0.315667 0.432297 0.0151408 0.0675938
