1 0.774729 0.621523 0.0217332 0.0748442
1 0.725852 0.499901 0.0184159 0.0590012
1 0.653846 0.547833 0.0168281 0.0605272
1 0.552447 0.474866 0.011221 0.0588335
1 0.239685 0.555411 0.0126733 0.0627297
1 0.403377 0.503797 0.0105851 0.0595053
1 0.521601 0.450896 0.0183816 0.054352
1 0.37501 0.345937 0.00873652 0.039476
1 0.235713 0.465957 0.0126138 0.0524873
1 0.504513 0.505231 0.0150558 0.0599098
1 0.26847 0.447316 0.00894167 0.0456976
1 0.260398 0.481817 0.0119652 0.0564072
1 0.34919 0.505982 0.0148657 0.059448
1 0.207655 0.478161 0.0111385 0.0551374
1 0.341953 0.517433 0.016086 0.0562937
1 0.284245 0.490199 0.0101718 0.0547641
1 0.289814 0.468442 0.0117866 0.0556547
1 0.317456 0.45144 0.0125171 0.0494356
1 0.212413 0.448463 0.00992983 0.0481179
1 0.299763 0.457547 0.0103526 0.0529935
1 0.30787 0.457997 0.00982962 0.0538063
