1 0.508718 0.532254 0.00980517 0.0578287
1 0.480717 0.543428 0.0123893 0.0606283
1 0.540271 0.52446 0.013181 0.0588285
1 0.454839 0.498972 0.0124853 0.052213
1 0.424143 0.47907 0.0114939 0.0497603
1 0.677953 0.538048 0.00767199 0.0554072
1 0.551783 0.528495 0.0100772 0.0557418
1 0.357566 0.478447 0.0105797 0.0443797
1 0.421057 0.524458 0.0120733 0.05915
1 0.432755 0.513645 0.00942857 0.0532715
1 0.35752 0.53426 0.00860434 0.0550883
1 0.40354 0.507395 0.0168886 0.05586
1 0.368799 0.510677 0.0108974 0.0509981
1 0.391053 0.519987 0.0130269 0.0619793
1 0.378547 0.52243 0.0157308 0.0624081
1 0.269558 0.496802 0.0157195 0.046778
1 0.386463 0.50934 0.0180559 0.0862024
