1 0.424174 0.277199 0.008995 0.013713
0 0.248396 0.353130 0.018000 0.080741
0 0.436763 0.532514 0.025818 0.103843
0 0.422958 0.841630 0.037135 0.103833
0 0.572771 0.186250 0.011458 0.060833
0 0.037151 0.239694 0.017188 0.066667
0 0.280135 0.205556 0.014063 0.072222
0 0.404599 0.184537 0.013542 0.061111
0 0.441198 0.180556 0.011979 0.061111
0 0.441318 0.260398 0.017188 0.072222
0 0.414323 0.344907 0.018229 0.078704
0 0.417010 0.375000 0.012500 0.088889
0 0.561104 0.389630 0.021875 0.086111
0 0.423432 0.701144 0.033854 0.096731
0 0.595573 0.647222 0.025521 0.105556
0 0.640719 0.269352 0.018229 0.069444
0 0.712703 0.206731 0.011979 0.065741
0 0.717130 0.335185 0.017708 0.077778
0 0.807495 0.259907 0.017188 0.072222
0 0.865161 0.383056 0.022917 0.083333
0 0.905208 0.517407 0.027083 0.095370
2 0.496646 0.193083 0.013542 0.066667
