1 0.425448 0.277769 0.009021 0.014852
0 0.249844 0.353005 0.018000 0.080806
0 0.436763 0.532514 0.025818 0.103843
0 0.422958 0.841630 0.037135 0.103833
0 0.572771 0.186250 0.011458 0.060833
0 0.038734 0.241843 0.017188 0.066667
0 0.280177 0.207838 0.014063 0.072898
0 0.403115 0.187528 0.013542 0.061111
0 0.440896 0.182903 0.012000 0.061546
0 0.440661 0.259259 0.017188 0.072222
0 0.411042 0.346759 0.018229 0.078704
0 0.418130 0.375713 0.012500 0.088889
0 0.561859 0.389352 0.021875 0.086111
0 0.426380 0.701852 0.033854 0.094444
0 0.598208 0.652051 0.025521 0.105954
0 0.640344 0.271046 0.018229 0.069444
0 0.712839 0.206454 0.011979 0.065741
0 0.715615 0.339815 0.017708 0.077778
0 0.805174 0.261444 0.017641 0.072222
0 0.866578 0.386546 0.022917 0.083333
0 0.906250 0.518981 0.027083 0.095370
2 0.496661 0.194935 0.013542 0.066667
