1 0.426435 0.277764 0.008380 0.014843
0 0.251068 0.350704 0.018000 0.081074
0 0.427365 0.531657 0.025823 0.103833
0 0.418010 0.841972 0.037135 0.103833
0 0.567245 0.186250 0.011458 0.060833
0 0.039844 0.239815 0.017188 0.066667
0 0.281510 0.208796 0.014063 0.069444
0 0.407292 0.185185 0.013542 0.061111
0 0.441406 0.179630 0.011979 0.059259
0 0.441927 0.258333 0.017188 0.072222
0 0.412760 0.344907 0.018229 0.078704
0 0.418229 0.372222 0.012500 0.088889
0 0.561979 0.389352 0.021875 0.086111
0 0.424740 0.697222 0.033854 0.094444
0 0.600781 0.656019 0.025521 0.113889
0 0.640885 0.266204 0.018229 0.069444
0 0.712760 0.206944 0.011979 0.065741
0 0.715625 0.337963 0.017708 0.077778
0 0.805990 0.261111 0.018229 0.072222
0 0.865104 0.384259 0.022917 0.083333
0 0.902604 0.517130 0.027083 0.095370
2 0.496599 0.194444 0.013542 0.066667
