1 0.422544 0.280134 0.007589 0.014528
0 0.242143 0.349866 0.017995 0.082565
0 0.425690 0.530231 0.020536 0.103833
0 0.418755 0.844278 0.037135 0.103833
0 0.568750 0.189352 0.011458 0.054630
0 0.037240 0.243056 0.017188 0.065741
0 0.275521 0.212963 0.016667 0.066667
0 0.402865 0.184259 0.016146 0.061111
0 0.437760 0.177778 0.011979 0.059259
0 0.438281 0.255556 0.017188 0.072222
0 0.408594 0.345833 0.018229 0.078704
0 0.415104 0.375926 0.012500 0.088889
0 0.552604 0.382407 0.025000 0.081481
0 0.421094 0.699074 0.033854 0.094444
0 0.600781 0.653241 0.022396 0.113889
0 0.633073 0.268056 0.018229 0.069444
0 0.705469 0.202315 0.016146 0.058333
0 0.710938 0.336111 0.017708 0.074074
0 0.800521 0.257870 0.016667 0.069444
0 0.865625 0.386574 0.016667 0.089815
0 0.902604 0.515741 0.029167 0.100000
2 0.487500 0.195833 0.013542 0.060185
