1 0.422250 0.280130 0.007010 0.012463
0 0.240716 0.349741 0.017995 0.082630
0 0.425349 0.530231 0.020542 0.103833
0 0.419922 0.844019 0.037135 0.103833
0 0.568750 0.190278 0.011458 0.054630
0 0.037240 0.243981 0.017188 0.065741
0 0.277604 0.209259 0.016667 0.066667
0 0.403906 0.184259 0.016146 0.061111
0 0.436198 0.177778 0.011979 0.059259
0 0.438281 0.253704 0.017188 0.072222
0 0.408594 0.345833 0.018229 0.078704
0 0.415104 0.375926 0.012500 0.088889
0 0.551042 0.381481 0.025000 0.081481
0 0.421094 0.699074 0.033854 0.094444
0 0.600781 0.653241 0.022396 0.113889
0 0.632552 0.268056 0.018229 0.069444
0 0.708073 0.203241 0.016146 0.058333
0 0.710417 0.335185 0.017708 0.074074
0 0.799479 0.257870 0.016667 0.069444
0 0.868229 0.381944 0.016667 0.089815
0 0.902604 0.516667 0.029167 0.100000
2 0.485938 0.196759 0.013542 0.060185
