1 0.424005 0.279611 0.007010 0.013500
0 0.246716 0.348088 0.017995 0.081954
0 0.429695 0.530231 0.025818 0.103833
0 0.419427 0.844486 0.037135 0.103843
0 0.568625 0.186250 0.011458 0.060833
0 0.039844 0.241667 0.017188 0.066667
0 0.280208 0.209259 0.016667 0.066667
0 0.403385 0.189352 0.016146 0.065741
0 0.441927 0.177778 0.011979 0.059259
0 0.441406 0.261111 0.017188 0.072222
0 0.408594 0.344907 0.018229 0.078704
0 0.417708 0.374074 0.012500 0.088889
0 0.554167 0.384259 0.021875 0.081481
0 0.422135 0.699074 0.033854 0.094444
0 0.598698 0.656944 0.025521 0.113889
0 0.634635 0.266204 0.018229 0.069444
0 0.711198 0.206944 0.011979 0.065741
0 0.715104 0.337963 0.017708 0.074074
0 0.800781 0.262963 0.018229 0.072222
0 0.861458 0.384722 0.022917 0.089815
0 0.900646 0.518491 0.029167 0.100000
2 0.490904 0.193231 0.013714 0.067019
