1 0.425784 0.278338 0.007068 0.013713
0 0.251318 0.351435 0.018000 0.081000
0 0.426000 0.531944 0.025823 0.103833
0 0.417302 0.841861 0.037135 0.103833
0 0.566729 0.186250 0.011458 0.060833
0 0.038802 0.240741 0.017188 0.066667
0 0.282552 0.208796 0.014063 0.069444
0 0.406771 0.186111 0.013542 0.061111
0 0.440885 0.179630 0.011979 0.059259
0 0.441406 0.256481 0.017188 0.072222
0 0.412760 0.343981 0.018229 0.078704
0 0.418229 0.372222 0.012500 0.088889
0 0.563021 0.389352 0.021875 0.086111
0 0.424740 0.697222 0.033854 0.094444
0 0.600260 0.656944 0.025521 0.113889
0 0.642448 0.267130 0.018229 0.069444
0 0.713802 0.206944 0.011979 0.065741
0 0.715958 0.336824 0.017708 0.077778
0 0.805469 0.260185 0.018229 0.072222
0 0.865104 0.384259 0.022917 0.083333
0 0.903125 0.516204 0.027083 0.095370
2 0.496599 0.194444 0.013542 0.066667
