1 0.631763 0.455034 0.015473 0.0585061
1 0.198837 0.610557 0.0148346 0.0691828
1 0.458378 0.608069 0.0180132 0.0707639
1 0.749291 0.735901 0.020025 0.084687
1 0.268644 0.454626 0.016636 0.0519818
1 0.929621 0.44928 0.015121 0.0563649
1 0.406614 0.52364 0.0153132 0.0643486
1 0.92652 0.589694 0.0133985 0.0686057
1 0.386623 0.441841 0.0233557 0.0455888
1 0.547393 0.390906 0.0137112 0.0496615
1 0.381649 0.373149 0.0134118 0.0407804
1 0.755105 0.412101 0.010324 0.0574803
1 0.892617 0.582606 0.0159331 0.0705982
1 0.477577 0.47016 0.0113895 0.0579622
1 0.540622 0.313173 0.00997556 0.0397748
1 0.233946 0.502735 0.00996424 0.0551642
1 0.29253 0.455223 0.013428 0.0535418
1 0.50913 0.355115 0.0107651 0.038156
1 0.434167 0.369922 0.0129163 0.0390867
1 0.515999 0.31771 0.0154183 0.0382425
1 0.575935 0.347597 0.00891361 0.0380252
1 0.12152 0.401254 0.0104111 0.0425887
1 0.509593 0.278061 0.00913102 0.0298906
0 0.458225 0.388284 0.00487827 0.00764056
