1 0.206517 0.495715 0.0209392 0.0666486
1 0.663442 0.472446 0.0131238 0.0663983
1 0.412877 0.487492 0.0176242 0.0654087
1 0.656192 0.58794 0.0145079 0.0741035
1 0.779084 0.572985 0.013692 0.0734139
1 0.473549 0.47908 0.0126749 0.0638267
1 0.314648 0.399648 0.0129727 0.056935
1 0.360936 0.651868 0.020826 0.0810155
1 0.807218 0.63703 0.0140594 0.0791057
1 0.51349 0.439958 0.0108415 0.0611343
1 0.776383 0.380918 0.0120281 0.0588686
1 0.589963 0.441878 0.0117074 0.0609626
1 0.591012 0.40114 0.0150287 0.0454384
1 0.543401 0.376426 0.0122811 0.0535365
1 0.634927 0.464967 0.0124962 0.0581179
1 0.623887 0.510809 0.0187492 0.0661371
1 0.622753 0.467463 0.0130779 0.0464244
1 0.414016 0.428497 0.0114435 0.048293
1 0.404525 0.43099 0.0129776 0.045967
1 0.543635 0.346133 0.0115932 0.0277288
1 0.616506 0.600914 0.0162811 0.0838835
1 0.622662 0.584547 0.0116672 0.0729721
0 0.620333 0.630026 0.00577227 0.0110054
