1 0.604346 0.461022 0.0130723 0.0592566
1 0.504952 0.438277 0.0126668 0.0564124
1 0.210566 0.623065 0.0138229 0.0740755
1 0.618141 0.571737 0.010928 0.065995
1 0.576116 0.441669 0.0121271 0.0573539
1 0.573734 0.639375 0.0147881 0.0769301
1 0.431935 0.365396 0.00869408 0.0486995
1 0.465827 0.494341 0.0105616 0.0626494
1 0.390334 0.423484 0.00836023 0.0514976
1 0.475414 0.380966 0.00996835 0.0501999
1 0.556871 0.427155 0.0107716 0.0566204
1 0.515473 0.401111 0.0116016 0.0519572
1 0.530806 0.411022 0.0132611 0.0513571
1 0.704798 0.536789 0.011611 0.0645358
1 0.547841 0.443221 0.010248 0.0561226
0 0.599126 0.664014 0.00608508 0.0100837
1 0.504577 0.392956 0.010456 0.0511127
1 0.753403 0.407267 0.0138493 0.0568374
1 0.698162 0.534856 0.0104521 0.0611274
1 0.491197 0.395658 0.0138467 0.0694834
1 0.496662 0.406819 0.00770702 0.0457714
1 0.534181 0.399578 0.00782875 0.0390876
