1 0.469668 0.381365 0.0175091 0.0574456
1 0.0797009 0.434503 0.0188717 0.0627508
1 0.572166 0.373977 0.0125968 0.060204
1 0.189932 0.414854 0.0211525 0.0598023
1 0.135397 0.484058 0.0192817 0.0642253
1 0.932118 0.497645 0.0240428 0.0723184
1 0.543965 0.319345 0.0119528 0.0563267
1 0.490521 0.261126 0.0134219 0.0481065
1 0.168767 0.304461 0.0160221 0.0528036
1 0.421099 0.345266 0.0131706 0.0540662
1 0.6285 0.499054 0.0160486 0.0697542
1 0.747603 0.646461 0.0192408 0.0785484
1 0.378203 0.541042 0.0190375 0.0741384
1 0.908709 0.26567 0.0106781 0.0498739
1 0.86477 0.762741 0.0205004 0.0731803
1 0.39336 0.50481 0.0287104 0.0688858
1 0.514336 0.214713 0.0128949 0.0453276
1 0.352338 0.248012 0.0208886 0.049014
1 0.78158 0.228433 0.0105911 0.0491289
1 0.19842 0.192266 0.00859524 0.0419544
0 0.78505 0.856308 0.00902685 0.0125599
1 0.565867 0.0715078 0.0063811 0.0277497
1 0.428158 0.738783 0.0209723 0.0772529
