1 0.177284 0.52174 0.0213785 0.0815716
1 0.688423 0.259379 0.0135471 0.0567209
1 0.758418 0.159992 0.0117928 0.0433437
1 0.436734 0.377731 0.018884 0.0663241
1 0.896733 0.338454 0.0153601 0.0551306
1 0.562575 0.256468 0.0201859 0.0486726
1 0.415359 0.270813 0.0139202 0.0518944
1 0.675202 0.186501 0.0163532 0.0438237
1 0.471971 0.423481 0.0116962 0.0716023
1 0.217787 0.571076 0.0127765 0.0810078
1 0.183121 0.324654 0.0178618 0.0602551
1 0.69157 0.850009 0.0273902 0.107962
1 0.703248 0.328267 0.0130838 0.0591131
1 0.336284 0.171165 0.00906162 0.0423265
1 0.42348 0.197768 0.00819384 0.0468809
1 0.413146 0.192304 0.0084007 0.0418989
1 0.166022 0.292252 0.0118535 0.0571896
1 0.325614 0.19025 0.00963113 0.0433214
1 0.166854 0.27171 0.0118339 0.0540734
1 0.176356 0.174734 0.0104291 0.0363822
1 0.558738 0.1759 0.00920836 0.0395879
1 0.561008 0.161529 0.00955499 0.0404398
1 0.323916 0.16121 0.014592 0.0306768
