1 0.576833 0.442636 0.0121614 0.0560727
1 0.478251 0.503445 0.0138205 0.0622729
1 0.555483 0.425855 0.0109735 0.0561995
1 0.210181 0.622307 0.0139384 0.0744441
1 0.485833 0.423683 0.0098876 0.0536546
1 0.374124 0.428951 0.00990566 0.0521458
1 0.499462 0.392698 0.0106098 0.0505753
1 0.663715 0.554361 0.0135983 0.065559
1 0.595676 0.46599 0.0164762 0.0590836
1 0.442611 0.373686 0.00949062 0.0509714
1 0.532178 0.408031 0.0114591 0.0559235
1 0.752728 0.407832 0.0112292 0.05449
1 0.479401 0.387653 0.0109395 0.0469564
1 0.541825 0.442236 0.0112984 0.055983
1 0.462273 0.40111 0.0110349 0.0533993
1 0.705046 0.53618 0.0115659 0.064629
0 0.59909 0.663259 0.00582911 0.00966124
1 0.50768 0.410084 0.011737 0.0530162
1 0.577255 0.638375 0.0137571 0.0783542
1 0.514741 0.402686 0.0116149 0.0516847
1 0.468126 0.37831 0.0106125 0.0492514
1 0.698635 0.533812 0.0121932 0.06025
