1 0.157146 0.356587 0.0140842 0.0498727
1 0.430207 0.520604 0.0184043 0.0601666
1 0.914565 0.507634 0.0155622 0.0640622
1 0.627909 0.532876 0.0132583 0.064913
1 0.370628 0.560226 0.0161716 0.0638236
1 0.887488 0.318339 0.0115662 0.0457908
1 0.457579 0.313134 0.0115314 0.0472467
1 0.749255 0.608421 0.0155231 0.0540617
1 0.113821 0.557617 0.0151502 0.0613888
1 0.824771 0.673059 0.0167679 0.0732376
1 0.071241 0.462116 0.0111754 0.051714
1 0.399521 0.393649 0.012223 0.0494762
1 0.495779 0.788619 0.0170593 0.0889289
1 0.132127 0.455219 0.0143378 0.0543248
1 0.532449 0.360751 0.0127579 0.0494465
1 0.408626 0.429212 0.00996383 0.0505563
1 0.58013 0.40593 0.0108796 0.0555834
1 0.512939 0.275077 0.00953366 0.0416705
1 0.803625 0.288069 0.00977332 0.0455754
1 0.346558 0.289534 0.00959009 0.042871
0 0.386404 0.570884 0.00915953 0.0165635
1 0.427877 0.768886 0.0213878 0.0856077
1 0.533716 0.145126 0.0062699 0.0214769
1 0.167217 0.28684 0.0116322 0.0408087
