1 0.546142 0.429496 0.0144665 0.0574244
1 0.6578 0.582286 0.0208083 0.0649477
1 0.581133 0.629215 0.0205071 0.078185
1 0.368954 0.432051 0.0098759 0.053875
1 0.566424 0.445455 0.0100971 0.059779
1 0.445127 0.369795 0.00964673 0.050168
1 0.464849 0.374966 0.0125419 0.0506035
1 0.479021 0.420284 0.0107093 0.0563364
1 0.529337 0.438984 0.0104196 0.0567253
1 0.512877 0.405214 0.0159526 0.0519251
1 0.490483 0.388257 0.0105107 0.0502985
1 0.702656 0.562816 0.0126048 0.0651276
1 0.206346 0.620116 0.0127911 0.0740337
1 0.497454 0.409658 0.00981274 0.0535174
1 0.798245 0.411448 0.0151447 0.0526609
1 0.710982 0.543593 0.00901248 0.0665996
1 0.525631 0.412224 0.0126863 0.058447
0 0.597179 0.657678 0.00624765 0.0101528
1 0.700536 0.533299 0.0124726 0.063982
1 0.477218 0.386875 0.0121738 0.0430104
1 0.477106 0.378754 0.0116272 0.0409136
1 0.706696 0.537032 0.00989596 0.0696455
