1 0.634429 0.419965 0.0144205 0.0653438
1 0.0993133 0.486135 0.0220182 0.0667953
1 0.702139 0.551427 0.0199422 0.0646504
1 0.808731 0.330669 0.0136073 0.0536027
1 0.876275 0.641712 0.0166798 0.0816968
1 0.249022 0.464892 0.0146427 0.0658327
1 0.717633 0.456027 0.011242 0.0650226
1 0.476964 0.468487 0.0158055 0.064946
1 0.517091 0.658678 0.0203747 0.0809946
1 0.336723 0.439384 0.0124933 0.0594974
1 0.750737 0.540953 0.0161812 0.0748317
1 0.176365 0.567046 0.0140619 0.0759477
1 0.668994 0.504106 0.011366 0.0686134
1 0.421596 0.390053 0.0124979 0.0420763
1 0.314527 0.352191 0.00892159 0.0543111
1 0.303336 0.377963 0.0120357 0.0581007
1 0.50912 0.619434 0.015989 0.07587
1 0.633706 0.371582 0.00904452 0.0441378
1 0.575747 0.442891 0.0108637 0.0667957
1 0.602741 0.498512 0.0170968 0.0803516
1 0.592391 0.329416 0.0122623 0.0478581
1 0.594109 0.326172 0.0148691 0.0413601
