1 0.581942 0.445534 0.0137878 0.0577244
1 0.557672 0.430639 0.0141178 0.0569566
1 0.747452 0.570985 0.0146253 0.069442
1 0.528343 0.452535 0.0114022 0.0568058
1 0.673026 0.501651 0.0160941 0.0619358
1 0.478762 0.385189 0.010034 0.050134
1 0.496135 0.389845 0.0109605 0.0498382
1 0.539178 0.619623 0.0164219 0.0728401
1 0.534417 0.413137 0.0114815 0.0497826
1 0.428098 0.42035 0.00940876 0.052157
1 0.426769 0.367007 0.0103873 0.0472148
1 0.570186 0.646355 0.0158159 0.076449
1 0.197854 0.630581 0.0164638 0.0731173
1 0.759703 0.413201 0.0117978 0.0547647
1 0.474379 0.5029 0.0100658 0.0618395
0 0.601511 0.66859 0.00643997 0.010626
1 0.707847 0.541408 0.0114916 0.0645487
1 0.510127 0.412212 0.0117288 0.051383
1 0.701089 0.539501 0.0112509 0.0613923
1 0.520687 0.403748 0.0121365 0.0523226
1 0.510806 0.397267 0.0125657 0.0494921
1 0.525102 0.403209 0.00783393 0.0502821
