1 0.476173 0.274383 0.0175282 0.0579172
1 0.777451 0.324826 0.0150969 0.0651442
1 0.343718 0.377116 0.0137906 0.069406
1 0.0550644 0.487053 0.0183136 0.0812567
1 0.860877 0.204593 0.00942904 0.0508795
1 0.445972 0.225137 0.0181705 0.0519868
1 0.0885713 0.277073 0.0120618 0.0607938
1 0.0693203 0.293054 0.0149661 0.0624507
1 0.173545 0.157272 0.0140406 0.0412623
1 0.367843 0.105381 0.0119413 0.0370222
1 0.347937 0.252665 0.0123475 0.0558386
1 0.475266 0.808055 0.0191644 0.107731
1 0.438495 0.419389 0.0126145 0.0673657
1 0.0687508 0.534862 0.0210644 0.0799175
1 0.567196 0.314283 0.011414 0.0600425
1 0.389233 0.185245 0.0094916 0.0436149
1 0.120891 0.179027 0.0159007 0.0386944
1 0.57236 0.155624 0.0120403 0.0457617
1 0.620844 0.126521 0.00815239 0.0397163
1 0.410914 0.173193 0.0131025 0.0411803
1 0.0726981 0.250548 0.0113947 0.0531316
1 0.34716 0.143053 0.00954558 0.0379964
1 0.0777314 0.126555 0.0111108 0.0436229
0 0.415348 0.187973 0.00518061 0.0112822
