1 0.544967 0.546387 0.0190879 0.0641078
1 0.576407 0.442778 0.0113463 0.0581984
1 0.634127 0.509983 0.0147507 0.0656281
1 0.385611 0.430873 0.0151357 0.0530181
1 0.583437 0.633131 0.0202125 0.0770959
1 0.443551 0.372249 0.0110838 0.0498153
1 0.755986 0.405588 0.0126677 0.053776
1 0.207362 0.624203 0.0144426 0.072002
1 0.540286 0.447426 0.0116196 0.0576682
1 0.478389 0.419092 0.0110469 0.0533462
1 0.52934 0.410282 0.00954145 0.0523905
1 0.551149 0.426416 0.0150826 0.0550992
1 0.465828 0.401738 0.0122039 0.0537369
1 0.519365 0.412365 0.012737 0.0530171
1 0.492857 0.394113 0.0109802 0.0520187
1 0.704333 0.535107 0.0119294 0.0647703
0 0.599018 0.661784 0.00597197 0.0107277
1 0.505141 0.404914 0.0110706 0.0545021
1 0.695387 0.536529 0.0142721 0.0648826
1 0.479608 0.385663 0.0108318 0.0487426
1 0.499031 0.412622 0.0106428 0.0539499
1 0.468402 0.37302 0.00988045 0.0386144
