1 0.285615 0.395666 0.0143181 0.0595543
1 0.526694 0.658209 0.0241575 0.0743727
1 0.384424 0.27639 0.0138585 0.0508543
1 0.435696 0.611453 0.0250593 0.073329
1 0.41553 0.40059 0.0137286 0.0560764
1 0.586649 0.369062 0.0119075 0.0584265
1 0.353146 0.677597 0.0207472 0.0791438
1 0.384513 0.403506 0.0147841 0.0600137
1 0.64978 0.3892 0.0132749 0.0626823
1 0.726089 0.554912 0.0164175 0.074567
1 0.892307 0.333331 0.0128403 0.053761
1 0.935682 0.748484 0.0249202 0.0908981
1 0.440436 0.355346 0.0154472 0.0557863
1 0.142028 0.219565 0.0146363 0.0396497
1 0.667688 0.208436 0.00893968 0.0469818
1 0.745843 0.155317 0.00808913 0.0382153
1 0.446068 0.223081 0.0109609 0.0502305
1 0.530896 0.151113 0.00989326 0.0382652
1 0.147348 0.620688 0.0210214 0.0555942
1 0.369098 0.662419 0.0292606 0.0775835
1 0.16497 0.609542 0.0241839 0.0608495
0 0.198718 0.666087 0.00857267 0.0118113
1 0.531987 0.0822909 0.00870733 0.0297519
