1 0.61407 0.449649 0.0125401 0.0646947
1 0.560594 0.401803 0.0115417 0.0581482
1 0.600538 0.523337 0.0132134 0.0691714
1 0.79987 0.651609 0.0137686 0.0763064
1 0.534167 0.380208 0.0118461 0.0548393
1 0.471326 0.416707 0.0110145 0.0529845
1 0.205114 0.641844 0.0216176 0.0616805
1 0.611767 0.595912 0.0155549 0.0727333
1 0.437871 0.414413 0.0100194 0.0585136
1 0.718175 0.544849 0.0108835 0.0732708
1 0.643194 0.472972 0.0100986 0.0675845
1 0.377394 0.380344 0.00909561 0.0537416
1 0.651541 0.559368 0.0100654 0.0717446
1 0.521024 0.370724 0.0109732 0.0472665
1 0.596997 0.604565 0.0158281 0.0523429
1 0.49462 0.441084 0.0153149 0.0564244
1 0.525824 0.434309 0.00879952 0.0532907
1 0.774677 0.370098 0.00996227 0.0553886
1 0.493569 0.365916 0.0123156 0.0577372
1 0.503304 0.429945 0.0128449 0.0582225
1 0.525732 0.392702 0.0104914 0.0466882
