1 0.933416 0.528475 0.0208159 0.0669956
1 0.149625 0.536744 0.0202767 0.0636999
1 0.181736 0.456091 0.0194687 0.0641637
1 0.0908397 0.46557 0.0149208 0.0613549
1 0.630473 0.544669 0.014453 0.0703799
1 0.460313 0.433432 0.0181541 0.0561565
1 0.413596 0.534375 0.0146913 0.0663141
1 0.391852 0.571868 0.0165303 0.070775
1 0.583353 0.409983 0.0122996 0.0594171
1 0.914651 0.314624 0.0130308 0.0474371
1 0.555708 0.359277 0.0110912 0.0541369
1 0.802651 0.276559 0.0123322 0.0459515
1 0.844663 0.735389 0.0228732 0.072153
1 0.175897 0.345612 0.0119652 0.0513305
1 0.754839 0.672145 0.0191147 0.0825884
1 0.528252 0.262699 0.0090305 0.0444522
1 0.369374 0.286647 0.00993325 0.0443889
1 0.491255 0.307974 0.00857309 0.0489469
1 0.423476 0.383596 0.0101001 0.0515613
1 0.202424 0.250734 0.0100453 0.0417603
0 0.66084 0.804448 0.00907701 0.0126017
1 0.569213 0.126819 0.00665468 0.0243752
1 0.953736 0.934073 0.0139729 0.0298543
1 0.0732759 0.759563 0.043891 0.0767656
1 0.422498 0.802902 0.0155965 0.0891221
