1 0.618828 0.580554 0.0216469 0.0730527
1 0.509295 0.336925 0.0147141 0.055154
1 0.502545 0.481531 0.0156554 0.0712022
1 0.891409 0.709235 0.0315607 0.0875929
1 0.388061 0.488189 0.0152534 0.0435397
1 0.48068 0.322066 0.0108572 0.0532492
1 0.493492 0.612679 0.0270307 0.0672505
1 0.349893 0.412742 0.0214329 0.057102
1 0.478781 0.397047 0.0128953 0.0616301
1 0.39942 0.343708 0.0123653 0.0537005
1 0.402091 0.408837 0.0210198 0.0643565
1 0.66169 0.474333 0.0157757 0.0653512
1 0.577235 0.458636 0.0228842 0.0639184
1 0.0443299 0.439142 0.0165941 0.0652907
1 0.300029 0.493515 0.0126765 0.0644925
1 0.190075 0.26412 0.0152197 0.0448601
1 0.511929 0.402063 0.0139811 0.0622657
1 0.426709 0.263703 0.0111673 0.0487612
1 0.397875 0.245807 0.00973574 0.0429256
1 0.757458 0.314973 0.0107971 0.0498631
1 0.421415 0.422855 0.0177305 0.06317
1 0.372873 0.296588 0.0099028 0.0467587
0 0.339015 0.496875 0.00751629 0.0105285
