1 0.224949 0.57015 0.0180691 0.0675452
1 0.94364 0.560023 0.0187127 0.0641696
1 0.292875 0.423423 0.0166619 0.0552371
1 0.445129 0.484338 0.0177331 0.0529783
1 0.895092 0.585162 0.0292486 0.0688458
1 0.420212 0.34666 0.0177158 0.0414213
1 0.229337 0.494067 0.0107088 0.05941
1 0.628466 0.413648 0.0179173 0.051798
1 0.562706 0.376057 0.0135278 0.0496173
1 0.729815 0.703132 0.0232395 0.0865242
1 0.77678 0.378486 0.0130788 0.0519254
1 0.499735 0.450767 0.0167673 0.0512643
1 0.444658 0.581462 0.0128449 0.0694843
1 0.361648 0.360116 0.0109455 0.0464169
1 0.458717 0.401192 0.0255278 0.0452688
1 0.113748 0.384645 0.011313 0.0509456
1 0.470798 0.352149 0.011437 0.0441138
1 0.585916 0.334283 0.0120348 0.0409343
1 0.54375 0.317208 0.0131982 0.0350266
1 0.345284 0.420938 0.0125516 0.0488455
1 0.916411 0.428327 0.0124343 0.0554357
1 0.60902 0.31485 0.0135781 0.0372416
1 0.51048 0.258739 0.0080719 0.0316695
