1 0.75793 0.419272 0.0188852 0.0499795
1 0.554492 0.467605 0.0124968 0.0568106
1 0.616885 0.449405 0.0159765 0.0489297
1 0.194003 0.630833 0.0150884 0.0745906
1 0.471885 0.37274 0.0145414 0.0434856
1 0.742569 0.581327 0.0191401 0.0649531
1 0.430728 0.419595 0.00829487 0.05152
1 0.499525 0.505632 0.0106581 0.0605904
1 0.578644 0.429198 0.0217851 0.0465587
1 0.548212 0.622751 0.0168029 0.0713862
1 0.600964 0.639545 0.0254698 0.0707014
1 0.712663 0.54351 0.0116523 0.0651617
1 0.705542 0.541473 0.0113253 0.06115
1 0.510302 0.389068 0.0153823 0.0388156
1 0.517455 0.390901 0.0173416 0.0429782
1 0.737466 0.553237 0.010564 0.0511409
1 0.563965 0.416439 0.00974286 0.046055
1 0.55617 0.417672 0.0157338 0.0449816
1 0.545104 0.393233 0.012447 0.0316404
1 0.541234 0.428451 0.0204374 0.0602037
0 0.653097 0.541213 0.00679874 0.0138508
1 0.541474 0.417948 0.0207321 0.0462808
