1 0.177459 0.5159 0.0272401 0.0659547
1 0.441564 0.642897 0.0177111 0.0793073
1 0.382523 0.414106 0.0197662 0.0610002
1 0.25177 0.403489 0.0178094 0.0611898
1 0.416875 0.321414 0.0159403 0.0485816
1 0.341316 0.329382 0.0136156 0.0560061
1 0.888248 0.364705 0.0206907 0.0553526
1 0.869187 0.504735 0.0169332 0.0682752
1 0.61814 0.409743 0.0188909 0.0624622
1 0.229617 0.443575 0.0246713 0.0596321
1 0.084339 0.729939 0.0230802 0.09442
1 0.442818 0.453434 0.0191964 0.06428
1 0.375293 0.525928 0.0154527 0.0731645
1 0.843607 0.520086 0.0137138 0.0735781
1 0.719337 0.365474 0.0253512 0.0589943
1 0.426946 0.281726 0.0173863 0.0511832
1 0.312969 0.317721 0.0128319 0.0534842
1 0.681415 0.682856 0.0246385 0.0878325
1 0.547425 0.244404 0.0135835 0.0437811
1 0.529432 0.372199 0.0141064 0.058758
1 0.576774 0.302845 0.00964158 0.0470002
1 0.425721 0.184532 0.0111452 0.0365626
0 0.564521 0.321049 0.00461356 0.00832152
