1 0.455867 0.658892 0.0215476 0.0746121
1 0.859596 0.62825 0.0198042 0.069824
1 0.301868 0.424363 0.0118759 0.0541253
1 0.582833 0.409924 0.0147617 0.0523234
1 0.450348 0.464877 0.0172689 0.0582384
1 0.631078 0.377822 0.0111369 0.0492635
1 0.311565 0.370122 0.0101886 0.0498184
1 0.157689 0.462788 0.0151762 0.055325
1 0.572829 0.325471 0.0109381 0.0442012
1 0.0821188 0.484531 0.0117861 0.0613994
1 0.525182 0.628244 0.0152456 0.0753618
1 0.59497 0.334466 0.00966632 0.0456981
1 0.401055 0.386098 0.00997925 0.047855
1 0.283973 0.353813 0.00770194 0.048608
1 0.548844 0.408989 0.0111225 0.059078
1 0.52677 0.473364 0.0115167 0.0587137
1 0.7057 0.476624 0.0115194 0.0613843
1 0.749794 0.338862 0.00980066 0.0466742
1 0.142232 0.569546 0.0205891 0.0685679
1 0.698872 0.50156 0.0145247 0.0620467
0 0.575856 0.581389 0.00609811 0.0100041
1 0.674875 0.492917 0.0105637 0.0629684
1 0.673599 0.532671 0.0179941 0.0586768
