1 0.0894516 0.622773 0.0203439 0.075544
1 0.235471 0.522554 0.0159688 0.0705332
1 0.103395 0.593136 0.0163034 0.0784303
1 0.0449507 0.429501 0.013032 0.0623664
1 0.49422 0.473826 0.0134942 0.0650975
1 0.083993 0.396585 0.0146394 0.0534537
1 0.841404 0.376237 0.0198918 0.0502468
1 0.235106 0.348233 0.0100427 0.0522208
1 0.311176 0.327366 0.0111718 0.0505181
1 0.522558 0.286497 0.0153869 0.0480734
1 0.726605 0.223219 0.00894756 0.0434986
1 0.681318 0.222418 0.0117084 0.0365693
1 0.538939 0.338773 0.0131745 0.0506143
1 0.435479 0.288316 0.00890344 0.0439123
1 0.270438 0.290923 0.0094378 0.041987
1 0.428691 0.186824 0.0103194 0.0355407
1 0.340776 0.83072 0.024629 0.0964216
1 0.610682 0.177146 0.0150585 0.0317426
1 0.109428 0.24319 0.0104728 0.0413889
1 0.0832408 0.308387 0.0120314 0.0480496
1 0.307337 0.148503 0.00695063 0.0353094
1 0.110739 0.215233 0.00913709 0.0348603
1 0.0679096 0.166646 0.00907209 0.0334443
1 0.96361 0.836526 0.0244284 0.0834603
