1 0.175345 0.634845 0.0176986 0.0495243
1 0.298996 0.535698 0.0157582 0.0491558
1 0.491827 0.592643 0.0136621 0.051961
1 0.918881 0.691057 0.0172723 0.0674172
1 0.525675 0.528047 0.0112632 0.0487381
1 0.883983 0.480011 0.018926 0.0413313
1 0.456303 0.502654 0.012264 0.0438168
1 0.352385 0.488952 0.0115203 0.041004
1 0.395757 0.438912 0.0169805 0.0335405
1 0.569762 0.568388 0.00971101 0.0468251
1 0.365143 0.570447 0.0202639 0.0419085
1 0.596923 0.477956 0.0106031 0.0440203
1 0.487403 0.358253 0.00775483 0.0296331
1 0.712882 0.497878 0.0115363 0.0442306
1 0.418005 0.459594 0.00820729 0.03746
1 0.897203 0.51196 0.0117528 0.0431558
1 0.628959 0.378088 0.0128459 0.028169
1 0.437396 0.385432 0.00964836 0.0283539
1 0.448015 0.429553 0.00850039 0.0309256
1 0.281392 0.378896 0.00947256 0.0284896
1 0.546321 0.40384 0.00712242 0.0350523
1 0.548555 0.297036 0.00645421 0.0230569
1 0.373371 0.551334 0.00855958 0.0497347
