1 0.0900875 0.564022 0.0163841 0.0672824
1 0.0441436 0.751887 0.0303654 0.0825506
1 0.123052 0.451818 0.0188388 0.0551459
1 0.51058 0.435794 0.0192672 0.0537334
1 0.548307 0.564256 0.0196379 0.0599786
1 0.83273 0.437922 0.0205198 0.0503379
1 0.159288 0.517778 0.0286785 0.059794
1 0.975205 0.566156 0.0239895 0.0535863
1 0.563132 0.413184 0.0226669 0.0447016
1 0.423963 0.377499 0.0126316 0.0501182
1 0.488615 0.61208 0.0289977 0.0620667
1 0.570026 0.299967 0.0177209 0.0424971
1 0.0749249 0.831108 0.0344123 0.0760458
1 0.232984 0.321378 0.0185495 0.0357179
1 0.143266 0.285004 0.0109874 0.0354227
1 0.592577 0.219126 0.00795574 0.035716
1 0.629452 0.26945 0.00854861 0.039204
1 0.383105 0.182436 0.00857938 0.0270219
1 0.192087 0.20473 0.0161362 0.0336462
1 0.784815 0.229622 0.00758127 0.0374815
1 0.500619 0.370838 0.01785 0.0440691
1 0.31857 0.355595 0.0105713 0.0427365
0 0.49222 0.443096 0.00596015 0.0088421
1 0.303025 0.254929 0.00741965 0.0238071
1 0.949413 0.733568 0.0254019 0.113939
