1 0.19284 0.647679 0.0199331 0.0680653
1 0.630041 0.471591 0.016925 0.062759
1 0.725618 0.566056 0.0122274 0.0709421
1 0.53787 0.400682 0.0115933 0.0560111
1 0.598226 0.446954 0.0121167 0.0642407
1 0.413952 0.38894 0.0117689 0.0536338
1 0.815119 0.637591 0.0150025 0.0758725
1 0.75914 0.37508 0.0112111 0.0565376
1 0.55475 0.461876 0.0116995 0.0584801
1 0.516639 0.383365 0.0125221 0.0541762
1 0.50361 0.428517 0.0103452 0.0576393
1 0.529684 0.453982 0.0109142 0.0587934
1 0.604194 0.599873 0.0169946 0.0713516
1 0.587089 0.613324 0.0188021 0.0467969
1 0.583454 0.485044 0.0117276 0.0642328
1 0.659991 0.551801 0.013538 0.0672371
1 0.454826 0.424201 0.0125895 0.0534001
1 0.503227 0.381784 0.0106755 0.0474735
1 0.469722 0.403375 0.0141389 0.0537582
1 0.48028 0.374411 0.0114736 0.0520338
1 0.490645 0.370835 0.0116408 0.0485055
1 0.47191 0.36187 0.00913582 0.0375588
