1 0.552648 0.431029 0.0141579 0.0566184
1 0.569153 0.445171 0.0123528 0.0580788
1 0.778099 0.616352 0.0134693 0.072998
1 0.580584 0.625277 0.0195972 0.0771891
1 0.730905 0.545343 0.0115691 0.0668193
1 0.752478 0.589879 0.0174051 0.0713963
1 0.207746 0.616949 0.0117269 0.0722405
1 0.452548 0.372716 0.00998071 0.0478462
1 0.377808 0.434329 0.0111512 0.054581
1 0.78835 0.402809 0.0110902 0.0541295
0 0.596198 0.653758 0.0063488 0.0116356
1 0.47869 0.381366 0.0103632 0.0518679
1 0.490709 0.428932 0.0135343 0.0575664
1 0.692428 0.551216 0.0166377 0.0655845
1 0.487253 0.385308 0.00836503 0.0462538
1 0.506533 0.399869 0.0109226 0.0524431
1 0.498025 0.395276 0.011077 0.0530685
1 0.522949 0.41324 0.0131922 0.0559747
1 0.524957 0.412312 0.00940628 0.0544735
1 0.502051 0.414785 0.0112246 0.0613857
