1 0.159034 0.666769 0.0174224 0.0543355
1 0.853695 0.466763 0.0148635 0.0393867
1 0.699807 0.491214 0.019153 0.0439195
1 0.377512 0.55945 0.0147407 0.0514751
1 0.449336 0.509944 0.019029 0.0420984
1 0.911102 0.686694 0.0162467 0.061334
1 0.323786 0.498052 0.0148369 0.0408013
1 0.572911 0.56681 0.0210266 0.049533
1 0.871771 0.50108 0.0147406 0.0414198
1 0.403171 0.459706 0.0146967 0.0327832
1 0.27509 0.555773 0.0241734 0.0438192
1 0.517185 0.536304 0.00927366 0.046651
1 0.485236 0.602781 0.0118858 0.0517015
1 0.472109 0.35782 0.0127518 0.0273654
1 0.583084 0.481885 0.00839691 0.0418887
1 0.431161 0.437349 0.0118552 0.0310441
1 0.380633 0.447254 0.0108147 0.0354388
1 0.352478 0.586922 0.0240825 0.0462183
1 0.615208 0.375195 0.0116739 0.025527
1 0.530487 0.404703 0.0100105 0.0348974
1 0.42283 0.391299 0.0124896 0.0321199
1 0.245968 0.3839 0.0115473 0.0309371
0 0.344029 0.605977 0.00629708 0.00982033
