1 0.523967 0.453839 0.0155561 0.0561818
1 0.725586 0.499288 0.0123983 0.0639256
1 0.671268 0.425805 0.0169858 0.0496516
1 0.18676 0.632866 0.0173273 0.0745688
1 0.588554 0.647213 0.0161421 0.0788172
1 0.626662 0.55409 0.0136972 0.0611194
1 0.65306 0.450293 0.0140563 0.0536237
1 0.691678 0.543063 0.00910263 0.0640453
1 0.643125 0.509332 0.0106721 0.0544523
1 0.687824 0.415054 0.0108252 0.0495632
1 0.736143 0.392352 0.0134031 0.0512371
1 0.503972 0.496405 0.00915489 0.0618455
1 0.641763 0.422784 0.0128191 0.0509373
1 0.539347 0.363802 0.00723979 0.0476757
1 0.595738 0.426094 0.0104503 0.054828
1 0.626626 0.504174 0.0136962 0.0569032
1 0.430503 0.419411 0.00752319 0.0500413
1 0.750147 0.427076 0.0144854 0.0519901
1 0.645297 0.383197 0.00994848 0.0476651
1 0.661603 0.370209 0.0111596 0.0404403
1 0.653309 0.367942 0.00815067 0.0372927
1 0.701521 0.37265 0.0129744 0.0337759
