1 0.536545 0.518031 0.0131882 0.0577063
1 0.292392 0.489556 0.0258 0.0590976
1 0.327224 0.497874 0.0198843 0.0620284
1 0.128392 0.68193 0.0170165 0.0738455
1 0.569841 0.588925 0.0147582 0.0703644
1 0.624539 0.448434 0.0146221 0.0572066
1 0.358501 0.490544 0.0133789 0.0674272
1 0.261842 0.464098 0.0131524 0.0577112
1 0.544828 0.422514 0.0119624 0.0502897
1 0.58823 0.659479 0.0180699 0.0753227
1 0.40731 0.462249 0.0163023 0.0544552
1 0.504048 0.342683 0.0175305 0.0402355
1 0.651469 0.441134 0.0102659 0.0520806
1 0.736044 0.390136 0.00968558 0.0486558
1 0.641951 0.348361 0.0128241 0.0439071
1 0.893831 0.667674 0.0210047 0.0783147
1 0.157045 0.443529 0.0159101 0.0534439
1 0.606404 0.536686 0.0117698 0.0619329
1 0.502361 0.393795 0.00944099 0.0411166
1 0.878113 0.47931 0.0144772 0.0584766
1 0.136849 0.461387 0.0165036 0.0563894
1 0.641334 0.383626 0.0109528 0.0479672
0 0.861369 0.505055 0.00564512 0.00965853
