1 0.395804 0.372688 0.0136144 0.0544945
1 0.750586 0.350371 0.0169121 0.0485119
1 0.758589 0.827479 0.0367912 0.0981047
1 0.405494 0.424629 0.0142865 0.0519768
1 0.788299 0.258288 0.0138762 0.0473957
1 0.348808 0.336184 0.0118086 0.0539887
1 0.585918 0.274675 0.0120188 0.051555
1 0.106997 0.63772 0.0181168 0.0721888
1 0.263302 0.285918 0.0100137 0.0469258
1 0.0782933 0.43638 0.0143703 0.0624927
1 0.219992 0.265758 0.0104089 0.0439812
1 0.660065 0.227169 0.0109386 0.0460617
1 0.532063 0.281602 0.0147931 0.0501579
1 0.0954457 0.658622 0.0185349 0.0911318
1 0.597094 0.181886 0.00995808 0.0368769
1 0.0816867 0.258522 0.010156 0.0429849
1 0.0279237 0.37138 0.011971 0.0570872
1 0.340138 0.212047 0.00905164 0.0413152
1 0.107443 0.219803 0.0122875 0.0401389
1 0.352848 0.181396 0.00843271 0.0366226
1 0.0141149 0.357847 0.012206 0.0540653
1 0.0170005 0.208213 0.0109949 0.0399072
1 0.90422 0.377461 0.010967 0.0559676
0 0.898149 0.400485 0.00521456 0.00847722
