1 0.621972 0.465539 0.0153131 0.0699307
1 0.0733912 0.409611 0.016705 0.0615577
1 0.158157 0.274802 0.0130926 0.054225
1 0.565629 0.348867 0.0113393 0.0628804
1 0.116076 0.443257 0.017942 0.0627122
1 0.930063 0.462993 0.0294064 0.0686076
1 0.191088 0.377688 0.0186382 0.0603275
1 0.888755 0.225859 0.0104598 0.0497382
1 0.429235 0.685885 0.0237828 0.0822853
1 0.522413 0.287751 0.0186231 0.0561341
1 0.364458 0.514389 0.0165021 0.0724492
1 0.493212 0.177595 0.0112864 0.0456044
1 0.758882 0.191622 0.0108788 0.049556
1 0.417113 0.312936 0.0106322 0.0551315
1 0.743707 0.618348 0.0200769 0.0827646
1 0.470505 0.334245 0.00864226 0.0547328
1 0.488725 0.220132 0.00764847 0.0488264
0 0.851076 0.828033 0.00859966 0.0126116
1 0.192929 0.148983 0.0125217 0.0415646
1 0.33135 0.21982 0.0173144 0.0502576
1 0.377644 0.476321 0.0260401 0.0616652
1 0.868276 0.794505 0.0244281 0.0899711
1 0.554485 0.0313831 0.00843837 0.0284246
1 0.373772 0.476345 0.0182545 0.0615581
1 0.439001 0.782185 0.0297646 0.090049
