1 0.21145 0.396136 0.0248396 0.0710467
1 0.60546 0.36504 0.0142579 0.0714411
1 0.281441 0.28638 0.0223203 0.0629676
1 0.54158 0.365042 0.0145734 0.0696589
1 0.914193 0.29779 0.0151128 0.0668258
1 0.665058 0.560499 0.0194062 0.0910647
1 0.282392 0.442786 0.0232608 0.0763854
1 0.387111 0.299881 0.0145181 0.064289
1 0.40592 0.617011 0.0219048 0.0880858
1 0.315708 0.613122 0.0274421 0.0784184
1 0.595245 0.174457 0.0108599 0.0560601
1 0.371422 0.324408 0.0142285 0.0636231
1 0.364954 0.732331 0.0248721 0.0904414
1 0.438125 0.112537 0.00909599 0.0482588
1 0.35372 0.203903 0.0116609 0.0576153
1 0.723097 0.105855 0.00881341 0.0449016
1 0.362432 0.194316 0.0118813 0.0549195
1 0.805888 0.659508 0.0227732 0.0897825
1 0.356916 0.890213 0.0441023 0.112405
1 0.437212 0.0422195 0.0104184 0.0337802
1 0.104652 0.659571 0.035926 0.0945371
0 0.340505 0.929128 0.0108972 0.017013
