1 0.558831 0.402384 0.0156159 0.0592987
1 0.779434 0.651045 0.0251241 0.0775031
1 0.453514 0.438647 0.0128686 0.0579001
1 0.347923 0.452202 0.0138352 0.0628623
1 0.645406 0.474414 0.0139313 0.0663166
1 0.413455 0.408712 0.0132391 0.0578265
1 0.207258 0.631958 0.0150419 0.0782972
1 0.729845 0.564056 0.0183621 0.0712492
1 0.606354 0.475094 0.0121689 0.0685725
1 0.533135 0.382456 0.00983254 0.0547761
1 0.433647 0.427748 0.0135208 0.0548498
1 0.513263 0.386015 0.0104304 0.0572515
1 0.582901 0.423442 0.0113986 0.0594165
1 0.300225 0.376224 0.0089715 0.0524638
1 0.770478 0.363186 0.0150854 0.0594493
1 0.494509 0.366589 0.0114717 0.0538561
1 0.479786 0.447669 0.0108221 0.0574232
1 0.62106 0.582742 0.0137357 0.071457
1 0.468638 0.421664 0.0102369 0.0566468
1 0.613645 0.597631 0.0127669 0.0664618
1 0.598287 0.571952 0.0201106 0.0610237
1 0.598524 0.596096 0.01852 0.0672685
0 0.605733 0.621862 0.00558936 0.0101264
