1 0.57151 0.445718 0.0188641 0.0543672
1 0.582426 0.556597 0.0151672 0.0659193
1 0.651403 0.527518 0.0129112 0.0652157
1 0.38731 0.43003 0.0129892 0.055933
1 0.582931 0.63222 0.0197897 0.0773413
1 0.544598 0.427618 0.0135677 0.0558532
1 0.773783 0.407511 0.0117055 0.0537624
1 0.207041 0.623257 0.016486 0.071069
1 0.479851 0.420296 0.0125986 0.0524489
1 0.443192 0.371647 0.0101666 0.048804
1 0.521306 0.412611 0.0124587 0.0520677
1 0.537759 0.44809 0.0112533 0.0575822
1 0.493468 0.392713 0.0110507 0.0515967
1 0.705265 0.534095 0.0132579 0.0641092
0 0.598633 0.660743 0.00631129 0.0109275
1 0.479646 0.382447 0.0100159 0.0439282
1 0.505349 0.403873 0.0114425 0.051511
1 0.468869 0.398573 0.00985314 0.0522394
1 0.694051 0.535283 0.0153922 0.0651613
1 0.530907 0.409126 0.0103428 0.0525153
1 0.465478 0.375279 0.00929486 0.0450993
1 0.498987 0.411834 0.0108003 0.0537655
