1 0.194462 0.554342 0.0183358 0.0609706
1 0.488068 0.621431 0.013062 0.065817
1 0.0832569 0.623526 0.0194485 0.0617147
1 0.599872 0.50715 0.0119567 0.053595
1 0.309342 0.562855 0.0104892 0.0604254
1 0.877157 0.591961 0.0222706 0.0691512
1 0.277098 0.443835 0.0136841 0.0509427
1 0.73727 0.414087 0.0121037 0.048851
1 0.382818 0.483721 0.0121689 0.0520435
1 0.498581 0.448903 0.0111043 0.0520467
1 0.838499 0.471696 0.015313 0.0540343
1 0.0882498 0.498667 0.0216824 0.054824
1 0.306971 0.363834 0.0101664 0.0484963
1 0.77104 0.420914 0.0133759 0.0550238
1 0.681454 0.269919 0.00901547 0.0339499
1 0.516116 0.401595 0.00982211 0.0447092
1 0.597047 0.470458 0.0109997 0.0457226
1 0.450706 0.294603 0.00899604 0.0341596
1 0.0771812 0.301356 0.0112904 0.0374448
1 0.504547 0.388374 0.0120056 0.0445053
1 0.590846 0.674066 0.0266479 0.0705231
1 0.437355 0.300536 0.0115704 0.0307257
1 0.433113 0.172918 0.00682141 0.0258628
