1 0.329325 0.605322 0.0176179 0.0665894
1 0.774259 0.702466 0.0212897 0.0760758
1 0.946143 0.475223 0.0178867 0.0631152
1 0.457395 0.69846 0.0216227 0.0704961
1 0.180183 0.449294 0.0202392 0.0538442
1 0.517009 0.435338 0.0170122 0.0560396
1 0.638727 0.607703 0.0130573 0.0663417
1 0.458246 0.44598 0.0156042 0.0547166
1 0.254472 0.370436 0.0109722 0.0504144
1 0.519589 0.29939 0.0114803 0.0461437
1 0.678453 0.327288 0.0108324 0.0491437
1 0.135596 0.436481 0.0163142 0.0564204
1 0.29603 0.629523 0.0139087 0.0736797
1 0.442122 0.286336 0.00989679 0.043084
1 0.449467 0.423744 0.0115941 0.0551964
1 0.185368 0.271398 0.010587 0.0419783
1 0.0946989 0.557083 0.0174642 0.0608102
1 0.77682 0.294191 0.0078455 0.0406939
1 0.581316 0.54563 0.0151859 0.0594034
1 0.500383 0.13862 0.00702632 0.0266101
1 0.0904852 0.540595 0.0128257 0.0572436
1 0.0103792 0.781407 0.0207182 0.0666221
1 0.486455 0.84594 0.0235683 0.0938827
