1 0.132484 0.675862 0.0137526 0.0697846
1 0.676599 0.642956 0.0167185 0.0708332
1 0.841272 0.527013 0.0145336 0.0612038
1 0.544719 0.452927 0.0118669 0.0570043
1 0.158683 0.495213 0.01605 0.0620402
1 0.658892 0.470327 0.0119971 0.0544356
1 0.241284 0.560066 0.0184298 0.0663815
1 0.894979 0.492052 0.0154017 0.0630576
1 0.351703 0.426365 0.0152932 0.0530166
1 0.435767 0.45888 0.0142268 0.0545477
1 0.540333 0.64896 0.0144754 0.0739214
1 0.565923 0.368192 0.0090086 0.0467174
1 0.64011 0.455309 0.0120907 0.0577256
1 0.410913 0.554546 0.0143553 0.0659481
1 0.841846 0.429795 0.0122232 0.0627375
1 0.808599 0.406261 0.0106696 0.0547152
1 0.72464 0.299212 0.0119331 0.0401499
1 0.360857 0.353416 0.00893943 0.0482774
1 0.0388141 0.318199 0.00825696 0.0438685
0 0.53579 0.36823 0.00458946 0.00791411
1 0.465901 0.179807 0.00701036 0.0291372
1 0.50944 0.35329 0.013876 0.0487914
1 0.505776 0.36531 0.0115258 0.0527582
