1 0.140265 0.687249 0.0229442 0.0754082
1 0.175755 0.48215 0.0184023 0.0603708
1 0.6461 0.432765 0.0122531 0.0575547
1 0.821759 0.391785 0.0142926 0.0532496
1 0.553497 0.444576 0.0129588 0.0613791
1 0.698728 0.623991 0.0156106 0.0779222
1 0.85196 0.412482 0.012367 0.0625852
1 0.844301 0.498197 0.0139209 0.0667648
1 0.363002 0.409935 0.0157252 0.0587609
1 0.239369 0.556345 0.018885 0.0714654
1 0.549374 0.64609 0.0156701 0.0782971
1 0.66938 0.445955 0.0126219 0.0635618
1 0.437837 0.539846 0.0193419 0.0639582
1 0.907712 0.485659 0.0146105 0.0676815
1 0.447311 0.442138 0.0141882 0.0569139
1 0.49501 0.362657 0.0106685 0.0512878
1 0.729171 0.290179 0.0122979 0.0392284
1 0.568353 0.345932 0.0090107 0.0421352
1 0.364766 0.338304 0.00876862 0.0510879
1 0.0121274 0.31229 0.00826593 0.0458705
1 0.520176 0.339783 0.0124428 0.0438863
1 0.468235 0.165314 0.00664606 0.0305795
0 0.580464 0.343457 0.00441678 0.00814099
1 0.504823 0.360717 0.0126946 0.0480961
