1 0.52208 0.407652 0.0132288 0.0529098
1 0.579845 0.622969 0.0202897 0.0780698
1 0.770331 0.608913 0.0153718 0.0706494
1 0.450491 0.371231 0.0109877 0.0496078
1 0.729099 0.542882 0.0132992 0.067133
1 0.380582 0.431985 0.00946156 0.0561504
1 0.750021 0.58528 0.015105 0.0744872
1 0.779032 0.40396 0.0144806 0.0397723
1 0.678107 0.557736 0.0134627 0.0704067
1 0.571797 0.436211 0.0125688 0.0591304
1 0.558993 0.433745 0.0103698 0.0546306
1 0.207298 0.614165 0.0121092 0.0719985
1 0.492369 0.42595 0.0150698 0.0580475
1 0.480272 0.385675 0.0115101 0.0538618
0 0.5959 0.65148 0.00716082 0.0117421
1 0.507016 0.411801 0.0126026 0.0551936
1 0.492987 0.383851 0.0093003 0.0403849
1 0.496683 0.406913 0.0140354 0.0663826
1 0.501523 0.393745 0.00992696 0.0533617
1 0.483124 0.408624 0.00985107 0.0544467
1 0.509076 0.398759 0.0102164 0.0529494
1 0.481902 0.402948 0.0110079 0.0645703
1 0.504521 0.412321 0.0124919 0.0555327
