1 0.2824 0.567115 0.0201104 0.0599943
1 0.572526 0.609174 0.020335 0.0668639
1 0.532653 0.626182 0.0136593 0.0677604
1 0.248932 0.590738 0.0194562 0.0623663
1 0.459632 0.660802 0.0181667 0.0688721
1 0.471027 0.353141 0.015418 0.040668
1 0.510489 0.464847 0.0109087 0.0527925
1 0.483496 0.458232 0.0123968 0.0473779
1 0.56769 0.45651 0.0127861 0.0555631
1 0.732429 0.46386 0.0110833 0.0561508
1 0.754233 0.532613 0.0140878 0.061227
1 0.60142 0.323142 0.00864557 0.041553
1 0.498853 0.322799 0.0118446 0.0385652
1 0.909687 0.343808 0.0115218 0.04723
1 0.94001 0.362218 0.0115583 0.0433194
1 0.443852 0.665139 0.0155015 0.067726
1 0.13848 0.4885 0.0119262 0.0531334
1 0.94011 0.72525 0.0175578 0.0776282
1 0.901677 0.672039 0.0177486 0.0755938
1 0.673429 0.3158 0.00740274 0.0390255
1 0.276088 0.327904 0.0145842 0.04029
1 0.0800816 0.660995 0.0187467 0.0639773
0 0.127975 0.503577 0.00513113 0.00950945
1 0.65794 0.197545 0.00703627 0.0285907
