1 0.004166666666666667 0.4981481481481482 0.008333333333333333 0.04814814814814815
1 0.46770833333333334 0.6476851851851851 0.017708333333333333 0.04722222222222222
1 0.41171875 0.38657407407407407 0.009895833333333333 0.03425925925925926
1 0.5497760416666667 0.5453703703703704 0.0109375 0.04814814814814815
1 0.6536510416666667 0.45452777777777775 0.009369791666666552 0.03910185185185187
1 0.27421875 0.5513888888888889 0.024479166666666666 0.04722222222222222
1 0.5341145833333333 0.42824074074074076 0.009895833333333333 0.03611111111111111
1 0.5239583333333333 0.48055555555555557 0.011458333333333333 0.04259259259259259
1 0.4635416666666667 0.47453703703703703 0.010416666666666666 0.03981481481481482
1 0.2786458333333333 0.4462962962962963 0.011458333333333333 0.04259259259259259
1 0.47994791666666664 0.6671296296296296 0.0203125 0.05462962962962963
1 0.6361979166666667 0.7875 0.016145833333333335 0.0712962962962963
1 0.175 0.5699074074074074 0.015625 0.05277777777777778
1 0.67890625 0.4777777777777778 0.011979166666666667 0.044444444444444446
1 0.44973958333333336 0.774074074074074 0.021354166666666667 0.06851851851851852
1 0.02109375 0.8106481481481481 0.025520833333333333 0.07314814814814814
1 0.6065104166666667 0.5300925925925926 0.011979166666666667 0.049074074074074076
1 0.2875 0.637962962962963 0.016666666666666666 0.05555555555555555
1 0.6859375 0.5287037037037037 0.011458333333333333 0.05185185185185185
1 0.7450520833333333 0.5523148148148148 0.011979166666666667 0.05092592592592592
1 0.7229166666666667 0.7263888888888889 0.01875 0.06388888888888888
1 0.5208333333333334 0.7375 0.021875 0.06018518518518518
0 0.45110937500000003 0.7939351851851852 0.006791666666666648 0.013722222222222163
1 0.6543541666666667 0.36919444444444444 0.008390625000000066 0.031759259259259216
1 0.6543437500000001 0.4348888888888889 0.00792187500000002 0.03575925925925926
