1 0.3835572916666667 0.19535185185185183 0.02038020833333339 0.05887962962962961
1 0.7711145833333333 0.12841666666666665 0.014020833333333371 0.06168518518518519
1 0.39010416666666664 0.21064814814814814 0.026041666666666668 0.0712962962962963
1 0.44166666666666665 0.16435185185185186 0.020833333333333332 0.05648148148148148
1 0.6059895833333333 0.19398148148148148 0.018229166666666668 0.06944444444444445
1 0.66796875 0.18796296296296297 0.0140625 0.06666666666666667
1 0.5515625 0.19027777777777777 0.0125 0.06574074074074074
1 0.70859375 0.2412037037037037 0.0140625 0.0712962962962963
1 0.4861979166666667 0.17916666666666667 0.013020833333333334 0.06018518518518518
1 0.45598958333333334 0.19212962962962962 0.0171875 0.062037037037037036
1 0.7309895833333333 0.1865740740740741 0.013020833333333334 0.0712962962962963
1 0.32447916666666665 0.17592592592592593 0.021875 0.06481481481481481
1 0.21770833333333334 0.2050925925925926 0.013541666666666667 0.06944444444444445
1 0.6997395833333333 0.3023148148148148 0.019270833333333334 0.08425925925925926
1 0.54296875 0.26481481481481484 0.018229166666666668 0.07962962962962963
1 0.5197916666666667 0.22546296296296298 0.013541666666666667 0.07314814814814814
1 0.7635416666666667 0.24027777777777778 0.019791666666666666 0.075
1 0.19453125 0.25324074074074077 0.022395833333333334 0.07685185185185185
1 0.3421875 0.21296296296296297 0.027083333333333334 0.06296296296296296
1 0.23203125 0.32546296296296295 0.0171875 0.08425925925925926
1 0.29635416666666664 0.28425925925925927 0.030208333333333334 0.07777777777777778
1 0.6072760416666667 0.15774074074074076 0.021104166666666656 0.06281481481481485
0 0.43397395833333335 0.13800925925925928 0.004666666666666685 0.009166666666666646
