0 0.534346 0.896773 0.008036 0.015880
1 0.412070 0.397185 0.010974 0.053556
1 0.329076 0.566801 0.016339 0.066491
1 0.305117 0.602069 0.015026 0.069361
1 0.137484 0.374227 0.013396 0.055972
1 0.601013 0.542171 0.016964 0.067380
1 0.078307 0.502282 0.016490 0.061083
1 0.057820 0.511764 0.018995 0.063435
1 0.720536 0.681653 0.020292 0.076806
1 0.542578 0.454625 0.012333 0.058713
1 0.435310 0.692361 0.014068 0.072648
1 0.919638 0.509014 0.013411 0.070528
1 0.431422 0.259380 0.009490 0.044185
1 0.260315 0.322315 0.021026 0.050593
1 0.791016 0.280704 0.010260 0.043889
1 0.189625 0.439907 0.015417 0.058667
1 0.456604 0.374801 0.019615 0.055694
1 0.477115 0.283528 0.009094 0.043722
1 0.177503 0.231472 0.010620 0.040852
1 0.674453 0.274542 0.009448 0.047417
1 0.468716 0.390375 0.009047 0.048769
1 0.920896 0.906134 0.025365 0.089157
1 0.875674 0.922194 0.031776 0.082889
1 0.503357 0.112792 0.006901 0.023750
1 0.432135 0.853981 0.022292 0.081111
