1 0.849565 0.671884 0.027818 0.078194
0 0.484237 0.495134 0.005036 0.008972
1 0.789745 0.522245 0.019458 0.056583
1 0.203745 0.585481 0.015698 0.069648
1 0.721849 0.408704 0.021667 0.054463
1 0.298341 0.591046 0.034745 0.066704
1 0.548286 0.367398 0.012677 0.051722
1 0.248779 0.274056 0.019536 0.042852
1 0.481063 0.245847 0.012552 0.041269
1 0.689727 0.293074 0.013307 0.046426
1 0.401328 0.308264 0.011052 0.043361
1 0.180958 0.433389 0.012813 0.058704
1 0.481745 0.470634 0.016906 0.056898
1 0.615633 0.278773 0.011318 0.041176
1 0.676432 0.321713 0.016490 0.048444
1 0.303729 0.309204 0.010167 0.047019
1 0.423341 0.388231 0.012714 0.052352
1 0.523344 0.290519 0.021406 0.045796
1 0.493513 0.458981 0.014776 0.061667
1 0.509302 0.323542 0.014781 0.050602
1 0.138724 0.364310 0.010927 0.054676
1 0.185682 0.200426 0.009281 0.029815
1 0.144003 0.356204 0.013036 0.051741
