1 0.420474 0.622125 0.020188 0.077898
1 0.303956 0.543685 0.020849 0.074833
1 0.412576 0.416014 0.012766 0.041176
1 0.556323 0.546398 0.013208 0.073167
1 0.782133 0.556898 0.016286 0.077667
1 0.511539 0.462245 0.011641 0.065769
1 0.856214 0.646884 0.015625 0.081861
1 0.664396 0.569991 0.014042 0.075019
1 0.823982 0.353102 0.014245 0.051278
1 0.548336 0.609356 0.013745 0.077546
1 0.589862 0.336722 0.011411 0.053611
1 0.552060 0.358222 0.011859 0.054352
1 0.424260 0.493944 0.012708 0.068222
1 0.137893 0.511213 0.019557 0.044926
1 0.637906 0.434856 0.013802 0.051713
0 0.526057 0.634458 0.006510 0.011546
1 0.636018 0.459630 0.016714 0.059352
1 0.310544 0.413384 0.009349 0.061917
1 0.654862 0.499829 0.012161 0.071361
1 0.399724 0.390153 0.012552 0.056769
1 0.605615 0.402282 0.011573 0.057657
1 0.640151 0.517097 0.015188 0.066083
1 0.482232 0.488667 0.022161 0.069296
