1 0.068917 0.652176 0.021615 0.059852
1 0.477526 0.741458 0.022135 0.066065
1 0.387651 0.782245 0.024531 0.081917
1 0.735609 0.509681 0.021042 0.053472
1 0.847930 0.621481 0.024880 0.068741
1 0.459875 0.551269 0.016625 0.055056
1 0.641573 0.386648 0.017438 0.035815
1 0.690635 0.639356 0.014000 0.069139
1 0.472966 0.417352 0.016724 0.044519
1 0.429992 0.433338 0.014307 0.046750
1 0.432552 0.556606 0.015906 0.060676
1 0.571698 0.313162 0.013500 0.036324
1 0.622956 0.357167 0.013245 0.039241
1 0.617188 0.633718 0.012438 0.067676
1 0.850932 0.327921 0.013521 0.039750
1 0.259018 0.585861 0.011099 0.062407
1 0.420052 0.341940 0.008990 0.042639
1 0.452305 0.335903 0.009005 0.041861
1 0.945841 0.710301 0.017453 0.069028
1 0.277229 0.313940 0.009073 0.038324
1 0.172883 0.419204 0.009651 0.049000
1 0.489357 0.235569 0.006661 0.030620
0 0.546049 0.502755 0.007141 0.009509
