1 0.452076 0.405958 0.013547 0.060380
1 0.742945 0.647630 0.015526 0.077907
1 0.637818 0.401662 0.014094 0.056972
1 0.359367 0.349417 0.012370 0.050852
1 0.349680 0.405194 0.011307 0.052463
1 0.343484 0.370986 0.013948 0.056435
1 0.359701 0.397014 0.010453 0.055917
1 0.203544 0.380120 0.008422 0.038574
1 0.391487 0.391005 0.009766 0.060880
1 0.331878 0.372630 0.011891 0.060796
1 0.321362 0.384148 0.011984 0.070241
1 0.388466 0.383370 0.008286 0.052407
1 0.309805 0.367546 0.008828 0.039130
1 0.333375 0.361269 0.013583 0.049278
1 0.537969 0.221815 0.010594 0.039370
1 0.308786 0.375037 0.008969 0.041537
1 0.309896 0.394259 0.015208 0.034074
