0 0.618565 0.416454 0.004818 0.008556
1 0.233492 0.609949 0.013297 0.066620
1 0.546969 0.550171 0.011635 0.057843
1 0.459802 0.392977 0.009094 0.042454
1 0.472154 0.538676 0.012589 0.057241
1 0.521477 0.524171 0.010453 0.057194
1 0.603331 0.505056 0.011589 0.057389
1 0.361268 0.470356 0.009943 0.054417
1 0.690839 0.503324 0.015198 0.055963
1 0.424948 0.388801 0.011208 0.034380
1 0.417341 0.447819 0.007932 0.050120
1 0.729508 0.474056 0.009651 0.052185
1 0.713898 0.472241 0.010495 0.052481
1 0.641935 0.506231 0.010641 0.059481
1 0.621242 0.509898 0.012224 0.053870
0 0.488021 0.362968 0.004146 0.007602
1 0.701034 0.454171 0.011797 0.048861
1 0.634044 0.505157 0.011339 0.058426
1 0.683536 0.480593 0.012365 0.053333
1 0.650687 0.505699 0.010365 0.057694
1 0.463510 0.464051 0.008146 0.047546
1 0.496937 0.340037 0.007708 0.035333
1 0.613430 0.439069 0.010922 0.047843
