1 0.267156 0.336801 0.016500 0.050528
1 0.813362 0.401264 0.014859 0.050954
1 0.160500 0.517384 0.025354 0.058491
1 0.060898 0.489037 0.021745 0.063704
1 0.524987 0.406403 0.018099 0.046787
1 0.573164 0.545000 0.020880 0.057815
1 0.262555 0.234977 0.010943 0.032991
1 0.575536 0.382102 0.011625 0.034019
1 0.102302 0.266102 0.017552 0.032796
1 0.102195 0.154056 0.007505 0.023185
1 0.535500 0.587273 0.021635 0.059213
1 0.554086 0.282111 0.011870 0.043407
1 0.727661 0.203644 0.011240 0.038176
1 0.942865 0.504764 0.017510 0.046380
1 0.548807 0.189204 0.008323 0.031963
1 0.599086 0.241977 0.009599 0.037269
1 0.223089 0.297690 0.014938 0.035620
1 0.328604 0.159380 0.007156 0.029426
1 0.070992 0.574514 0.027172 0.065769
1 0.137956 0.190213 0.017026 0.033519
1 0.481424 0.347870 0.012630 0.040241
0 0.510260 0.429681 0.005312 0.009213
1 0.372018 0.365301 0.015859 0.052250
