1 0.534878 0.348245 0.013849 0.055954
1 0.302617 0.392838 0.013297 0.058843
1 0.253583 0.330148 0.010854 0.053630
1 0.213422 0.344023 0.009479 0.052157
1 0.243490 0.313755 0.008188 0.047917
1 0.280779 0.360074 0.014172 0.063093
1 0.287753 0.305065 0.009547 0.045630
1 0.269677 0.299968 0.013635 0.049991
1 0.476391 0.173681 0.009115 0.028454
1 0.347214 0.353130 0.009969 0.053370
1 0.298112 0.312065 0.010005 0.051796
1 0.302969 0.359273 0.012646 0.058528
1 0.266357 0.330176 0.009984 0.052500
1 0.216094 0.308065 0.010010 0.051444
1 0.462552 0.173315 0.008250 0.037000
1 0.347839 0.327606 0.013573 0.064750
1 0.292219 0.337931 0.014583 0.063435
1 0.751318 0.676236 0.019729 0.079250
1 0.394984 0.373519 0.010854 0.059722
