1 0.535424 0.460273 0.012839 0.057509
1 0.754367 0.373306 0.012786 0.054852
1 0.733958 0.569551 0.016042 0.072769
1 0.640703 0.476477 0.014979 0.061361
1 0.597195 0.444181 0.012411 0.061472
1 0.515539 0.384546 0.012391 0.053426
1 0.560427 0.472505 0.011740 0.058898
1 0.535656 0.399694 0.011812 0.058444
1 0.422844 0.388833 0.011708 0.053037
1 0.662526 0.550009 0.009240 0.070463
1 0.470549 0.365778 0.009661 0.050852
1 0.581375 0.474699 0.011792 0.063009
1 0.586799 0.613810 0.019255 0.047324
1 0.452706 0.423616 0.010443 0.055343
1 0.814135 0.634657 0.014896 0.079074
1 0.496271 0.382847 0.009302 0.052787
1 0.477299 0.399245 0.012339 0.055269
1 0.482326 0.370949 0.010870 0.048028
1 0.603161 0.600963 0.017833 0.072500
1 0.484773 0.367060 0.007266 0.041509
1 0.194247 0.639556 0.018401 0.078352
1 0.505987 0.423514 0.012349 0.056935
