1 0.439469 0.497917 0.011094 0.052981
1 0.433771 0.514167 0.007781 0.051519
1 0.374643 0.518162 0.015276 0.069843
1 0.390227 0.519157 0.015453 0.061037
1 0.373161 0.510731 0.012531 0.054833
1 0.621661 0.350769 0.008198 0.041074
1 0.396937 0.519394 0.009063 0.059213
1 0.599141 0.353505 0.007667 0.039065
1 0.678797 0.534231 0.011563 0.056130
1 0.480664 0.541204 0.008755 0.062500
1 0.497469 0.527644 0.011365 0.055861
1 0.423208 0.477940 0.012458 0.049417
1 0.543542 0.526509 0.008865 0.058037
1 0.531867 0.521620 0.011141 0.057870
1 0.425687 0.522148 0.014552 0.060685
1 0.357857 0.477759 0.009651 0.048241
1 0.290893 0.498088 0.011068 0.055324
1 0.394234 0.492875 0.009083 0.046657
1 0.390195 0.481213 0.011099 0.041278
