1 0.748904 0.333935 0.012266 0.046167
1 0.563391 0.198731 0.008219 0.036407
1 0.747958 0.315375 0.010896 0.050120
1 0.249357 0.169750 0.008620 0.032000
1 0.619466 0.267491 0.010224 0.041574
1 0.678242 0.749606 0.016745 0.078991
1 0.077286 0.651551 0.025802 0.076306
1 0.929719 0.778324 0.016042 0.084796
1 0.552635 0.695741 0.016875 0.074796
1 0.634359 0.436847 0.014979 0.054157
1 0.420266 0.388167 0.011948 0.056796
1 0.912602 0.691917 0.017432 0.072944
1 0.838201 0.480597 0.010526 0.060176
1 0.734115 0.556741 0.013958 0.068907
1 0.525753 0.398236 0.010255 0.053694
1 0.204240 0.363662 0.011635 0.053750
1 0.291630 0.498005 0.010344 0.063361
1 0.696437 0.255042 0.011281 0.040583
1 0.552961 0.511681 0.013620 0.065509
1 0.521615 0.272065 0.010115 0.041926
1 0.993427 0.289616 0.011365 0.045972
1 0.535755 0.584060 0.017677 0.062028
1 0.351354 0.718819 0.026354 0.050824
