1 0.477510 0.578505 0.011562 0.058287
1 0.423500 0.518491 0.013302 0.046963
1 0.613000 0.522963 0.014635 0.066556
1 0.151305 0.668056 0.013266 0.068315
1 0.669034 0.578162 0.013661 0.054750
1 0.267771 0.525755 0.009188 0.055361
1 0.659768 0.552963 0.014026 0.049500
1 0.675427 0.530477 0.010604 0.053157
1 0.490063 0.459069 0.009594 0.045806
1 0.413135 0.489264 0.006542 0.048935
1 0.432049 0.422111 0.007214 0.041778
1 0.586872 0.531745 0.013328 0.054250
1 0.545875 0.500199 0.012437 0.045898
1 0.647724 0.498213 0.011115 0.049685
1 0.584469 0.480407 0.008271 0.044315
1 0.552250 0.482532 0.012594 0.050991
1 0.591299 0.508171 0.008359 0.039009
1 0.662219 0.516708 0.012688 0.038935
1 0.603552 0.452829 0.013458 0.041880
