1 0.700292 0.532005 0.009937 0.058824
1 0.465635 0.374394 0.010958 0.049472
1 0.479174 0.420792 0.011818 0.057194
1 0.514448 0.405574 0.010948 0.051019
1 0.366349 0.432176 0.009552 0.052519
1 0.208406 0.617347 0.012323 0.074824
1 0.581081 0.628995 0.020130 0.078435
1 0.446740 0.370176 0.009510 0.051148
1 0.566247 0.445417 0.011943 0.058241
1 0.548995 0.429227 0.013062 0.056917
1 0.530422 0.438810 0.011010 0.058065
1 0.498974 0.410130 0.009094 0.052370
1 0.489122 0.388838 0.010620 0.050102
1 0.525099 0.415069 0.011396 0.052176
1 0.712112 0.568597 0.014016 0.068194
1 0.797740 0.410856 0.016708 0.052917
1 0.717742 0.548046 0.010089 0.066519
1 0.673779 0.588792 0.020964 0.066954
0 0.597135 0.657273 0.006583 0.010713
1 0.531344 0.401134 0.008656 0.036713
1 0.477924 0.391426 0.011818 0.042056
1 0.478073 0.377069 0.010052 0.036528
1 0.707385 0.530912 0.010333 0.055954
