1 0.595789 0.339972 0.008349 0.043296
0 0.646042 0.540847 0.005375 0.009917
1 0.742125 0.344065 0.009604 0.043648
1 0.543143 0.400519 0.010328 0.054963
1 0.120292 0.469218 0.013896 0.055694
1 0.662250 0.529454 0.022542 0.051889
1 0.563042 0.330120 0.010823 0.043185
1 0.494112 0.459727 0.011849 0.057917
1 0.388766 0.390231 0.014417 0.042407
1 0.866047 0.625407 0.012344 0.068093
1 0.263979 0.358491 0.014208 0.044074
1 0.630617 0.380069 0.010839 0.050620
1 0.318555 0.367653 0.013682 0.047250
1 0.567396 0.413301 0.011906 0.050269
1 0.126469 0.572435 0.021969 0.065000
1 0.682461 0.494250 0.020984 0.056759
1 0.522354 0.637347 0.014687 0.072324
1 0.079060 0.487259 0.016203 0.057704
1 0.285023 0.421208 0.016182 0.050028
1 0.427078 0.659426 0.021708 0.072204
1 0.703057 0.492917 0.013156 0.062315
1 0.443424 0.463417 0.015526 0.054185
1 0.706474 0.484398 0.008365 0.063981
