1 0.522411 0.373301 0.011208 0.052028
1 0.773438 0.369250 0.010990 0.052370
1 0.525180 0.398088 0.011495 0.052843
1 0.534091 0.380995 0.010932 0.054343
1 0.719326 0.546949 0.010307 0.074269
1 0.612279 0.595032 0.015349 0.073361
1 0.494065 0.367093 0.012411 0.053796
1 0.496615 0.363060 0.008521 0.056009
1 0.494854 0.440106 0.014875 0.057065
1 0.797643 0.653204 0.016297 0.073648
1 0.598128 0.601273 0.015641 0.058102
1 0.614099 0.449417 0.012698 0.065759
1 0.435320 0.415991 0.013536 0.057944
1 0.562380 0.403162 0.011135 0.059083
1 0.644750 0.473009 0.013917 0.067259
1 0.651427 0.561917 0.011323 0.073537
1 0.206094 0.640968 0.021604 0.062176
1 0.474068 0.415157 0.011177 0.055167
1 0.373805 0.379653 0.016057 0.052324
1 0.601951 0.526116 0.013120 0.067935
1 0.521940 0.433014 0.015672 0.054713
1 0.498005 0.425935 0.011594 0.057574
