1 0.122529 0.755259 0.016818 0.085778
1 0.104544 0.732236 0.020193 0.083546
1 0.039763 0.226352 0.009411 0.033333
1 0.332375 0.246755 0.009031 0.041194
0 0.875070 0.590593 0.006359 0.011333
1 0.461635 0.439903 0.014354 0.059750
1 0.806883 0.291329 0.013172 0.051546
1 0.068003 0.431000 0.013526 0.055741
1 0.195326 0.492356 0.018484 0.063583
1 0.082646 0.297120 0.009656 0.038852
1 0.348625 0.208801 0.009438 0.034824
1 0.226268 0.307259 0.009953 0.042852
1 0.032086 0.424491 0.013036 0.049019
1 0.676047 0.273106 0.008302 0.045935
1 0.114740 0.246583 0.009625 0.040815
1 0.602656 0.222315 0.009323 0.036907
1 0.817232 0.418597 0.012786 0.052602
1 0.602974 0.324088 0.014115 0.052250
1 0.273297 0.354921 0.011250 0.054213
1 0.911159 0.441019 0.017922 0.053852
1 0.833279 0.754097 0.030141 0.088528
1 0.535198 0.544685 0.013448 0.066574
1 0.361352 0.387731 0.011276 0.060222
1 0.540557 0.323352 0.010302 0.047889
