1 0.424719 0.364866 0.010531 0.048287
1 0.415641 0.419556 0.008313 0.052722
1 0.699352 0.536769 0.011026 0.062315
1 0.518453 0.404602 0.011875 0.052426
1 0.532669 0.411421 0.011120 0.050380
1 0.493122 0.387699 0.011464 0.048509
1 0.476888 0.383713 0.009599 0.050074
1 0.509323 0.406861 0.010604 0.051426
1 0.505646 0.410120 0.011281 0.054148
1 0.506456 0.397171 0.011943 0.054361
1 0.525589 0.398116 0.007958 0.041935
1 0.629846 0.477097 0.013984 0.059787
1 0.523112 0.602236 0.020422 0.072046
0 0.599693 0.666546 0.006552 0.010833
1 0.706008 0.539495 0.012214 0.064194
1 0.566159 0.431468 0.015745 0.055731
1 0.209258 0.629639 0.012401 0.074130
1 0.646315 0.491083 0.013651 0.058796
1 0.524706 0.446306 0.012911 0.056556
1 0.567167 0.644051 0.013250 0.077565
1 0.754516 0.411319 0.010500 0.054843
1 0.473773 0.498722 0.009661 0.061667
1 0.576135 0.443671 0.011708 0.058898
