1 0.537060 0.414657 0.011266 0.050778
1 0.513469 0.407542 0.009417 0.045472
1 0.704729 0.541856 0.011365 0.061639
1 0.530240 0.403208 0.008635 0.046843
1 0.710320 0.542671 0.013953 0.063824
1 0.524057 0.405819 0.011104 0.050769
1 0.513664 0.395662 0.011453 0.043806
1 0.513135 0.414903 0.010812 0.047398
1 0.497224 0.388028 0.015917 0.048907
0 0.604875 0.669593 0.006271 0.010593
1 0.586388 0.446333 0.011328 0.056148
1 0.431362 0.421606 0.010422 0.052213
1 0.573273 0.647023 0.016224 0.077491
1 0.487570 0.507282 0.009797 0.062528
1 0.481857 0.386106 0.009839 0.050250
1 0.430659 0.368491 0.010995 0.047111
1 0.701461 0.525676 0.014016 0.060000
1 0.554979 0.427361 0.014406 0.054444
1 0.542404 0.621417 0.017057 0.072815
1 0.192740 0.630125 0.014344 0.074361
1 0.539997 0.460903 0.012682 0.057954
1 0.755010 0.580449 0.013594 0.067343
1 0.759318 0.416097 0.015031 0.056046
