1 0.561237 0.436954 0.013797 0.050944
1 0.204979 0.299000 0.011146 0.036759
1 0.681599 0.296241 0.009406 0.041093
1 0.525417 0.384500 0.011448 0.043611
1 0.490417 0.388593 0.013344 0.047389
1 0.150628 0.515481 0.018391 0.062019
1 0.198253 0.417611 0.013828 0.054296
1 0.080766 0.704704 0.026417 0.078315
1 0.104617 0.780116 0.031161 0.070639
1 0.604065 0.318977 0.009099 0.043102
1 0.544552 0.575060 0.020052 0.057157
1 0.357799 0.270653 0.008349 0.037917
1 0.505534 0.436903 0.017245 0.042028
1 0.261378 0.209565 0.013932 0.031648
1 0.250979 0.338958 0.018208 0.037676
1 0.654919 0.243847 0.008432 0.032361
1 0.448823 0.200653 0.010729 0.028898
1 0.179974 0.493602 0.026031 0.056000
1 0.458422 0.625722 0.021167 0.065315
1 0.873549 0.261366 0.012453 0.039250
1 0.877464 0.478491 0.020583 0.051019
1 0.373172 0.377769 0.014281 0.041204
0 0.498469 0.450708 0.004990 0.008491
0 0.246268 0.172657 0.005943 0.010093
