1 0.665385 0.504106 0.011531 0.056028
1 0.412721 0.480301 0.010661 0.047491
1 0.400724 0.442782 0.011354 0.048435
1 0.383484 0.458764 0.012979 0.061250
1 0.386359 0.461648 0.011104 0.055630
1 0.440833 0.518014 0.014240 0.056528
1 0.548312 0.523458 0.011625 0.059028
1 0.458573 0.466685 0.010333 0.051463
1 0.317068 0.479616 0.011521 0.051120
1 0.430638 0.471968 0.010984 0.059102
1 0.409422 0.443606 0.007927 0.043972
1 0.587380 0.326630 0.007708 0.031556
1 0.475026 0.491394 0.010969 0.058972
1 0.372323 0.451264 0.010375 0.046824
1 0.475737 0.469972 0.012443 0.057833
1 0.356318 0.449296 0.010521 0.048519
1 0.437862 0.489435 0.013849 0.055278
1 0.600000 0.323537 0.008042 0.030463
1 0.423310 0.477468 0.010328 0.052583
