1 0.771846 0.606639 0.016078 0.072093
1 0.513013 0.431213 0.010630 0.056759
1 0.209456 0.605421 0.020474 0.070991
1 0.759057 0.586708 0.013677 0.071361
1 0.395779 0.429500 0.014036 0.054370
1 0.558010 0.425403 0.010271 0.057083
1 0.523456 0.403718 0.011068 0.053769
1 0.496023 0.404269 0.008057 0.052759
1 0.461018 0.371125 0.011161 0.052102
1 0.476310 0.404005 0.008922 0.055102
1 0.504740 0.405847 0.010104 0.052565
1 0.492266 0.382102 0.010250 0.047611
1 0.657076 0.547028 0.014016 0.062148
1 0.510182 0.384810 0.008469 0.043213
0 0.593479 0.643000 0.006312 0.010519
1 0.489180 0.405069 0.006328 0.054769
1 0.577701 0.615019 0.019651 0.078074
1 0.776979 0.391847 0.014094 0.046917
1 0.714310 0.543162 0.014807 0.065750
1 0.585138 0.444935 0.012943 0.060204
1 0.670034 0.551653 0.012880 0.066843
1 0.502833 0.389491 0.009229 0.051574
