1 0.440406 0.140208 0.008469 0.037250
1 0.953703 0.235880 0.016656 0.061130
1 0.151695 0.289856 0.015714 0.062306
1 0.842049 0.339449 0.012672 0.063769
1 0.469365 0.421907 0.019583 0.069259
1 0.523547 0.276796 0.017250 0.054519
1 0.149284 0.525130 0.021953 0.080722
1 0.170786 0.275991 0.012542 0.059481
1 0.491560 0.171514 0.012547 0.043898
1 0.431451 0.380634 0.013193 0.067583
1 0.137534 0.474931 0.019589 0.079602
1 0.412237 0.255560 0.012505 0.055676
1 0.307982 0.165306 0.009370 0.039222
1 0.480969 0.247171 0.016885 0.054269
1 0.523089 0.171255 0.013375 0.043750
1 0.611622 0.338958 0.014922 0.064046
1 0.574773 0.826273 0.020839 0.112028
1 0.612010 0.167764 0.010875 0.048028
1 0.267875 0.174032 0.009115 0.043417
1 0.148448 0.246856 0.017802 0.049287
1 0.705763 0.133542 0.007349 0.040694
1 0.464602 0.120815 0.011203 0.037204
1 0.163135 0.135444 0.010958 0.039667
0 0.471232 0.146616 0.005036 0.008583
