1 0.036904 0.226843 0.010453 0.037148
1 0.104661 0.716671 0.015865 0.074565
1 0.349318 0.208880 0.007844 0.036704
1 0.334602 0.244972 0.009911 0.041333
1 0.513674 0.525889 0.010651 0.061574
0 0.884841 0.543509 0.005880 0.010241
1 0.224466 0.303875 0.009828 0.045102
1 0.602935 0.218954 0.009182 0.038204
1 0.059625 0.424875 0.011406 0.052380
1 0.829909 0.764287 0.023318 0.089259
1 0.814122 0.411431 0.013932 0.053750
1 0.903992 0.434296 0.021911 0.060259
1 0.451755 0.433213 0.020042 0.059907
1 0.175297 0.489792 0.024823 0.061898
1 0.122130 0.732991 0.018229 0.077667
1 0.597927 0.320685 0.012562 0.051630
1 0.029852 0.417014 0.013432 0.054991
1 0.541906 0.319426 0.010156 0.043241
1 0.675034 0.272023 0.008339 0.046176
1 0.804250 0.291213 0.013344 0.050685
1 0.113990 0.247046 0.010594 0.040481
1 0.360299 0.382111 0.011849 0.053611
1 0.082977 0.294606 0.009745 0.041861
1 0.272909 0.347292 0.011620 0.051176
