0 0.192945 0.563843 0.005776 0.010278
1 0.781914 0.503491 0.017974 0.078037
1 0.864729 0.663894 0.019021 0.083120
1 0.279297 0.859884 0.020990 0.108361
1 0.399107 0.283634 0.017130 0.051620
1 0.503672 0.202819 0.012187 0.045565
1 0.467760 0.544403 0.015344 0.068435
1 0.454089 0.363894 0.025281 0.058435
1 0.176284 0.418199 0.017224 0.060731
1 0.357263 0.497796 0.014745 0.065278
1 0.033753 0.297218 0.012557 0.056954
1 0.152195 0.195056 0.010870 0.049889
1 0.896281 0.219171 0.013104 0.052176
1 0.535552 0.494088 0.014948 0.070287
1 0.342052 0.221116 0.009792 0.050972
1 0.415083 0.259843 0.010833 0.048500
1 0.185214 0.524389 0.020875 0.081056
1 0.422487 0.284528 0.011651 0.054463
1 0.409206 0.114588 0.008891 0.045046
1 0.557109 0.277000 0.013854 0.053722
1 0.563695 0.288898 0.011057 0.058352
1 0.088596 0.131852 0.014401 0.041574
1 0.266914 0.399454 0.017651 0.065704
1 0.639638 0.376551 0.013505 0.059269
