1 0.372667 0.517551 0.007938 0.055306
1 0.386299 0.495954 0.007891 0.048130
1 0.417904 0.502981 0.010453 0.060926
1 0.274260 0.502444 0.009365 0.056537
1 0.277242 0.493593 0.007880 0.046500
1 0.359438 0.476880 0.012167 0.051204
1 0.407305 0.499241 0.008109 0.049759
1 0.366737 0.515824 0.010547 0.049759
1 0.608419 0.359366 0.011078 0.041269
1 0.492870 0.519037 0.009771 0.057481
1 0.462299 0.541111 0.008974 0.058111
1 0.678805 0.537931 0.007411 0.056083
1 0.469885 0.508032 0.010833 0.054120
1 0.554651 0.532380 0.011844 0.054648
1 0.433159 0.516583 0.009714 0.056111
1 0.391893 0.486579 0.007651 0.044861
1 0.424784 0.525000 0.013786 0.059870
1 0.425089 0.475972 0.011250 0.045870
1 0.502336 0.530250 0.009547 0.056870
1 0.396174 0.514718 0.010474 0.052917
