1 0.555669 0.428162 0.012516 0.055806
1 0.480966 0.385755 0.009953 0.050528
0 0.603690 0.669148 0.006089 0.010556
1 0.495552 0.388208 0.015573 0.049139
1 0.710208 0.542653 0.011781 0.064139
1 0.704073 0.540875 0.012063 0.060583
1 0.512536 0.396537 0.011615 0.047981
1 0.585570 0.446097 0.011661 0.056657
1 0.692187 0.518866 0.016104 0.059861
1 0.192849 0.630431 0.014437 0.074139
1 0.753378 0.579731 0.013422 0.067019
1 0.537362 0.459477 0.011714 0.057806
1 0.429263 0.367889 0.009964 0.046889
1 0.535922 0.414144 0.010875 0.051843
1 0.572156 0.646421 0.015531 0.077583
1 0.541521 0.621389 0.017219 0.072722
1 0.758630 0.415810 0.014396 0.055361
1 0.527760 0.404106 0.007396 0.048083
1 0.483815 0.504375 0.012443 0.061972
1 0.513646 0.405611 0.009167 0.040444
1 0.512318 0.414565 0.010677 0.048759
1 0.430208 0.421426 0.009469 0.051944
1 0.524005 0.405694 0.009073 0.047500
