1 0.568781 0.436773 0.010406 0.050750
1 0.310440 0.502718 0.011766 0.058009
1 0.318818 0.422519 0.012437 0.044981
1 0.893802 0.614472 0.014667 0.062111
1 0.877477 0.546343 0.018047 0.060556
1 0.910805 0.502972 0.014964 0.054222
1 0.273581 0.374347 0.010630 0.032287
1 0.326096 0.358815 0.010828 0.029463
1 0.463044 0.266231 0.008807 0.024519
1 0.313273 0.354157 0.007036 0.039444
1 0.387057 0.580514 0.013344 0.062583
1 0.347182 0.302653 0.008469 0.031324
1 0.291740 0.377986 0.011542 0.028528
1 0.298956 0.376282 0.010370 0.032528
1 0.443237 0.355014 0.007036 0.038269
1 0.272102 0.474352 0.014349 0.048370
1 0.455513 0.355028 0.010745 0.038963
1 0.326068 0.385764 0.008708 0.040639
1 0.457875 0.424611 0.013156 0.043907
1 0.389656 0.482097 0.010198 0.050639
1 0.183185 0.454940 0.010026 0.052824
1 0.291964 0.430588 0.009750 0.048250
1 0.129211 0.490583 0.013245 0.055241
