1 0.221180 0.279644 0.015880 0.031454
1 0.248411 0.225426 0.011823 0.037741
1 0.553060 0.270912 0.012932 0.043454
1 0.307503 0.145398 0.007109 0.028278
1 0.349185 0.354454 0.011026 0.051481
1 0.567549 0.574444 0.018589 0.060167
1 0.041346 0.499236 0.019505 0.066528
1 0.072299 0.562532 0.027891 0.069602
1 0.710979 0.190833 0.007219 0.040759
1 0.113784 0.180588 0.015380 0.034380
1 0.475742 0.331398 0.016526 0.046056
1 0.591490 0.532630 0.023448 0.057500
1 0.592203 0.373838 0.021333 0.049713
1 0.934055 0.483167 0.015589 0.047741
1 0.075156 0.144662 0.009312 0.024120
0 0.520576 0.414444 0.005286 0.008167
1 0.088302 0.256838 0.019240 0.037231
1 0.590448 0.227310 0.009302 0.037880
1 0.176148 0.509157 0.023589 0.056593
1 0.534935 0.173912 0.007224 0.031269
1 0.012755 0.787875 0.025510 0.092935
1 0.534120 0.393097 0.017615 0.047287
1 0.052466 0.883069 0.029245 0.093028
1 0.812180 0.384468 0.012932 0.052065
1 0.249445 0.332222 0.012891 0.050111
