1 0.630404 0.324065 0.017068 0.056056
1 0.171599 0.476269 0.024500 0.077741
1 0.650674 0.810083 0.030453 0.104259
1 0.831208 0.312454 0.020615 0.053833
1 0.608276 0.251227 0.013687 0.058898
1 0.438932 0.378556 0.013875 0.066185
1 0.541570 0.152009 0.012141 0.043481
1 0.388698 0.150259 0.010313 0.039889
1 0.633130 0.167833 0.013323 0.041593
1 0.560471 0.145750 0.011286 0.042148
1 0.498419 0.241838 0.013286 0.049620
1 0.410893 0.248741 0.009453 0.053000
1 0.206495 0.510685 0.013365 0.071352
1 0.772823 0.134514 0.012833 0.038472
1 0.170133 0.247139 0.010214 0.048148
1 0.369102 0.165181 0.011276 0.039806
1 0.454779 0.398810 0.013099 0.064583
1 0.180568 0.297106 0.014510 0.058398
1 0.994456 0.242838 0.010672 0.055917
1 0.177313 0.263519 0.010490 0.050185
1 0.179440 0.147741 0.011203 0.046611
1 0.479107 0.155463 0.008464 0.040222
1 0.471560 0.163981 0.008870 0.043630
