1 0.661544 0.536782 0.015380 0.068157
1 0.530539 0.408912 0.011318 0.050972
0 0.598391 0.659875 0.006344 0.010657
1 0.703497 0.532690 0.010505 0.066083
1 0.695383 0.531764 0.012255 0.056472
1 0.599594 0.564250 0.020073 0.066759
1 0.564839 0.445005 0.010833 0.057843
1 0.507576 0.404208 0.010964 0.051028
1 0.520951 0.413037 0.011411 0.050963
1 0.468880 0.394398 0.011792 0.055778
1 0.467315 0.376278 0.009984 0.046704
1 0.206612 0.622690 0.016505 0.071750
1 0.786591 0.410718 0.012391 0.056009
1 0.546250 0.430199 0.011073 0.058769
1 0.480643 0.419736 0.010943 0.053472
1 0.490096 0.392056 0.011599 0.050741
1 0.534906 0.445838 0.010958 0.057398
1 0.582964 0.631431 0.019583 0.077565
1 0.384359 0.430838 0.008667 0.052713
1 0.498607 0.410991 0.010995 0.052870
1 0.442870 0.370685 0.010354 0.049852
1 0.478589 0.384167 0.010250 0.047815
1 0.694932 0.536856 0.014333 0.060917
