1 0.662870 0.511347 0.011969 0.066769
1 0.771857 0.378528 0.008672 0.040704
1 0.263102 0.529120 0.011484 0.056481
1 0.531164 0.494792 0.014276 0.049324
1 0.607549 0.471060 0.012078 0.047565
1 0.653323 0.542880 0.015740 0.054852
1 0.412766 0.529269 0.014188 0.051611
1 0.480565 0.581273 0.011516 0.059139
1 0.453333 0.412579 0.009198 0.037306
1 0.588529 0.545926 0.011766 0.056074
1 0.144268 0.672542 0.011547 0.068398
1 0.558115 0.510264 0.011615 0.046139
1 0.547690 0.501227 0.011349 0.050694
1 0.493974 0.477963 0.010625 0.050148
1 0.579937 0.499611 0.010125 0.053148
1 0.624794 0.510977 0.011370 0.050380
1 0.604060 0.540157 0.010109 0.049556
1 0.417008 0.491903 0.007953 0.047639
1 0.670667 0.521120 0.010604 0.051463
1 0.633026 0.526977 0.009156 0.044676
1 0.635016 0.568000 0.014073 0.052519
1 0.631792 0.590431 0.011469 0.056213
1 0.607810 0.497630 0.011703 0.052407
