0 0.487122 0.361676 0.005776 0.008556
1 0.691195 0.451991 0.008036 0.048630
1 0.242818 0.638884 0.014677 0.069287
1 0.518727 0.597282 0.012651 0.065602
1 0.489737 0.554569 0.012516 0.059472
1 0.441562 0.388407 0.009552 0.041259
1 0.673701 0.491162 0.012839 0.050954
1 0.523995 0.532889 0.012094 0.058130
1 0.455094 0.469523 0.009563 0.049509
1 0.353484 0.448208 0.009615 0.052139
1 0.595917 0.422014 0.009000 0.049435
1 0.413424 0.368639 0.009734 0.037926
1 0.417326 0.446394 0.008422 0.050231
1 0.721919 0.471236 0.009339 0.053102
1 0.711016 0.475019 0.010885 0.050519
1 0.488432 0.351065 0.007458 0.027426
1 0.657052 0.502690 0.008875 0.057361
1 0.620693 0.505366 0.010208 0.059231
1 0.630747 0.507667 0.012734 0.064981
1 0.649120 0.508106 0.011521 0.055898
1 0.647086 0.488986 0.009547 0.053472
