1 0.349372 0.592898 0.021474 0.055370
1 0.695893 0.488986 0.016818 0.045269
1 0.572831 0.564861 0.017724 0.045963
1 0.579609 0.479454 0.015823 0.040574
1 0.268596 0.557727 0.024714 0.042824
1 0.445789 0.513810 0.015276 0.044491
1 0.314125 0.500278 0.014719 0.043019
1 0.483904 0.603097 0.014005 0.049491
1 0.152768 0.673880 0.016078 0.056759
1 0.863677 0.495282 0.017958 0.043565
1 0.425513 0.439190 0.012818 0.031991
1 0.846328 0.462023 0.010823 0.039139
1 0.378635 0.559093 0.019240 0.049852
1 0.516896 0.535079 0.016542 0.045083
1 0.397419 0.458565 0.012609 0.031704
1 0.465818 0.357005 0.011031 0.032454
1 0.609242 0.375565 0.007932 0.028815
1 0.909935 0.682981 0.019505 0.058000
1 0.417052 0.390981 0.011115 0.027315
1 0.234466 0.384282 0.009516 0.028954
1 0.525279 0.403148 0.015536 0.033815
1 0.374651 0.446806 0.011885 0.033759
0 0.339625 0.609931 0.004896 0.008824
1 0.516008 0.289657 0.007859 0.032630
