1 0.285641 0.324157 0.009948 0.043963
1 0.951654 0.364907 0.010693 0.045574
1 0.445693 0.667454 0.012854 0.073593
1 0.690477 0.313856 0.009932 0.039750
1 0.515669 0.476167 0.012464 0.057852
1 0.477568 0.472014 0.017698 0.054898
1 0.513214 0.332856 0.010823 0.043602
1 0.918865 0.685917 0.017188 0.073852
1 0.920086 0.347884 0.011755 0.047139
1 0.739849 0.474486 0.009646 0.058824
0 0.137797 0.513431 0.005010 0.009472
1 0.497677 0.354972 0.017125 0.040407
1 0.607917 0.331176 0.009437 0.042667
1 0.301023 0.587602 0.016411 0.061074
1 0.946802 0.739875 0.022021 0.077176
1 0.260211 0.597116 0.019568 0.062157
1 0.540997 0.646519 0.014026 0.072870
1 0.460589 0.663653 0.016417 0.070417
1 0.572201 0.621329 0.013609 0.066750
1 0.575135 0.467231 0.010531 0.057556
1 0.163797 0.497352 0.017750 0.054426
1 0.768870 0.543898 0.011740 0.065944
