1 0.393193 0.435792 0.013000 0.047509
1 0.338849 0.651505 0.022646 0.082509
1 0.295495 0.403292 0.011875 0.055306
1 0.658948 0.482199 0.012510 0.070176
1 0.644935 0.591764 0.014734 0.074454
1 0.573732 0.437495 0.012203 0.059324
1 0.611245 0.523125 0.020177 0.066583
1 0.505341 0.443278 0.008974 0.062444
1 0.635690 0.465014 0.011443 0.059676
1 0.531792 0.380106 0.010531 0.055454
1 0.805690 0.644074 0.019464 0.076870
1 0.618680 0.476773 0.014318 0.060583
1 0.627422 0.589662 0.015896 0.082065
1 0.582612 0.414338 0.015974 0.061898
1 0.463260 0.477616 0.012469 0.064972
1 0.767651 0.576079 0.014740 0.072435
1 0.216396 0.493264 0.014188 0.064676
1 0.764682 0.384287 0.010490 0.058333
1 0.531120 0.349634 0.011010 0.027213
1 0.616820 0.591880 0.018057 0.086426
1 0.402573 0.433819 0.011740 0.048361
1 0.416823 0.481069 0.012177 0.065620
