1 0.633841 0.198444 0.010214 0.053648
1 0.402242 0.360458 0.014089 0.062991
1 0.929539 0.327704 0.024193 0.065148
1 0.313146 0.302301 0.020927 0.062620
1 0.572167 0.386583 0.017552 0.068537
1 0.877622 0.718755 0.022995 0.085972
1 0.316586 0.450921 0.022693 0.072231
1 0.229914 0.414093 0.023599 0.072759
1 0.633294 0.390824 0.015141 0.073944
1 0.333451 0.788769 0.039516 0.083463
1 0.478896 0.135671 0.012490 0.046269
1 0.477021 0.659722 0.021167 0.092722
1 0.101974 0.664898 0.028219 0.081278
1 0.320391 0.867917 0.050677 0.091204
1 0.100448 0.653606 0.035563 0.083343
1 0.376099 0.647398 0.033646 0.084426
1 0.419815 0.331046 0.014682 0.063463
1 0.479753 0.060949 0.011391 0.036528
1 0.396143 0.212657 0.011182 0.046537
1 0.390802 0.223745 0.011177 0.056287
1 0.745992 0.132218 0.008620 0.044546
1 0.700578 0.583338 0.019552 0.085731
0 0.325349 0.890963 0.006438 0.013296
