1 0.611536 0.660704 0.014781 0.071500
1 0.400440 0.475366 0.013630 0.056380
1 0.445042 0.181051 0.007187 0.025602
1 0.071219 0.309921 0.008302 0.038435
1 0.468378 0.320296 0.009922 0.038870
1 0.459352 0.325653 0.013047 0.039713
1 0.615299 0.499204 0.012161 0.059852
1 0.691286 0.283352 0.008292 0.036370
1 0.506417 0.380995 0.009969 0.044824
1 0.607273 0.467491 0.009693 0.055963
1 0.520953 0.450282 0.011302 0.054972
1 0.793240 0.431620 0.009250 0.056852
1 0.327289 0.362213 0.012422 0.043204
1 0.949945 0.916690 0.028911 0.075398
1 0.848565 0.572292 0.017057 0.070694
1 0.533581 0.393315 0.009182 0.047815
1 0.855089 0.477245 0.013219 0.057509
1 0.114258 0.501546 0.013766 0.060056
1 0.214990 0.556361 0.015865 0.063444
1 0.759099 0.413181 0.011302 0.052009
1 0.305391 0.438671 0.015719 0.054009
1 0.505286 0.632074 0.014229 0.070981
1 0.096411 0.639046 0.017573 0.063167
1 0.334547 0.559921 0.018385 0.060472
