1 0.552414 0.364319 0.011495 0.053657
1 0.785492 0.564046 0.019307 0.073852
1 0.605792 0.467690 0.016250 0.066250
1 0.580870 0.341185 0.012927 0.052963
1 0.392909 0.630023 0.014495 0.079046
1 0.808695 0.362407 0.013057 0.056407
1 0.641432 0.477537 0.015167 0.056037
1 0.137659 0.517528 0.018547 0.045315
1 0.639065 0.436639 0.012484 0.043389
1 0.341781 0.526769 0.019219 0.072019
1 0.636070 0.506023 0.012880 0.069602
1 0.322357 0.409519 0.013380 0.058630
1 0.546685 0.584301 0.014984 0.076954
1 0.412776 0.420926 0.012604 0.042611
1 0.826375 0.634523 0.020302 0.078935
1 0.509034 0.455426 0.012828 0.065796
1 0.546417 0.485532 0.013979 0.069731
1 0.605833 0.406162 0.011875 0.063139
1 0.551500 0.610306 0.018635 0.077722
1 0.664865 0.576264 0.014781 0.074602
1 0.420214 0.408838 0.013969 0.059213
1 0.455737 0.499324 0.011786 0.066019
