1 0.549891 0.430912 0.015510 0.057935
1 0.772232 0.617829 0.016547 0.073065
1 0.797010 0.407884 0.016542 0.055731
1 0.565839 0.445782 0.013583 0.056824
1 0.207995 0.619731 0.012063 0.074519
1 0.451596 0.373884 0.010089 0.048917
1 0.580727 0.627000 0.019609 0.078407
1 0.372497 0.435690 0.011432 0.054250
1 0.752964 0.591083 0.017448 0.072111
1 0.731417 0.546907 0.010979 0.067481
1 0.486945 0.428944 0.012807 0.059204
1 0.526302 0.414565 0.012562 0.056093
1 0.476201 0.377380 0.010370 0.049593
1 0.508398 0.428764 0.011391 0.056102
1 0.535633 0.419685 0.010057 0.052611
1 0.704945 0.546991 0.014193 0.065037
1 0.498880 0.393676 0.010104 0.050574
1 0.484260 0.389102 0.010677 0.046148
0 0.596484 0.655380 0.006302 0.011463
1 0.510565 0.404324 0.012745 0.056852
1 0.700057 0.542079 0.012177 0.058898
1 0.491385 0.397245 0.008740 0.041120
