1 0.470667 0.207306 0.007865 0.057741
1 0.153964 0.188736 0.012302 0.045380
1 0.313919 0.205745 0.014776 0.061213
1 0.236089 0.192440 0.015292 0.061380
1 0.351086 0.170949 0.008922 0.054861
1 0.849555 0.831083 0.026693 0.113204
1 0.276117 0.228278 0.015599 0.061074
1 0.221516 0.215245 0.015760 0.059657
1 0.044078 0.203671 0.011083 0.057065
1 0.205516 0.207421 0.014250 0.062213
1 0.379440 0.027551 0.010984 0.039972
1 0.404706 0.023509 0.008380 0.036759
1 0.204112 0.162069 0.012641 0.041917
1 0.192143 0.189259 0.013161 0.068093
1 0.153828 0.192241 0.014000 0.055148
1 0.222057 0.175542 0.015656 0.048806
1 0.193591 0.180972 0.010526 0.051352
1 0.176352 0.183162 0.011870 0.045380
1 0.221138 0.181769 0.012318 0.048963
