1 0.871237 0.897856 0.032047 0.081065
1 0.605734 0.513204 0.018250 0.069426
1 0.200279 0.407079 0.017755 0.057972
1 0.420635 0.361421 0.012021 0.055139
1 0.733076 0.653810 0.017974 0.078009
1 0.091018 0.466940 0.019255 0.059435
1 0.816971 0.251477 0.011234 0.043954
1 0.448180 0.224519 0.009891 0.047907
1 0.188271 0.194889 0.010792 0.040889
1 0.696687 0.238935 0.009948 0.048722
1 0.347086 0.530866 0.019901 0.070269
1 0.066211 0.471542 0.015620 0.063917
1 0.323958 0.566468 0.015458 0.072787
1 0.551849 0.413764 0.012656 0.057491
1 0.278831 0.283347 0.020318 0.049398
1 0.933180 0.486486 0.022130 0.070509
1 0.150328 0.332620 0.013990 0.054944
1 0.444323 0.667431 0.020135 0.073083
1 0.486411 0.252528 0.006479 0.045333
1 0.911549 0.875602 0.028859 0.084204
1 0.475958 0.345384 0.021000 0.067898
1 0.523305 0.076130 0.008578 0.026889
1 0.478039 0.359352 0.013307 0.047278
