0 0.630117 0.415597 0.004818 0.010269
1 0.453193 0.391815 0.009729 0.042667
1 0.232958 0.613847 0.013271 0.066657
1 0.455487 0.462014 0.008411 0.045306
1 0.606667 0.508718 0.012990 0.054787
1 0.530552 0.525264 0.010875 0.056324
1 0.601112 0.432972 0.011568 0.048907
1 0.474565 0.543944 0.011432 0.058852
1 0.360599 0.463264 0.011396 0.053417
1 0.545245 0.558111 0.010792 0.061222
1 0.417135 0.447093 0.007740 0.049963
1 0.419286 0.381833 0.006719 0.041463
1 0.723393 0.471269 0.010474 0.052963
1 0.710258 0.472472 0.011474 0.053056
1 0.495401 0.338537 0.008021 0.035759
1 0.648612 0.505583 0.012484 0.058667
1 0.701070 0.453593 0.014880 0.049444
1 0.635049 0.504556 0.012807 0.056833
1 0.677591 0.497991 0.013516 0.056148
1 0.643060 0.511736 0.010203 0.054602
0 0.487951 0.362486 0.004339 0.007528
1 0.679443 0.477343 0.010740 0.040704
1 0.638305 0.504620 0.009630 0.054778
