1 0.666313 0.447574 0.014969 0.045667
1 0.275716 0.470875 0.010339 0.044454
1 0.458836 0.506106 0.016078 0.044194
1 0.448180 0.543699 0.010620 0.054528
1 0.152354 0.533500 0.012688 0.051056
1 0.322268 0.471440 0.008630 0.048528
1 0.396885 0.323736 0.006906 0.026972
1 0.335891 0.507157 0.011010 0.051463
1 0.872617 0.629199 0.018411 0.067528
1 0.410607 0.434806 0.010036 0.040815
1 0.397451 0.405606 0.008245 0.034843
1 0.475237 0.473440 0.009391 0.044120
1 0.357971 0.425255 0.010307 0.042269
1 0.416521 0.365074 0.006948 0.033352
1 0.578375 0.342843 0.007958 0.031630
1 0.555716 0.428880 0.009203 0.040889
1 0.894003 0.501819 0.011995 0.051954
1 0.365086 0.375088 0.009651 0.036972
1 0.429669 0.309769 0.009786 0.028426
1 0.305953 0.333537 0.007125 0.031389
1 0.895328 0.467657 0.012323 0.044278
1 0.510057 0.359995 0.006187 0.035046
0 0.409854 0.307894 0.003479 0.006472
