1 0.593323 0.526523 0.004052 0.041769
1 0.181016 0.644532 0.015917 0.067176
1 0.442792 0.495278 0.014531 0.046389
1 0.296773 0.498995 0.010464 0.055102
1 0.425466 0.477319 0.008547 0.045139
1 0.442466 0.542097 0.010526 0.053343
1 0.666977 0.523222 0.012161 0.053074
1 0.687995 0.498856 0.010271 0.053806
1 0.459344 0.365167 0.007875 0.033926
1 0.645159 0.500301 0.009620 0.051639
1 0.624440 0.493083 0.009422 0.052148
1 0.695833 0.498269 0.008260 0.055185
1 0.606706 0.531222 0.010547 0.057074
1 0.597781 0.544333 0.012792 0.051056
1 0.665901 0.479662 0.013781 0.047398
1 0.634299 0.491556 0.012443 0.052278
0 0.446169 0.390333 0.003339 0.006093
1 0.588607 0.525264 0.007078 0.045620
1 0.596901 0.535597 0.007448 0.061194
1 0.584966 0.542157 0.018161 0.048019
