1 0.169232 0.265861 0.011297 0.056704
1 0.507786 0.156560 0.012198 0.040824
1 0.362141 0.152028 0.010385 0.038907
1 0.484820 0.152106 0.012495 0.057787
1 0.159279 0.289435 0.015432 0.058352
0 0.524922 0.151806 0.003281 0.006019
1 0.585990 0.335222 0.019250 0.059741
1 0.557349 0.255417 0.022292 0.053481
1 0.170607 0.500958 0.014922 0.075991
1 0.434914 0.382005 0.015422 0.071231
1 0.518013 0.133500 0.016214 0.041574
1 0.982594 0.243019 0.008969 0.061259
1 0.439063 0.405889 0.014938 0.068185
1 0.739286 0.129463 0.012948 0.040537
1 0.340948 0.158565 0.015323 0.038759
1 0.145815 0.469588 0.014880 0.080769
1 0.608820 0.807694 0.027505 0.103574
1 0.456487 0.247708 0.016411 0.047472
1 0.618635 0.159000 0.012104 0.040056
1 0.829055 0.320083 0.014964 0.064889
1 0.145911 0.241671 0.012323 0.049824
1 0.400815 0.249181 0.012776 0.054194
1 0.166477 0.142880 0.011245 0.041574
