1 0.590940 0.531921 0.017401 0.064750
1 0.665125 0.479472 0.012667 0.047204
1 0.604154 0.543028 0.012568 0.052000
1 0.634987 0.491523 0.012266 0.051065
1 0.603328 0.531370 0.014073 0.070593
0 0.445953 0.391037 0.003385 0.006148
1 0.695393 0.498958 0.008380 0.053509
1 0.594878 0.529440 0.012516 0.051361
1 0.591987 0.543991 0.014443 0.039370
1 0.625833 0.493111 0.010167 0.051278
1 0.445219 0.494884 0.012740 0.048157
1 0.458672 0.365671 0.007719 0.032583
1 0.687279 0.499519 0.010224 0.054185
1 0.666531 0.523542 0.012062 0.052694
1 0.297891 0.500468 0.010490 0.055157
1 0.425982 0.477069 0.008651 0.045991
1 0.443620 0.542125 0.010396 0.053287
1 0.180581 0.644926 0.015922 0.067130
1 0.644797 0.500495 0.009708 0.052917
