1 0.550617 0.713370 0.020839 0.078870
1 0.053331 0.501514 0.018391 0.056343
1 0.580568 0.545718 0.011313 0.068620
1 0.937862 0.661222 0.018786 0.074926
1 0.672776 0.265690 0.007958 0.033231
1 0.142984 0.565176 0.013729 0.061185
1 0.066292 0.299523 0.009500 0.038157
1 0.729526 0.416208 0.017958 0.052454
1 0.052440 0.617296 0.021036 0.061963
1 0.269734 0.575444 0.021750 0.062574
0 0.661625 0.214625 0.005208 0.010009
1 0.414062 0.167185 0.005531 0.021519
1 0.475495 0.403176 0.008698 0.043648
1 0.747958 0.426380 0.021719 0.024463
1 0.460107 0.634028 0.015172 0.066463
1 0.444120 0.442708 0.019875 0.051083
1 0.350656 0.516583 0.014646 0.058981
1 0.266747 0.374681 0.017734 0.044472
1 0.217076 0.455384 0.016870 0.051935
1 0.796240 0.482926 0.014667 0.056130
1 0.583828 0.499407 0.014698 0.053815
1 0.425385 0.278065 0.007208 0.035926
1 0.414859 0.286796 0.016552 0.033519
1 0.475552 0.420051 0.015698 0.045917
