1 0.514786 0.395259 0.011365 0.040778
1 0.517836 0.412042 0.007453 0.051657
1 0.512995 0.417537 0.008698 0.047296
1 0.588534 0.447528 0.012214 0.054870
1 0.532630 0.405481 0.008458 0.045963
1 0.526534 0.407824 0.011224 0.048870
1 0.705612 0.541306 0.011359 0.061426
1 0.539737 0.413718 0.012328 0.054139
1 0.712466 0.543185 0.011786 0.064648
0 0.605716 0.670148 0.006068 0.009463
1 0.492706 0.510162 0.009911 0.060269
1 0.433445 0.370671 0.012526 0.043287
1 0.763831 0.591880 0.011589 0.069019
1 0.483276 0.386083 0.009865 0.048778
1 0.764318 0.416088 0.010969 0.056306
1 0.193872 0.630606 0.015099 0.074324
1 0.429495 0.421148 0.010677 0.051537
1 0.499664 0.389074 0.015245 0.047630
1 0.729271 0.546917 0.015646 0.067907
1 0.571867 0.648634 0.019068 0.077583
1 0.543409 0.621935 0.016620 0.073241
1 0.559057 0.427856 0.013917 0.054398
1 0.548000 0.466620 0.012552 0.058167
