1 0.516083 0.401819 0.011125 0.051454
1 0.430375 0.365097 0.008490 0.048102
1 0.476167 0.380898 0.009969 0.050444
1 0.391526 0.423250 0.009000 0.052889
1 0.750018 0.408306 0.017141 0.054593
1 0.572117 0.639681 0.017891 0.076417
1 0.210391 0.623560 0.013646 0.074806
1 0.576430 0.442579 0.012307 0.056880
1 0.612596 0.576884 0.017078 0.067343
1 0.604591 0.461005 0.013068 0.058917
1 0.531471 0.409949 0.012703 0.053787
1 0.464888 0.494597 0.010391 0.062750
1 0.549760 0.444194 0.010479 0.055981
1 0.556589 0.427616 0.010625 0.056565
1 0.506904 0.440389 0.012172 0.054019
1 0.705060 0.536907 0.011339 0.064093
1 0.504628 0.393130 0.010016 0.050222
0 0.599156 0.663963 0.005906 0.009463
1 0.698148 0.534782 0.010651 0.061417
1 0.493104 0.375917 0.010375 0.030259
1 0.496812 0.407000 0.008521 0.053685
1 0.491682 0.405944 0.012833 0.051444
1 0.534716 0.400449 0.007328 0.039694
