1 0.450674 0.374042 0.009193 0.050287
1 0.470198 0.375843 0.009771 0.049963
1 0.525049 0.413630 0.015224 0.050352
1 0.520042 0.434935 0.011344 0.057333
1 0.496865 0.394079 0.010167 0.050806
1 0.747513 0.608829 0.013120 0.068843
1 0.483714 0.426417 0.011958 0.055148
1 0.799607 0.409259 0.014630 0.054574
0 0.596833 0.656500 0.006396 0.010741
1 0.706341 0.542032 0.015349 0.065269
1 0.507906 0.408532 0.012604 0.064824
1 0.750198 0.579713 0.010500 0.049981
1 0.488099 0.402190 0.011865 0.057417
1 0.486206 0.384884 0.009734 0.042694
1 0.569417 0.446500 0.012458 0.056500
1 0.580862 0.627769 0.020089 0.078259
1 0.366391 0.436713 0.012104 0.056833
1 0.552570 0.431602 0.012432 0.057444
1 0.731721 0.548185 0.010578 0.067074
1 0.208227 0.619463 0.011995 0.071778
1 0.543677 0.417069 0.011198 0.053213
