1 0.243865 0.574338 0.019260 0.064417
1 0.954901 0.555255 0.021010 0.063972
1 0.738612 0.676181 0.018589 0.069380
1 0.914896 0.595977 0.025781 0.068472
1 0.376542 0.420912 0.018115 0.053806
1 0.502419 0.490269 0.016682 0.055759
0 0.711724 0.393269 0.005823 0.008667
1 0.507237 0.277444 0.011161 0.029407
1 0.591807 0.360444 0.012854 0.044111
1 0.108021 0.396847 0.009865 0.043046
1 0.581206 0.329690 0.016266 0.035324
1 0.598706 0.387782 0.014245 0.040287
1 0.479560 0.373597 0.012891 0.045639
1 0.488065 0.398870 0.018005 0.042185
1 0.304036 0.437241 0.016250 0.046407
1 0.760474 0.375495 0.010396 0.042194
1 0.893078 0.417255 0.020094 0.045843
1 0.360568 0.377560 0.014188 0.044639
1 0.642513 0.392602 0.019599 0.039907
1 0.472732 0.607759 0.017276 0.064074
1 0.650383 0.340662 0.014411 0.037639
1 0.435393 0.356671 0.014536 0.043713
1 0.238685 0.510102 0.010984 0.056815
1 0.552854 0.465500 0.020052 0.052185
