1 0.548641 0.492852 0.018844 0.025704
1 0.484560 0.323810 0.011776 0.038861
1 0.589534 0.429963 0.013651 0.043648
1 0.688518 0.503310 0.020359 0.053046
1 0.037138 0.464009 0.020630 0.051611
1 0.815099 0.624676 0.014573 0.067426
1 0.452951 0.350384 0.018141 0.041972
1 0.165615 0.346926 0.015437 0.041833
1 0.964250 0.793361 0.019792 0.080204
1 0.184172 0.392949 0.009729 0.044824
1 0.279198 0.336894 0.008354 0.040028
1 0.441320 0.424602 0.012182 0.048148
1 0.022289 0.459069 0.010880 0.053472
1 0.694331 0.327398 0.012599 0.035815
1 0.376003 0.433750 0.011245 0.047519
1 0.529914 0.351898 0.016359 0.038000
1 0.935680 0.680218 0.022526 0.064380
1 0.300659 0.370306 0.008161 0.039185
1 0.383049 0.398019 0.008120 0.044093
1 0.080523 0.532245 0.013891 0.058287
1 0.489380 0.327532 0.008854 0.036769
0 0.564367 0.514403 0.005526 0.009620
1 0.487029 0.327324 0.013536 0.037296
1 0.549865 0.514880 0.019542 0.045500
1 0.397844 0.632231 0.016698 0.066944
1 0.259974 0.625394 0.026146 0.064120
