1 0.351721 0.513806 0.011641 0.051426
1 0.409771 0.512926 0.012500 0.057870
1 0.421732 0.500597 0.009901 0.048269
1 0.443448 0.509296 0.012750 0.052815
1 0.395721 0.503245 0.009714 0.053713
1 0.476130 0.501278 0.009438 0.012963
1 0.468701 0.492634 0.009161 0.044528
1 0.388388 0.508412 0.009286 0.050731
1 0.412682 0.501829 0.008073 0.046176
1 0.619849 0.496477 0.008677 0.046120
0 0.611164 0.510227 0.003818 0.006787
1 0.523938 0.514273 0.014469 0.062157
1 0.490289 0.480083 0.005047 0.044056
1 0.485852 0.482167 0.004953 0.047852
1 0.481878 0.485231 0.005047 0.046389
1 0.665365 0.439194 0.008219 0.027333
1 0.339669 0.527815 0.012443 0.057000
1 0.656221 0.484884 0.008328 0.043028
1 0.537135 0.538287 0.010563 0.060630
1 0.761826 0.554236 0.011068 0.060898
1 0.781180 0.504051 0.006630 0.052639
1 0.302781 0.478023 0.010104 0.050102
1 0.433201 0.499231 0.010755 0.050333
