1 0.146891 0.702481 0.026552 0.084056
1 0.641474 0.406565 0.011854 0.058926
1 0.235667 0.547111 0.015719 0.075963
1 0.712372 0.604514 0.021422 0.079787
1 0.533789 0.310343 0.015130 0.046130
1 0.549357 0.635514 0.016745 0.081176
1 0.456516 0.422171 0.013333 0.059880
1 0.559570 0.433074 0.014120 0.061352
1 0.914768 0.473023 0.012693 0.066731
1 0.847352 0.468644 0.013484 0.072861
1 0.456005 0.520981 0.015500 0.068444
1 0.354411 0.387708 0.013573 0.060491
1 0.673706 0.414991 0.013901 0.065574
1 0.849193 0.385407 0.015063 0.061963
1 0.591539 0.323250 0.017318 0.041296
1 0.366661 0.320120 0.009042 0.053111
1 0.706586 0.266630 0.010693 0.039500
1 0.474995 0.345065 0.011073 0.049759
1 0.482943 0.338269 0.011781 0.050481
1 0.839203 0.371551 0.014198 0.056361
1 0.468734 0.148370 0.008844 0.028407
0 0.610023 0.335065 0.004641 0.009222
1 0.195294 0.466014 0.018568 0.062972
