1 0.573674 0.437255 0.012391 0.059343
1 0.452440 0.371662 0.011536 0.049898
1 0.555096 0.431125 0.011599 0.056898
1 0.729018 0.541824 0.012870 0.067333
1 0.579977 0.621597 0.019849 0.078602
1 0.767253 0.607574 0.013349 0.070426
1 0.380117 0.432375 0.009536 0.054731
1 0.522703 0.405829 0.010958 0.054509
1 0.207375 0.613046 0.011250 0.072648
1 0.778750 0.402773 0.015250 0.040620
1 0.745427 0.583648 0.010562 0.072852
1 0.483161 0.388148 0.011385 0.054093
0 0.595589 0.650083 0.005958 0.010204
1 0.495690 0.427079 0.013161 0.053954
1 0.507456 0.396287 0.009661 0.050519
1 0.673284 0.557444 0.015839 0.068352
1 0.503854 0.411046 0.009917 0.052778
1 0.486122 0.408144 0.011599 0.061120
1 0.497568 0.392370 0.012229 0.057815
1 0.497333 0.381838 0.012500 0.037213
