1 0.504245 0.770653 0.019292 0.080824
1 0.065422 0.460037 0.014531 0.055056
1 0.437094 0.519884 0.019229 0.057028
1 0.821802 0.661949 0.017281 0.067954
1 0.150854 0.356912 0.014948 0.049991
1 0.363008 0.555949 0.014849 0.067398
1 0.106615 0.561324 0.024115 0.061296
1 0.628451 0.532611 0.014797 0.070185
1 0.747323 0.603926 0.016615 0.066093
1 0.120299 0.451481 0.017974 0.060241
1 0.883437 0.316528 0.011729 0.042463
1 0.579648 0.402588 0.012495 0.055491
1 0.508964 0.274181 0.008937 0.042787
1 0.912292 0.504755 0.014625 0.061509
1 0.431576 0.782995 0.023807 0.077602
1 0.340182 0.288917 0.009792 0.042056
1 0.803766 0.287491 0.009656 0.045815
1 0.450904 0.311815 0.008901 0.044611
1 0.525859 0.359366 0.008240 0.047806
1 0.397820 0.423421 0.012172 0.053898
1 0.156964 0.293968 0.008917 0.041694
0 0.341250 0.434241 0.008583 0.014630
1 0.394031 0.391310 0.010156 0.044472
1 0.526211 0.143917 0.005943 0.022056
