1 0.504547 0.388375 0.012010 0.044509
1 0.077182 0.301352 0.011292 0.037444
1 0.450706 0.294606 0.008995 0.034157
1 0.597047 0.470454 0.011000 0.045722
1 0.516115 0.401597 0.009823 0.044713
1 0.681456 0.269921 0.009016 0.033954
1 0.771042 0.420912 0.013375 0.055028
1 0.306969 0.363833 0.010167 0.048500
1 0.088247 0.498671 0.021682 0.054824
1 0.838500 0.471694 0.015312 0.054037
1 0.498583 0.448903 0.011104 0.052046
1 0.382818 0.483722 0.012167 0.052037
1 0.737271 0.414083 0.012104 0.048852
1 0.194461 0.554343 0.018339 0.060963
1 0.488068 0.621431 0.013063 0.065824
1 0.083255 0.623523 0.019448 0.061713
1 0.599872 0.507148 0.011953 0.053593
1 0.309344 0.562852 0.010490 0.060426
1 0.277096 0.443833 0.013682 0.050944
1 0.877156 0.591963 0.022271 0.069148
1 0.433115 0.172921 0.006823 0.025861
1 0.437354 0.300537 0.011573 0.030722
1 0.590846 0.674065 0.026651 0.070519
