1 0.755557 0.420796 0.011604 0.055426
1 0.530211 0.316440 0.006349 0.031861
1 0.868182 0.322801 0.012063 0.033898
1 0.404495 0.276194 0.005583 0.016370
1 0.941036 0.512574 0.031802 0.081907
1 0.070323 0.353926 0.017521 0.054815
1 0.457836 0.591153 0.015193 0.091324
1 0.423396 0.494204 0.016740 0.072222
1 0.890862 0.445394 0.024547 0.059009
1 0.336872 0.404394 0.013672 0.047343
1 0.573240 0.384000 0.009646 0.043370
1 0.364646 0.401542 0.012812 0.053343
1 0.518523 0.437236 0.014224 0.059269
1 0.439891 0.444824 0.009656 0.058407
1 0.612049 0.371366 0.009901 0.044917
1 0.753091 0.364824 0.013089 0.041889
1 0.476878 0.347005 0.007495 0.035954
1 0.539724 0.382431 0.008490 0.041954
1 0.399945 0.335162 0.008172 0.037250
1 0.669622 0.332181 0.008297 0.032639
1 0.727089 0.426903 0.017313 0.049750
0 0.470357 0.574185 0.007391 0.013296
1 0.657833 0.340208 0.011396 0.035676
