1 0.620112 0.384273 0.013797 0.058750
1 0.122089 0.489611 0.020646 0.066222
1 0.597974 0.328329 0.014115 0.035343
1 0.581622 0.338065 0.013203 0.053222
1 0.875474 0.653028 0.019875 0.065148
1 0.493273 0.467532 0.011161 0.066102
1 0.309677 0.386144 0.014125 0.059250
1 0.644513 0.427162 0.009599 0.064435
1 0.503956 0.620986 0.014964 0.082269
1 0.827086 0.337171 0.013297 0.057046
1 0.579654 0.468551 0.012682 0.071731
1 0.206302 0.563833 0.012875 0.073907
1 0.336367 0.360222 0.010203 0.054667
1 0.357576 0.454435 0.013370 0.062074
1 0.696747 0.541593 0.017193 0.074796
1 0.420523 0.397171 0.012964 0.041250
0 0.505956 0.645551 0.008339 0.014824
1 0.705255 0.449222 0.011656 0.066000
1 0.302221 0.470713 0.023516 0.067759
1 0.662357 0.513810 0.016036 0.067917
1 0.545180 0.651250 0.019234 0.082704
1 0.629359 0.527685 0.021104 0.072611
1 0.773219 0.551093 0.013135 0.077333
