1 0.205911 0.395894 0.008500 0.028824
1 0.665583 0.597514 0.018094 0.064509
1 0.876536 0.483963 0.015260 0.060222
1 0.274870 0.552347 0.013375 0.065824
1 0.749505 0.599083 0.013969 0.072000
1 0.929047 0.481569 0.009260 0.059380
1 0.462768 0.444889 0.014870 0.052204
1 0.215224 0.436824 0.012302 0.043685
1 0.818201 0.363315 0.007526 0.046889
1 0.353167 0.442093 0.011812 0.051981
1 0.562742 0.376111 0.009318 0.042426
1 0.366065 0.356454 0.010505 0.037889
1 0.420745 0.359398 0.009771 0.038852
1 0.482060 0.314097 0.007276 0.037769
1 0.543602 0.397491 0.009672 0.046815
1 0.784617 0.348315 0.008214 0.042944
1 0.324034 0.374176 0.014672 0.036833
1 0.381104 0.325856 0.009229 0.037694
1 0.554714 0.339162 0.009437 0.041269
1 0.464411 0.405023 0.011573 0.042713
1 0.329089 0.367417 0.007865 0.040463
1 0.279719 0.383519 0.012031 0.031111
