1 0.212091 0.424176 0.016828 0.050037
1 0.579792 0.395005 0.008750 0.036009
0 0.246602 0.340153 0.005578 0.009194
1 0.355346 0.342542 0.007672 0.025491
1 0.514813 0.355245 0.007167 0.030324
1 0.272221 0.601694 0.034547 0.098389
1 0.105781 0.505384 0.022854 0.073139
1 0.881469 0.483491 0.016854 0.067444
1 0.394724 0.480731 0.017948 0.059537
1 0.979547 0.413315 0.014625 0.048926
1 0.205573 0.523472 0.019917 0.073278
1 0.675315 0.646130 0.020964 0.112278
1 0.794964 0.392898 0.015323 0.042815
1 0.490841 0.451926 0.013797 0.059685
1 0.668107 0.372106 0.013516 0.034139
1 0.649896 0.419347 0.015948 0.044843
1 0.571969 0.432032 0.010448 0.046991
1 0.530708 0.380843 0.009500 0.036111
1 0.778591 0.516917 0.023370 0.071037
1 0.337000 0.427120 0.010448 0.054056
1 0.761737 0.376097 0.008745 0.032861
1 0.600760 0.356194 0.006490 0.030519
1 0.413820 0.390940 0.006411 0.037361
1 0.342833 0.389644 0.012875 0.034083
