1 0.321638 0.487963 0.010036 0.044907
1 0.147440 0.556889 0.011193 0.049741
1 0.335242 0.519875 0.011307 0.053565
1 0.414716 0.444560 0.010214 0.041861
1 0.885531 0.466440 0.013365 0.042972
1 0.279073 0.481065 0.010677 0.045130
1 0.672409 0.460222 0.009839 0.050537
1 0.872521 0.637620 0.015531 0.069463
1 0.450596 0.549856 0.009682 0.052750
1 0.362669 0.438241 0.010214 0.039685
1 0.395299 0.418431 0.007932 0.038139
1 0.363529 0.387046 0.008984 0.035870
1 0.587508 0.347412 0.013286 0.030250
1 0.563206 0.434593 0.012432 0.040444
1 0.415594 0.378495 0.007552 0.035046
1 0.481438 0.480968 0.011802 0.045750
1 0.514331 0.366616 0.011641 0.034343
1 0.442401 0.316847 0.007156 0.027546
1 0.889932 0.500333 0.009823 0.044815
1 0.395828 0.334671 0.008448 0.030324
1 0.478531 0.520759 0.014833 0.054667
0 0.384930 0.284042 0.003755 0.006491
1 0.299359 0.335037 0.007354 0.039167
