1 0.578063 0.268509 0.012396 0.061759
1 0.409904 0.017250 0.009286 0.028074
1 0.844424 0.654685 0.025609 0.094167
1 0.467664 0.461583 0.019807 0.076019
1 0.221482 0.359880 0.016276 0.070722
1 0.553820 0.390963 0.014911 0.073704
1 0.497247 0.385185 0.015339 0.068537
1 0.318195 0.223616 0.015870 0.062787
1 0.781997 0.892778 0.032026 0.103944
1 0.144841 0.542199 0.014849 0.081398
1 0.493477 0.234963 0.010755 0.061296
1 0.613833 0.468727 0.016948 0.075880
1 0.658880 0.151958 0.012427 0.052176
1 0.421031 0.185236 0.011792 0.059657
1 0.768922 0.697306 0.028333 0.100130
1 0.537935 0.245125 0.012714 0.061213
1 0.787391 0.315574 0.016135 0.072907
1 0.744161 0.186565 0.013198 0.054037
1 0.854016 0.778944 0.027896 0.109185
1 0.387026 0.131685 0.009344 0.049667
1 0.597201 0.694139 0.030172 0.077611
1 0.260539 0.361412 0.017766 0.077602
