1 0.491388 0.423458 0.013734 0.053176
1 0.767995 0.363866 0.011406 0.058139
1 0.571612 0.407560 0.011307 0.058898
1 0.462021 0.422958 0.013240 0.058213
1 0.613089 0.594375 0.012781 0.073787
1 0.544089 0.388398 0.014031 0.056019
1 0.348240 0.375912 0.011427 0.053639
1 0.207635 0.638458 0.020604 0.064639
1 0.639852 0.570926 0.013193 0.072593
1 0.646060 0.472278 0.015026 0.067667
1 0.405339 0.427671 0.017365 0.060065
1 0.613831 0.463912 0.013401 0.066009
1 0.784828 0.655338 0.015854 0.077157
1 0.511672 0.410361 0.010698 0.056000
1 0.604633 0.549935 0.014453 0.065056
1 0.728846 0.560134 0.009932 0.077028
1 0.525924 0.377755 0.009151 0.051880
1 0.477385 0.424093 0.011854 0.058593
1 0.494620 0.366648 0.010896 0.053296
1 0.599203 0.590782 0.011708 0.078676
1 0.491294 0.441329 0.013172 0.059324
1 0.502661 0.366861 0.010312 0.050630
