1 0.792047 0.276324 0.011948 0.054037
1 0.613544 0.171236 0.009036 0.039417
1 0.598234 0.161917 0.012083 0.038889
1 0.536549 0.384972 0.009703 0.058111
1 0.495674 0.337148 0.015151 0.068574
1 0.588815 0.158829 0.008297 0.024454
1 0.567622 0.423023 0.019422 0.067454
1 0.484888 0.230870 0.010589 0.051019
1 0.534276 0.303255 0.011875 0.056694
1 0.572023 0.304060 0.014245 0.052769
1 0.052622 0.418856 0.016151 0.067417
1 0.385768 0.263088 0.012026 0.052806
1 0.116805 0.686472 0.023484 0.093852
1 0.312094 0.790269 0.021281 0.091926
1 0.583740 0.154884 0.009875 0.030435
1 0.526878 0.393759 0.012151 0.065722
1 0.517659 0.182616 0.008745 0.038546
1 0.592966 0.196292 0.008797 0.042972
1 0.584323 0.588935 0.022625 0.075056
