1 0.196901 0.463162 0.010500 0.051824
1 0.259391 0.358009 0.017677 0.045093
1 0.292432 0.449454 0.010260 0.048074
1 0.598602 0.445343 0.013599 0.052556
1 0.306820 0.511750 0.010839 0.053833
1 0.398370 0.576731 0.012073 0.060741
1 0.883956 0.626583 0.015005 0.067185
1 0.343958 0.430968 0.010042 0.044954
1 0.113190 0.506245 0.012432 0.046213
1 0.879779 0.535389 0.016297 0.055889
1 0.409927 0.483181 0.011656 0.051157
1 0.903841 0.497190 0.011411 0.048509
1 0.330576 0.491486 0.014380 0.042343
1 0.347008 0.365671 0.012745 0.036657
1 0.486630 0.431176 0.009823 0.045278
1 0.338297 0.392894 0.009490 0.037009
1 0.313701 0.396935 0.011932 0.037630
1 0.454497 0.356532 0.006630 0.032343
1 0.493138 0.351472 0.007995 0.030259
1 0.341286 0.312227 0.009177 0.027398
1 0.342831 0.339176 0.007120 0.028500
1 0.461281 0.268292 0.007000 0.025991
