1 0.914565 0.507634 0.015557 0.064065
1 0.627909 0.532875 0.013255 0.064917
1 0.370628 0.560227 0.016172 0.063824
1 0.887487 0.318338 0.011568 0.045787
1 0.157146 0.356588 0.014083 0.049880
1 0.430208 0.520602 0.018406 0.060167
0 0.386404 0.570884 0.009161 0.016565
1 0.346557 0.289537 0.009594 0.042870
1 0.803625 0.288069 0.009771 0.045583
1 0.512940 0.275079 0.009536 0.041676
1 0.580130 0.405931 0.010875 0.055583
1 0.408628 0.429213 0.009964 0.050556
1 0.532448 0.360750 0.012760 0.049444
1 0.132128 0.455218 0.014339 0.054324
1 0.399521 0.393648 0.012219 0.049481
1 0.071240 0.462116 0.011177 0.051713
1 0.824771 0.673060 0.016771 0.073231
1 0.113820 0.557620 0.015151 0.061389
1 0.749255 0.608421 0.015521 0.054065
1 0.457578 0.313134 0.011531 0.047250
1 0.495779 0.788620 0.017057 0.088926
1 0.427878 0.768889 0.021391 0.085611
1 0.167216 0.286838 0.011630 0.040806
1 0.533716 0.145125 0.006266 0.021472
