1 0.304240 0.655097 0.016406 0.076861
1 0.647294 0.488227 0.014005 0.064917
1 0.414268 0.477977 0.016672 0.066250
1 0.751328 0.577884 0.012979 0.072769
1 0.552771 0.433653 0.011792 0.060306
1 0.489779 0.447236 0.009557 0.061602
1 0.389107 0.437046 0.011714 0.048185
1 0.519411 0.383194 0.012896 0.052556
1 0.754719 0.387181 0.011115 0.054287
1 0.632216 0.464023 0.011276 0.060176
1 0.511862 0.365995 0.009484 0.051546
1 0.600396 0.537778 0.019281 0.070074
1 0.224651 0.492639 0.018083 0.066889
1 0.275302 0.402606 0.013969 0.056694
1 0.801219 0.649884 0.015104 0.079194
1 0.572263 0.420032 0.013026 0.061250
1 0.446781 0.474056 0.011854 0.062444
1 0.603617 0.481384 0.014568 0.061528
1 0.612419 0.590306 0.011609 0.084185
0 0.618214 0.624625 0.005771 0.011991
1 0.628995 0.594500 0.013115 0.073500
1 0.377508 0.443273 0.013401 0.042102
1 0.618185 0.580454 0.010755 0.067519
