1 0.942180 0.873949 0.021411 0.092806
1 0.634924 0.402662 0.010943 0.047861
1 0.582349 0.443949 0.019156 0.053435
1 0.487185 0.447292 0.012036 0.060194
1 0.815698 0.507787 0.014302 0.059389
1 0.698036 0.393657 0.010146 0.052241
1 0.285953 0.658977 0.017542 0.076120
1 0.428674 0.400662 0.012036 0.048046
1 0.856036 0.529449 0.020885 0.065676
1 0.066698 0.599273 0.016219 0.077194
1 0.605299 0.565231 0.013141 0.068759
1 0.273927 0.679162 0.017354 0.082380
1 0.260651 0.353472 0.008104 0.047370
1 0.555810 0.286106 0.009339 0.040009
1 0.629411 0.338634 0.011490 0.043843
1 0.799438 0.461991 0.012052 0.057630
0 0.600151 0.239412 0.003969 0.008454
1 0.745247 0.401759 0.014964 0.052259
1 0.639466 0.337745 0.012016 0.041454
1 0.568312 0.293745 0.009656 0.043306
1 0.677276 0.302764 0.007594 0.040546
1 0.754833 0.430713 0.011594 0.056333
1 0.666346 0.343731 0.008630 0.048778
1 0.994263 0.749611 0.010932 0.070148
1 0.993857 0.781069 0.011547 0.034917
1 0.993737 0.777560 0.011818 0.057380
1 0.944549 0.509051 0.012401 0.057528
