1 0.042409 0.386861 0.029641 0.070148
1 0.927969 0.447213 0.019417 0.088259
1 0.686302 0.366319 0.012573 0.044843
0 0.083495 0.395199 0.007333 0.012287
1 0.479706 0.291245 0.008307 0.044139
1 0.780919 0.725102 0.038307 0.150130
1 0.593836 0.236606 0.005682 0.030806
1 0.321789 0.235472 0.008328 0.028722
1 0.471763 0.285644 0.013432 0.040306
1 0.779758 0.339157 0.012703 0.051778
1 0.369432 0.251787 0.011135 0.030574
1 0.586440 0.265764 0.008182 0.035250
1 0.660070 0.255009 0.007161 0.034315
1 0.413661 0.397014 0.013083 0.066843
1 0.559693 0.301009 0.010083 0.046370
1 0.400805 0.319773 0.009911 0.053657
1 0.532385 0.341338 0.011938 0.054454
1 0.495490 0.259866 0.007875 0.034509
1 0.686070 0.379435 0.013130 0.070389
1 0.435005 0.344245 0.009135 0.052861
1 0.729029 0.291981 0.009995 0.045130
1 0.615859 0.288690 0.010344 0.046435
1 0.232346 0.294616 0.014411 0.048843
1 0.748023 0.307056 0.014859 0.052611
