1 0.154208 0.633565 0.033885 0.057148
1 0.387682 0.216611 0.011125 0.053722
1 0.082562 0.209097 0.016135 0.046639
1 0.710169 0.555551 0.014286 0.080620
1 0.718586 0.146769 0.009224 0.039630
1 0.270789 0.648130 0.018047 0.080370
1 0.257427 0.622236 0.015271 0.073324
1 0.490185 0.134130 0.007130 0.042185
1 0.955984 0.959083 0.037604 0.081833
0 0.185690 0.630810 0.009807 0.012176
1 0.169049 0.671750 0.029453 0.076648
1 0.495206 0.056968 0.009443 0.031583
1 0.324901 0.392972 0.017219 0.062111
1 0.861195 0.331750 0.018151 0.059407
1 0.427497 0.695231 0.028859 0.084574
1 0.217359 0.424782 0.019688 0.069269
1 0.299341 0.460667 0.015172 0.069130
1 0.366839 0.593778 0.017427 0.076815
1 0.607750 0.400968 0.013927 0.066880
1 0.851464 0.716819 0.030198 0.095380
1 0.534766 0.368421 0.013844 0.061861
1 0.331203 0.264625 0.015187 0.055750
1 0.351633 0.402009 0.014193 0.063963
1 0.642302 0.191486 0.010333 0.049565
