1 0.813589 0.493866 0.009646 0.050028
1 0.932148 0.549491 0.018547 0.064389
1 0.602456 0.464657 0.008943 0.043315
1 0.520258 0.489403 0.009547 0.048009
1 0.495424 0.454583 0.007859 0.037407
1 0.574896 0.495574 0.009354 0.053648
1 0.680151 0.568009 0.018135 0.068722
1 0.396727 0.504620 0.018172 0.050093
1 0.436276 0.464417 0.012094 0.033444
1 0.447474 0.486116 0.007167 0.039417
1 0.434708 0.487310 0.022396 0.042602
1 0.348102 0.488162 0.012120 0.051269
1 0.827565 0.498417 0.009661 0.052611
1 0.554656 0.524602 0.014125 0.057407
0 0.442654 0.501046 0.004255 0.007963
1 0.202039 0.472963 0.010672 0.045296
1 0.486932 0.531009 0.013792 0.065241
1 0.415323 0.494653 0.008948 0.048861
1 0.213685 0.537074 0.011922 0.068352
1 0.255000 0.518343 0.011156 0.061685
1 0.677242 0.537227 0.015807 0.064620
1 0.404245 0.480074 0.008969 0.037519
1 0.561771 0.430102 0.008896 0.031704
