1 0.591839 0.310931 0.007979 0.038361
1 0.611323 0.201505 0.007229 0.022231
1 0.205177 0.581500 0.020667 0.058333
1 0.253940 0.341384 0.012870 0.036991
1 0.123565 0.456769 0.022807 0.051315
1 0.869563 0.638144 0.017552 0.069157
1 0.452859 0.313981 0.011708 0.037778
1 0.613336 0.329241 0.015005 0.037685
1 0.383630 0.356444 0.014719 0.043093
1 0.554005 0.431329 0.010240 0.050713
1 0.501411 0.442500 0.011135 0.047944
1 0.897714 0.338940 0.011490 0.042713
1 0.447052 0.690208 0.013656 0.072880
1 0.720440 0.509236 0.014661 0.059657
1 0.205810 0.507051 0.011318 0.054435
1 0.909997 0.684032 0.017193 0.076213
1 0.503667 0.577204 0.013167 0.066593
1 0.486388 0.668264 0.013484 0.070435
1 0.577078 0.576741 0.012854 0.060037
0 0.139604 0.474241 0.004667 0.008852
1 0.492284 0.436995 0.009620 0.045454
1 0.933781 0.366528 0.008250 0.044093
1 0.981492 0.535903 0.012161 0.058083
1 0.721497 0.448296 0.011557 0.053796
