1 0.706258 0.540755 0.013766 0.063343
1 0.569758 0.446727 0.012745 0.055806
1 0.366107 0.436519 0.012307 0.054481
1 0.580906 0.627912 0.019979 0.078472
1 0.731625 0.548269 0.010604 0.067333
1 0.552284 0.431921 0.013151 0.057157
1 0.543297 0.416713 0.011125 0.054222
1 0.208216 0.619583 0.012224 0.071444
1 0.450641 0.374560 0.009552 0.050083
1 0.525159 0.413023 0.015776 0.051287
1 0.469815 0.375755 0.011214 0.050620
1 0.520591 0.435222 0.010818 0.056352
1 0.796901 0.409060 0.019521 0.054361
1 0.744734 0.608745 0.017469 0.068861
1 0.497003 0.394208 0.009964 0.050731
1 0.483440 0.426157 0.011786 0.054889
0 0.596729 0.656477 0.006365 0.010361
1 0.750073 0.590894 0.009938 0.074139
1 0.708802 0.542287 0.011354 0.065204
1 0.485956 0.394847 0.013786 0.061861
1 0.507536 0.406167 0.013188 0.060667
