1 0.621690 0.461296 0.011901 0.061407
1 0.329010 0.405324 0.011521 0.058815
1 0.797997 0.372176 0.013464 0.056648
1 0.645779 0.452657 0.014380 0.065130
1 0.382854 0.646292 0.013865 0.078528
1 0.571612 0.349380 0.009953 0.051852
1 0.665263 0.581625 0.015068 0.074676
1 0.552250 0.369120 0.012437 0.053907
1 0.509854 0.444949 0.011667 0.059435
1 0.476669 0.496398 0.015318 0.068167
1 0.807430 0.629644 0.014995 0.075213
1 0.377919 0.509259 0.019672 0.068889
1 0.570396 0.610634 0.019250 0.083120
1 0.413630 0.425028 0.013604 0.044000
1 0.423539 0.422579 0.012745 0.046657
1 0.146484 0.513773 0.019562 0.054657
1 0.627112 0.500481 0.013807 0.066444
1 0.590641 0.480171 0.017552 0.064935
1 0.608154 0.471245 0.011005 0.065269
1 0.788169 0.563333 0.013193 0.086778
1 0.606677 0.408028 0.011208 0.060259
1 0.583138 0.598551 0.014630 0.075102
0 0.576018 0.642824 0.008693 0.020093
