1 0.077266 0.407630 0.018510 0.076704
1 0.598643 0.269056 0.006786 0.040407
1 0.525831 0.322083 0.010016 0.051796
1 0.434596 0.283528 0.010849 0.039222
1 0.376875 0.307421 0.009167 0.051028
1 0.682128 0.347579 0.010859 0.060954
1 0.574326 0.293259 0.009172 0.046778
1 0.840568 0.400972 0.015104 0.074963
1 0.696271 0.301931 0.008896 0.047435
1 0.692000 0.289926 0.009500 0.042037
0 0.236253 0.314153 0.005078 0.009398
1 0.739633 0.337148 0.008391 0.033352
1 0.739828 0.327412 0.008729 0.052417
1 0.622596 0.262139 0.006380 0.034111
1 0.898221 0.641588 0.029995 0.135528
1 0.276648 0.250356 0.008172 0.031065
1 0.473396 0.266222 0.006198 0.036278
1 0.551529 0.247944 0.009234 0.027704
1 0.480224 0.281375 0.009344 0.035380
1 0.540943 0.292083 0.008042 0.042889
1 0.222974 0.295292 0.008854 0.046824
1 0.384188 0.258412 0.010687 0.034620
1 0.423432 0.310310 0.008021 0.045454
1 0.438922 0.379111 0.009229 0.067296
