1 0.654133 0.356375 0.016911 0.061250
1 0.341026 0.358856 0.017656 0.052769
1 0.876862 0.376574 0.022057 0.057185
1 0.093958 0.592241 0.013813 0.081167
1 0.062107 0.384917 0.013620 0.055926
1 0.166234 0.215699 0.012563 0.045491
1 0.144122 0.625722 0.017276 0.081778
1 0.352010 0.311968 0.010417 0.051269
1 0.839859 0.264778 0.012583 0.046870
1 0.544924 0.276574 0.012464 0.049389
1 0.403620 0.209505 0.009969 0.041176
1 0.044003 0.350931 0.013078 0.053509
1 0.149508 0.242102 0.013422 0.040722
1 0.361708 0.415083 0.011021 0.065185
1 0.607784 0.184255 0.013557 0.035787
1 0.623451 0.272292 0.008151 0.055269
1 0.051159 0.318935 0.011464 0.049574
1 0.685492 0.854750 0.025880 0.096000
1 0.284224 0.252796 0.011438 0.048796
1 0.412065 0.186009 0.008734 0.040593
1 0.044245 0.216519 0.011719 0.041519
1 0.615458 0.201931 0.008760 0.035324
0 0.804570 0.273704 0.004443 0.007333
