1 0.686312 0.243824 0.008052 0.038278
1 0.624565 0.416977 0.009797 0.040657
1 0.331865 0.197083 0.008479 0.032759
1 0.637974 0.634218 0.018479 0.074639
1 0.755893 0.368454 0.012349 0.055630
0 0.317560 0.215944 0.003859 0.007759
1 0.342190 0.346569 0.014005 0.055620
1 0.680654 0.462079 0.019661 0.057269
1 0.607992 0.327088 0.016807 0.049083
1 0.836414 0.488630 0.017266 0.063741
1 0.336648 0.416597 0.018234 0.057565
1 0.886271 0.694593 0.023833 0.075222
1 0.201542 0.512324 0.019146 0.067981
1 0.706583 0.733019 0.018958 0.082556
1 0.080388 0.393083 0.018255 0.052963
1 0.483336 0.730676 0.016151 0.080926
1 0.411010 0.562366 0.014958 0.073565
1 0.664849 0.503894 0.015604 0.064009
1 0.750706 0.302435 0.016286 0.044778
1 0.878227 0.447069 0.014036 0.059083
1 0.422052 0.356917 0.013979 0.049333
1 0.470953 0.532912 0.015135 0.066250
1 0.755570 0.377889 0.012005 0.037648
1 0.655990 0.431532 0.011042 0.041806
1 0.194635 0.381435 0.016500 0.046093
