1 0.356615 0.074694 0.013000 0.046222
1 0.641286 0.327653 0.011927 0.060083
1 0.192062 0.358356 0.025990 0.071361
1 0.393997 0.312060 0.024130 0.065139
1 0.524766 0.155671 0.013719 0.050602
1 0.239302 0.222685 0.018344 0.059889
1 0.554732 0.362690 0.019568 0.071898
1 0.450906 0.261926 0.018625 0.057407
1 0.421872 0.361991 0.021974 0.067389
1 0.125768 0.545463 0.014151 0.083148
1 0.793870 0.597069 0.017240 0.086324
1 0.916518 0.319435 0.014432 0.062778
1 0.899930 0.345130 0.013328 0.073500
1 0.315466 0.878139 0.034109 0.116759
1 0.590904 0.187255 0.009828 0.048343
1 0.829536 0.190602 0.011313 0.054630
1 0.604857 0.217051 0.014297 0.056620
1 0.330932 0.153148 0.012625 0.044481
1 0.654391 0.124676 0.008865 0.044481
1 0.866497 0.483903 0.020745 0.079898
1 0.456557 0.150741 0.006844 0.048370
1 0.180552 0.237324 0.013510 0.051056
0 0.052992 0.255162 0.005932 0.009231
