1 0.522927 0.413889 0.012177 0.058667
0 0.597807 0.658384 0.006510 0.010343
1 0.479286 0.378630 0.008365 0.038019
1 0.474695 0.394986 0.011745 0.052102
1 0.696435 0.531014 0.011776 0.058583
1 0.704526 0.546819 0.013208 0.054657
1 0.479122 0.419463 0.013984 0.054500
1 0.498031 0.409694 0.011625 0.054185
1 0.799885 0.411847 0.015500 0.052065
1 0.512190 0.404722 0.011568 0.053204
1 0.493026 0.391056 0.011073 0.051537
1 0.528831 0.439519 0.011880 0.058241
1 0.466901 0.375551 0.010104 0.049861
1 0.636039 0.573690 0.011120 0.066231
1 0.685214 0.551676 0.015094 0.067463
1 0.582271 0.630111 0.019312 0.077981
1 0.376453 0.431815 0.012417 0.050111
1 0.205633 0.621593 0.017036 0.071389
1 0.445193 0.370157 0.009240 0.050500
1 0.542875 0.430856 0.012302 0.055861
1 0.565750 0.444222 0.014979 0.057759
1 0.528828 0.403208 0.008917 0.042046
