1 0.261872 0.464144 0.013151 0.058046
1 0.156870 0.442755 0.015844 0.052824
1 0.893896 0.667662 0.020938 0.078620
1 0.502310 0.398347 0.009807 0.050120
1 0.878146 0.479282 0.014625 0.058417
1 0.606323 0.536556 0.011802 0.062259
1 0.736016 0.389685 0.009667 0.048889
1 0.504031 0.342620 0.017729 0.040148
1 0.651443 0.441134 0.010406 0.052454
1 0.326958 0.498009 0.019198 0.062111
1 0.407333 0.462134 0.016260 0.054676
1 0.544789 0.422440 0.012276 0.050287
1 0.588081 0.659417 0.017641 0.075630
1 0.624513 0.448708 0.014505 0.056731
1 0.358594 0.490407 0.013219 0.066963
1 0.569940 0.588565 0.014745 0.071093
1 0.128430 0.682074 0.016964 0.073944
1 0.292383 0.489532 0.025839 0.059176
1 0.536607 0.518037 0.013557 0.057907
0 0.861328 0.505204 0.005688 0.010296
1 0.640914 0.384005 0.011047 0.047380
1 0.136201 0.461421 0.015266 0.056361
1 0.641974 0.349375 0.012167 0.043213
