1 0.656797 0.353259 0.010490 0.056815
1 0.445823 0.588319 0.017073 0.083824
1 0.727813 0.843912 0.024156 0.092398
1 0.737505 0.464306 0.020146 0.066185
1 0.287664 0.608250 0.023870 0.084370
1 0.826547 0.638486 0.017844 0.083120
1 0.479445 0.445796 0.015953 0.065296
1 0.608685 0.180301 0.013130 0.045083
1 0.581885 0.282356 0.015104 0.054750
1 0.845391 0.424241 0.019531 0.066648
1 0.303094 0.367593 0.014781 0.057056
1 0.222870 0.362755 0.018552 0.059602
1 0.489365 0.234366 0.013865 0.046565
1 0.652729 0.121495 0.014292 0.037713
1 0.689651 0.191245 0.012458 0.046398
1 0.532737 0.230542 0.019411 0.045250
1 0.443227 0.462440 0.016630 0.073546
1 0.736219 0.267491 0.018000 0.057537
1 0.491604 0.184843 0.015135 0.039556
1 0.743763 0.259384 0.011224 0.054417
1 0.330831 0.177171 0.011161 0.044009
1 0.324120 0.107583 0.011667 0.040000
0 0.228242 0.373866 0.004630 0.010287
