1 0.583359 0.321921 0.015313 0.065898
1 0.444089 0.418000 0.014240 0.070944
1 0.798904 0.326370 0.017422 0.065204
1 0.432312 0.175241 0.014552 0.045389
1 0.371331 0.252000 0.012141 0.057037
1 0.454224 0.235255 0.015177 0.052380
1 0.378698 0.370769 0.015760 0.067370
1 0.116594 0.273352 0.011906 0.060204
1 0.102107 0.291509 0.013828 0.063241
1 0.580372 0.158097 0.019734 0.043824
1 0.484016 0.275722 0.014229 0.062222
1 0.080378 0.478833 0.016484 0.083963
1 0.512797 0.813875 0.031615 0.109972
1 0.404977 0.107204 0.011297 0.037407
1 0.376195 0.140620 0.012422 0.041093
1 0.452625 0.167153 0.009688 0.040750
1 0.224635 0.157222 0.009479 0.040481
1 0.649893 0.124338 0.009391 0.041435
1 0.093513 0.528597 0.016714 0.081139
1 0.171318 0.173662 0.015823 0.036528
1 0.099891 0.244718 0.014312 0.048287
1 0.896578 0.215958 0.011698 0.052824
1 0.107773 0.126829 0.010505 0.041324
