0 0.601010 0.187088 0.004021 0.007491
1 0.071945 0.163097 0.010807 0.036620
1 0.122289 0.209213 0.009068 0.039056
1 0.091359 0.302116 0.012260 0.049509
1 0.425852 0.178264 0.013047 0.034935
1 0.352747 0.816472 0.021068 0.090963
1 0.614576 0.173444 0.009151 0.031963
1 0.738914 0.217926 0.009578 0.043000
1 0.833482 0.368130 0.017214 0.050315
1 0.285786 0.273495 0.009115 0.044398
1 0.453047 0.272148 0.011229 0.043130
1 0.326253 0.315639 0.011911 0.052148
1 0.051813 0.405505 0.013167 0.065065
1 0.111544 0.582898 0.021578 0.078759
1 0.663398 0.208926 0.012755 0.041574
1 0.528971 0.274588 0.010797 0.048380
1 0.557823 0.330431 0.010917 0.051769
1 0.089839 0.378806 0.013542 0.057463
1 0.493891 0.465417 0.013802 0.067981
1 0.250888 0.319394 0.011734 0.049769
1 0.090102 0.613306 0.016370 0.081815
1 0.254901 0.500384 0.016208 0.066657
1 0.119224 0.233995 0.011302 0.042028
1 0.979521 0.848264 0.025583 0.083417
1 0.321878 0.142634 0.008464 0.031194
