0 0.150112 0.364306 0.005078 0.008833
1 0.149878 0.342384 0.015693 0.049250
1 0.764880 0.519306 0.017510 0.056963
1 0.676766 0.687259 0.016719 0.072722
1 0.594836 0.546273 0.015807 0.062176
1 0.258763 0.712500 0.019536 0.076685
1 0.551297 0.386810 0.011625 0.052583
1 0.428721 0.403829 0.015547 0.050194
1 0.508406 0.500023 0.015344 0.053787
1 0.765734 0.454315 0.011865 0.054500
1 0.702242 0.433940 0.011557 0.054750
1 0.957482 0.543602 0.014505 0.063037
1 0.893716 0.373648 0.010828 0.050204
1 0.336026 0.368866 0.009969 0.047694
1 0.570354 0.372111 0.010562 0.052741
1 0.535008 0.391625 0.010182 0.050398
1 0.397656 0.503602 0.011167 0.059278
1 0.462029 0.290810 0.008318 0.038454
1 0.080146 0.450866 0.013604 0.049769
1 0.321617 0.275222 0.008266 0.036574
1 0.920987 0.466398 0.010516 0.056704
1 0.930130 0.460472 0.011438 0.064259
1 0.474016 0.208588 0.008594 0.031343
1 0.549716 0.234787 0.010328 0.033593
