1 0.722339 0.571093 0.016052 0.069741
1 0.239745 0.681102 0.019573 0.074593
1 0.480617 0.369556 0.019943 0.047463
1 0.440693 0.523444 0.020948 0.062944
1 0.476737 0.717505 0.014099 0.078713
1 0.369000 0.699495 0.018906 0.073528
1 0.508737 0.510495 0.012682 0.064435
1 0.375766 0.544042 0.013406 0.060361
1 0.898055 0.769167 0.024328 0.079241
1 0.138924 0.567958 0.028161 0.060676
1 0.852026 0.351005 0.012146 0.050454
1 0.385161 0.728745 0.021365 0.083787
1 0.452706 0.372787 0.011464 0.049000
1 0.535518 0.349523 0.009547 0.047287
1 0.643245 0.309181 0.010208 0.042602
1 0.668177 0.502417 0.010833 0.064815
1 0.896201 0.358255 0.012401 0.045046
1 0.498742 0.684042 0.024849 0.076213
1 0.995091 0.525542 0.009443 0.060380
1 0.202026 0.667398 0.015854 0.068278
1 0.635292 0.203806 0.008010 0.025407
0 0.052573 0.583375 0.006115 0.008898
1 0.218081 0.342356 0.015755 0.035806
1 0.867917 0.722681 0.024375 0.083250
