1 0.834169 0.347343 0.011443 0.050833
1 0.436427 0.373630 0.013625 0.047500
1 0.127398 0.575681 0.025349 0.061954
1 0.352253 0.702625 0.016484 0.074231
1 0.880135 0.351630 0.012917 0.045759
1 0.467445 0.369667 0.016047 0.048000
1 0.353753 0.550250 0.014214 0.063259
1 0.459268 0.725264 0.017620 0.083287
1 0.490836 0.512565 0.013974 0.063722
1 0.480745 0.687958 0.021875 0.075676
1 0.982237 0.519597 0.020182 0.060676
1 0.186555 0.675157 0.021901 0.070944
1 0.422443 0.526407 0.020906 0.062963
1 0.707560 0.570347 0.015568 0.071676
1 0.224258 0.689569 0.023474 0.073806
1 0.618992 0.198588 0.006703 0.028583
1 0.367648 0.736273 0.018734 0.082917
0 0.030904 0.602444 0.005964 0.009074
1 0.854125 0.720449 0.022469 0.082713
1 0.627133 0.305843 0.007891 0.040093
1 0.651120 0.503111 0.010781 0.065444
1 0.199294 0.341921 0.016734 0.039139
1 0.517786 0.348593 0.007760 0.047778
1 0.882156 0.766676 0.025927 0.079074
