1 0.714063 0.340741 0.014583 0.062963
1 0.239323 0.451389 0.027604 0.060185
1 0.208333 0.193519 0.012500 0.053704
1 0.804688 0.505093 0.023958 0.080556
1 0.394010 0.268519 0.013021 0.055556
1 0.537500 0.376852 0.014583 0.072222
1 0.419271 0.808333 0.035417 0.107407
1 0.605990 0.215278 0.010937 0.045370
1 0.349219 0.354630 0.017188 0.066667
1 0.868490 0.152778 0.011979 0.040741
1 0.094010 0.662500 0.017188 0.100926
1 0.943490 0.337963 0.017188 0.064815
1 0.564323 0.131944 0.008854 0.041667
1 0.617708 0.268056 0.012500 0.056481
1 0.571615 0.250000 0.015104 0.048148
1 0.611979 0.118519 0.007292 0.033333
1 0.676302 0.222222 0.010937 0.051852
1 0.430469 0.253704 0.010937 0.057407
1 0.417448 0.388426 0.017188 0.065741
1 0.422656 0.446759 0.031771 0.049074
1 0.459375 0.215278 0.012500 0.054630
1 0.780469 0.355093 0.019271 0.063889
0 0.795573 0.543519 0.008854 0.011111
1 0.606510 0.093056 0.006771 0.030556
