1 0.509375 0.554167 0.014583 0.060185
1 0.082552 0.631944 0.025521 0.067593
1 0.072656 0.286111 0.014063 0.040741
1 0.899219 0.708796 0.027604 0.076852
1 0.101823 0.444907 0.016146 0.054630
1 0.186719 0.503704 0.016146 0.055556
1 0.269792 0.803241 0.019792 0.080556
1 0.382552 0.387037 0.013021 0.046296
1 0.029948 0.518056 0.024479 0.060185
1 0.539323 0.280093 0.005729 0.034259
1 0.209896 0.663426 0.032292 0.065741
1 0.703906 0.393981 0.014063 0.047222
1 0.288021 0.285648 0.009375 0.039815
1 0.303646 0.398611 0.016667 0.050926
1 0.293229 0.442130 0.010417 0.054630
1 0.345573 0.277315 0.007812 0.034259
1 0.398698 0.350463 0.009896 0.045370
1 0.164323 0.403704 0.020313 0.042593
1 0.211198 0.475926 0.015104 0.051852
1 0.968229 0.946296 0.042708 0.092593
1 0.348958 0.657870 0.017708 0.065741
1 0.182812 0.368981 0.012500 0.049074
1 0.597656 0.536111 0.020313 0.059259
0 0.265596 0.770620 0.005891 0.010870
1 0.386198 0.181944 0.006771 0.021296
