1 0.445573 0.525463 0.011979 0.058333
1 0.164844 0.610185 0.015104 0.068519
1 0.096615 0.301389 0.014063 0.037963
1 0.901563 0.672685 0.022917 0.067593
1 0.155990 0.448611 0.015104 0.054630
1 0.269010 0.497685 0.018229 0.058333
1 0.333542 0.810296 0.020104 0.084593
1 0.398438 0.367593 0.009375 0.046296
1 0.104427 0.526389 0.019271 0.058333
1 0.580990 0.282870 0.005729 0.030556
1 0.190625 0.591667 0.015625 0.064815
1 0.727344 0.368981 0.014063 0.045370
1 0.314323 0.290741 0.010937 0.037037
1 0.350781 0.377778 0.009896 0.044444
1 0.328385 0.420833 0.011979 0.050926
1 0.373958 0.264815 0.007292 0.027778
1 0.433594 0.350000 0.008854 0.040741
1 0.190365 0.429630 0.015104 0.051852
1 0.257812 0.491667 0.011458 0.053704
1 0.310937 0.632407 0.015625 0.066667
1 0.246094 0.364352 0.010937 0.043519
1 0.495052 0.496759 0.010937 0.058333
0 0.791406 0.691667 0.007812 0.009259
1 0.397396 0.199537 0.006250 0.021296
