1 0.764062 0.432407 0.016667 0.053704
1 0.709896 0.675926 0.026042 0.088889
1 0.872656 0.426852 0.022396 0.053704
1 0.047135 0.373148 0.014063 0.044444
1 0.616927 0.538426 0.021354 0.075000
1 0.961719 0.562963 0.016146 0.070370
1 0.638802 0.387500 0.016146 0.050926
1 0.404427 0.500463 0.017188 0.067593
1 0.655208 0.306019 0.012500 0.045370
1 0.738281 0.573148 0.017188 0.068519
1 0.778906 0.338426 0.020313 0.043519
1 0.424219 0.328704 0.015104 0.051852
1 0.479427 0.481481 0.018229 0.064815
1 0.560156 0.332407 0.016146 0.046296
1 0.516667 0.294907 0.014583 0.039815
1 0.575000 0.344907 0.012500 0.049074
1 0.039844 0.407407 0.018229 0.059259
1 0.633854 0.484722 0.020833 0.063889
1 0.901823 0.610648 0.026562 0.075000
1 0.170313 0.349537 0.015625 0.047222
1 0.664583 0.385648 0.020833 0.054630
0 0.314891 0.205782 0.007677 0.010509
1 0.142865 0.191722 0.009625 0.029370
