1 0.652344 0.469907 0.017188 0.050926
1 0.212500 0.583333 0.028125 0.062963
1 0.086198 0.268519 0.010937 0.037037
1 0.862760 0.551389 0.019271 0.062037
1 0.279167 0.459722 0.019792 0.054630
1 0.356250 0.514352 0.020833 0.047222
1 0.806771 0.732407 0.028125 0.068519
1 0.509635 0.354167 0.008854 0.037963
1 0.040625 0.573611 0.020833 0.069444
1 0.650000 0.247222 0.009375 0.035185
1 0.101273 0.692259 0.023276 0.071000
1 0.748437 0.347222 0.011458 0.044444
1 0.392708 0.255093 0.010417 0.036111
1 0.433073 0.364352 0.009896 0.043519
1 0.410417 0.376852 0.018750 0.046296
1 0.406250 0.262037 0.008333 0.033333
1 0.563281 0.285185 0.016146 0.037037
1 0.314844 0.452315 0.014063 0.047222
1 0.357552 0.560648 0.020313 0.063889
1 0.825781 0.638426 0.030729 0.063889
1 0.258854 0.326389 0.013542 0.045370
1 0.865682 0.520486 0.018948 0.056713
1 0.424219 0.152778 0.005729 0.022222
