1 0.628906 0.311111 0.009896 0.075926
1 0.341927 0.853704 0.033854 0.105556
1 0.780208 0.352778 0.013542 0.079630
1 0.333854 0.523611 0.027083 0.093519
1 0.841146 0.497685 0.020833 0.097222
1 0.551823 0.245833 0.009896 0.065741
1 0.156510 0.357870 0.017188 0.080556
1 0.607031 0.183333 0.010937 0.059259
1 0.511719 0.629167 0.019271 0.100926
1 0.715365 0.231019 0.010937 0.069444
1 0.305990 0.169444 0.007812 0.061111
1 0.323958 0.368981 0.012500 0.078704
1 0.426042 0.190741 0.020833 0.061111
1 0.477604 0.160648 0.008333 0.056481
1 0.344792 0.245370 0.017708 0.064815
1 0.336198 0.163889 0.009896 0.055556
1 0.471875 0.375000 0.012500 0.079630
1 0.339062 0.703241 0.026042 0.099074
1 0.175260 0.200463 0.008854 0.065741
1 0.323177 0.316667 0.014063 0.044444
0 0.330208 0.268981 0.005208 0.010185
1 0.059115 0.047222 0.008854 0.040741
