1 0.664062 0.440741 0.017708 0.057407
1 0.124740 0.607870 0.030729 0.078704
1 0.071354 0.232407 0.016667 0.048148
1 0.714844 0.594907 0.020313 0.071296
1 0.231510 0.315741 0.011979 0.048148
1 0.573177 0.493519 0.020313 0.062963
1 0.372135 0.852778 0.030729 0.077778
1 0.477083 0.242593 0.017708 0.040741
1 0.406250 0.506019 0.017708 0.073148
1 0.666667 0.155093 0.007292 0.034259
1 0.111979 0.670370 0.019792 0.094444
1 0.885417 0.325463 0.018750 0.054630
1 0.381771 0.173148 0.012500 0.038889
1 0.445312 0.303241 0.012500 0.052778
1 0.433854 0.322222 0.018750 0.057407
1 0.451823 0.147222 0.008854 0.029630
1 0.617708 0.252778 0.016667 0.040741
1 0.308594 0.298611 0.015104 0.045370
1 0.471875 0.505556 0.020833 0.070370
1 0.449479 0.575000 0.014583 0.061111
1 0.292969 0.267593 0.019271 0.051852
1 0.714583 0.527778 0.017708 0.068519
0 0.682552 0.631944 0.006771 0.012037
1 0.445052 0.111111 0.007812 0.027778
