1 0.661198 0.466667 0.020313 0.051852
1 0.199740 0.551389 0.026562 0.060185
1 0.140365 0.236111 0.010937 0.037037
1 0.897135 0.574537 0.020313 0.062037
1 0.288021 0.424074 0.016667 0.050000
1 0.354687 0.491667 0.012500 0.062963
1 0.790365 0.751389 0.034896 0.069444
1 0.526302 0.331019 0.009896 0.041667
1 0.092708 0.504167 0.020833 0.062037
1 0.672135 0.234259 0.013021 0.033333
1 0.153638 0.653796 0.023245 0.064630
1 0.789062 0.360648 0.012500 0.045370
1 0.414062 0.237037 0.011458 0.037037
1 0.438021 0.340741 0.014583 0.042593
1 0.422135 0.359259 0.017188 0.050000
1 0.430729 0.245833 0.009375 0.032407
1 0.571354 0.274537 0.015625 0.037963
1 0.329948 0.405093 0.015104 0.049074
1 0.367188 0.513889 0.012500 0.061111
1 0.817187 0.647685 0.031250 0.065741
1 0.288542 0.303241 0.013542 0.045370
1 0.867969 0.526389 0.020313 0.058333
1 0.462500 0.133333 0.006250 0.022222
