1 0.649219 0.415278 0.008854 0.045370
1 0.669792 0.597685 0.015625 0.069444
1 0.637500 0.273611 0.007292 0.034259
1 0.775521 0.393981 0.014583 0.041667
1 0.078125 0.606944 0.019792 0.069444
1 0.575260 0.527315 0.013021 0.063889
1 0.885417 0.503704 0.021875 0.055556
1 0.571354 0.387963 0.009375 0.050000
1 0.495312 0.640741 0.022917 0.079630
1 0.575521 0.323611 0.007292 0.039815
1 0.694531 0.568519 0.015104 0.062963
1 0.671875 0.346296 0.008333 0.042593
1 0.353125 0.358333 0.010417 0.046296
1 0.520312 0.481944 0.017708 0.060185
1 0.478906 0.414352 0.009896 0.052778
1 0.400260 0.350000 0.011979 0.040741
1 0.570156 0.359444 0.006562 0.041111
1 0.066927 0.618056 0.018229 0.069444
1 0.610677 0.494444 0.010937 0.059259
1 0.970690 0.487037 0.015151 0.057407
1 0.749479 0.459259 0.016667 0.051852
1 0.118490 0.503704 0.017188 0.059259
1 0.992969 0.512037 0.013021 0.051852
1 0.005729 0.277315 0.011458 0.032407
