1 0.462500 0.514815 0.016667 0.051852
1 0.168229 0.614815 0.019792 0.070370
1 0.084896 0.308333 0.013542 0.038889
1 0.884115 0.675000 0.026562 0.074074
1 0.164844 0.449074 0.011979 0.053704
1 0.287500 0.497685 0.012500 0.062037
1 0.355990 0.831944 0.022396 0.080556
1 0.401042 0.361574 0.009375 0.043519
1 0.105990 0.537037 0.015104 0.062963
1 0.588542 0.280093 0.006250 0.032407
1 0.184375 0.587963 0.015625 0.062963
1 0.745313 0.367593 0.008333 0.044444
1 0.319792 0.290278 0.007292 0.036111
1 0.354167 0.371296 0.009375 0.044444
1 0.338542 0.415741 0.013542 0.050000
1 0.378125 0.261574 0.007292 0.030556
1 0.434635 0.343519 0.007812 0.040741
1 0.199219 0.429167 0.009896 0.050926
1 0.260677 0.502778 0.016146 0.057407
1 0.315625 0.639352 0.019792 0.069444
1 0.247917 0.360648 0.011458 0.045370
1 0.486198 0.489352 0.011979 0.054630
0 0.869531 0.700000 0.006771 0.009259
1 0.396310 0.202463 0.007214 0.024537
