1 0.629167 0.311574 0.010417 0.075000
1 0.342448 0.852778 0.032813 0.107407
1 0.780208 0.352778 0.013542 0.079630
1 0.334635 0.522685 0.028646 0.093519
1 0.840885 0.497685 0.020313 0.097222
1 0.551823 0.246296 0.009896 0.066667
1 0.156510 0.357870 0.017188 0.080556
1 0.606771 0.183796 0.010417 0.058333
1 0.510156 0.628704 0.020313 0.101852
1 0.715365 0.230556 0.010937 0.070370
1 0.305729 0.169444 0.008333 0.061111
1 0.323958 0.368981 0.012500 0.078704
1 0.426042 0.190741 0.020833 0.061111
1 0.477865 0.160648 0.007812 0.056481
1 0.343490 0.244907 0.020313 0.063889
1 0.336198 0.163889 0.009896 0.055556
1 0.471875 0.375000 0.012500 0.079630
1 0.339062 0.703241 0.026042 0.099074
1 0.175260 0.200463 0.008854 0.065741
1 0.322917 0.316667 0.014583 0.044444
0 0.330208 0.268981 0.005208 0.010185
1 0.058854 0.047222 0.009375 0.040741
