1 0.709115 0.267593 0.016146 0.050000
1 0.272135 0.387963 0.023438 0.072222
1 0.188542 0.158796 0.009375 0.052778
1 0.857812 0.443519 0.023958 0.066667
1 0.396094 0.226389 0.015104 0.056481
1 0.526823 0.286111 0.014063 0.062963
1 0.473958 0.805556 0.030208 0.114815
1 0.606771 0.171296 0.010417 0.048148
1 0.342708 0.304630 0.015625 0.064815
1 0.869792 0.121296 0.013542 0.037037
1 0.113802 0.550926 0.017188 0.081481
1 0.927604 0.277315 0.014583 0.063889
1 0.571094 0.090741 0.007812 0.038889
1 0.627865 0.205093 0.011979 0.049074
1 0.568229 0.202778 0.010417 0.053704
1 0.611979 0.082407 0.007292 0.031481
1 0.675260 0.171759 0.009896 0.047222
1 0.423958 0.213426 0.010417 0.054630
1 0.423177 0.337037 0.009896 0.066667
1 0.440104 0.398148 0.014583 0.074074
1 0.469531 0.171759 0.013021 0.050926
1 0.820833 0.290741 0.016667 0.055556
0 0.842448 0.443981 0.006771 0.012037
1 0.591667 0.063426 0.010417 0.032407
