1 0.758333 0.470833 0.012500 0.054630
1 0.764583 0.602315 0.019792 0.069444
1 0.796094 0.294444 0.007812 0.037037
1 0.857292 0.437963 0.012500 0.042593
1 0.179427 0.521296 0.015104 0.059259
1 0.664844 0.557870 0.022396 0.065741
1 0.873177 0.529630 0.022396 0.050000
1 0.660156 0.419444 0.011979 0.048148
1 0.528125 0.629630 0.016667 0.064815
1 0.663802 0.347222 0.008854 0.038889
1 0.797656 0.580556 0.023438 0.062963
1 0.790104 0.400000 0.010417 0.042593
1 0.479687 0.359722 0.008333 0.043519
1 0.597656 0.500926 0.017188 0.057407
1 0.567969 0.406019 0.008854 0.049074
1 0.512500 0.353704 0.011458 0.040741
1 0.664148 0.381995 0.008474 0.039361
1 0.147396 0.543519 0.014583 0.057407
1 0.701302 0.520370 0.016146 0.059259
1 0.825781 0.515278 0.023438 0.054630
1 0.248958 0.455093 0.013542 0.052778
1 0.893750 0.487963 0.019792 0.040741
1 0.173672 0.256343 0.008281 0.028056
