1 0.753906 0.453704 0.015104 0.050000
1 0.446094 0.631944 0.035937 0.069444
1 0.047396 0.292130 0.016667 0.041667
1 0.973437 0.517130 0.021875 0.056481
1 0.409115 0.483796 0.015104 0.052778
1 0.526208 0.536074 0.020396 0.050074
1 0.981771 0.659722 0.022917 0.073148
1 0.614844 0.372222 0.019271 0.040741
1 0.133073 0.721759 0.033854 0.084259
1 0.717448 0.234259 0.007812 0.029630
1 0.178227 0.643093 0.023422 0.046370
1 0.783594 0.298611 0.011979 0.037963
1 0.439844 0.237500 0.010937 0.032407
1 0.557292 0.384722 0.018750 0.045370
1 0.528385 0.365741 0.009896 0.042593
1 0.455208 0.246759 0.010417 0.026852
1 0.668750 0.278241 0.010417 0.037963
1 0.435677 0.542593 0.018229 0.061111
1 0.521615 0.576389 0.020313 0.060185
1 0.990016 0.613065 0.014063 0.054778
1 0.278125 0.349537 0.018750 0.047222
0 0.135677 0.835185 0.007812 0.012963
1 0.420836 0.151514 0.007016 0.021546
