1 0.795052 0.521296 0.019271 0.057407
1 0.780990 0.648611 0.023438 0.073148
1 0.867969 0.329630 0.009896 0.035185
1 0.879167 0.475463 0.017708 0.045370
1 0.175000 0.504630 0.013542 0.055556
1 0.688542 0.591667 0.023958 0.070370
1 0.869792 0.579167 0.025000 0.058333
1 0.686979 0.453704 0.015625 0.050000
1 0.506510 0.627778 0.019271 0.070370
1 0.679948 0.374074 0.011979 0.038889
1 0.821354 0.621759 0.013542 0.063889
1 0.810156 0.431481 0.015104 0.050000
1 0.506250 0.385185 0.014583 0.046296
1 0.605990 0.533796 0.017188 0.058333
1 0.587760 0.422222 0.013021 0.051852
1 0.542188 0.375463 0.012500 0.041667
1 0.676042 0.410185 0.013542 0.044444
1 0.118750 0.549074 0.014583 0.061111
1 0.724740 0.549074 0.015104 0.062963
1 0.857292 0.576852 0.019792 0.064815
1 0.265625 0.453704 0.011458 0.053704
1 0.824740 0.469907 0.013021 0.041667
0 0.941406 0.590278 0.006771 0.008333
1 0.205573 0.273218 0.009740 0.026380
