1 0.677865 0.405556 0.021354 0.053704
1 0.484375 0.643056 0.023958 0.078704
1 0.736198 0.227778 0.007812 0.038889
1 0.844531 0.384259 0.010937 0.053704
1 0.238281 0.601389 0.030729 0.080556
1 0.484635 0.543519 0.017188 0.070370
1 0.869531 0.521759 0.016146 0.067593
1 0.479167 0.337037 0.013542 0.046296
1 0.127865 0.743981 0.039062 0.087963
1 0.468229 0.196759 0.008333 0.034259
1 0.274740 0.822685 0.035937 0.076852
1 0.587240 0.238889 0.008854 0.040741
1 0.118229 0.290278 0.012500 0.045370
1 0.451302 0.399537 0.021354 0.056481
1 0.396875 0.366667 0.018750 0.053704
1 0.179427 0.268056 0.014063 0.037963
1 0.518490 0.274074 0.009896 0.042593
1 0.266406 0.585185 0.030729 0.083333
1 0.540104 0.570833 0.022917 0.067593
1 0.851823 0.493056 0.024479 0.060185
1 0.006510 0.493519 0.015104 0.068519
1 0.853646 0.408333 0.015625 0.055556
0 0.184635 0.509722 0.008854 0.012037
1 0.058937 0.194824 0.009281 0.029352
