1 0.649219 0.491667 0.017188 0.066667
1 0.122396 0.593981 0.019792 0.076852
1 0.243229 0.259722 0.011458 0.047222
1 0.896615 0.678241 0.026562 0.078704
1 0.348958 0.347222 0.016667 0.051852
1 0.456250 0.530093 0.023958 0.065741
1 0.397656 0.747222 0.039062 0.081481
1 0.585938 0.312037 0.011458 0.048148
1 0.268229 0.505093 0.019792 0.075000
1 0.846875 0.242130 0.009375 0.039815
1 0.097135 0.735185 0.023438 0.087037
1 0.953646 0.443056 0.021875 0.067593
1 0.546354 0.230093 0.011458 0.043519
1 0.546875 0.393519 0.016667 0.057407
1 0.514062 0.378241 0.013542 0.058333
1 0.608333 0.208796 0.008333 0.034259
1 0.679427 0.330556 0.013021 0.053704
1 0.426042 0.323611 0.012500 0.045370
1 0.320312 0.538426 0.023958 0.071296
1 0.379427 0.703704 0.020313 0.088889
1 0.429948 0.299074 0.013021 0.044444
1 0.722656 0.516204 0.026562 0.063889
0 0.453125 0.770370 0.011458 0.014815
1 0.608073 0.168056 0.007812 0.030556
