1 0.785417 0.334722 0.020833 0.049074
1 0.567969 0.586111 0.017188 0.083333
1 0.735938 0.169907 0.009375 0.041667
1 0.926042 0.322685 0.018750 0.054630
1 0.118229 0.566204 0.022917 0.078704
1 0.615104 0.458333 0.020833 0.064815
1 0.514062 0.256019 0.011458 0.047222
1 0.303385 0.715741 0.023438 0.096296
1 0.454167 0.129630 0.009375 0.031481
1 0.458854 0.734722 0.025000 0.095370
1 0.607292 0.157870 0.010417 0.032407
1 0.138542 0.236574 0.016667 0.045370
1 0.523698 0.307407 0.016146 0.048148
1 0.467969 0.314815 0.015104 0.059259
1 0.184375 0.199074 0.013542 0.038889
1 0.552604 0.209722 0.008333 0.045370
1 0.158073 0.527315 0.022396 0.062037
1 0.650521 0.488889 0.016667 0.064815
1 0.915625 0.410185 0.012500 0.061111
1 0.054427 0.417593 0.026562 0.068519
1 0.903125 0.323148 0.014583 0.055556
0 0.852604 0.301389 0.007292 0.010185
1 0.011979 0.146759 0.011458 0.037963
