1 0.595313 0.487500 0.016667 0.058333
1 0.112240 0.545833 0.020313 0.076852
1 0.168229 0.196296 0.012500 0.038889
1 0.907552 0.653241 0.027604 0.076852
1 0.199219 0.366204 0.014063 0.052778
1 0.291667 0.432870 0.016667 0.062037
1 0.528385 0.755093 0.033854 0.076852
1 0.480990 0.308796 0.007812 0.041667
1 0.103646 0.413889 0.019792 0.062963
1 0.634115 0.209259 0.006771 0.037037
1 0.241667 0.605093 0.020833 0.069444
1 0.775260 0.357407 0.015104 0.050000
1 0.374219 0.211111 0.010937 0.040741
1 0.390885 0.308796 0.014063 0.050926
1 0.377865 0.352315 0.008854 0.050926
1 0.419010 0.211574 0.008854 0.037963
1 0.483854 0.269907 0.011458 0.045370
1 0.259375 0.331481 0.013542 0.051852
1 0.300781 0.406019 0.015104 0.054630
1 0.589583 0.623611 0.015625 0.069444
1 0.276042 0.268056 0.012500 0.045370
1 0.742708 0.501852 0.016667 0.066667
