1 0.678646 0.313426 0.015625 0.050926
1 0.244531 0.419444 0.017188 0.072222
1 0.125521 0.218981 0.009375 0.049074
1 0.873177 0.478704 0.018229 0.075926
1 0.359635 0.274537 0.010937 0.054630
1 0.479948 0.303241 0.009896 0.056481
1 0.474219 0.865278 0.024479 0.112037
1 0.552604 0.215741 0.009375 0.044444
1 0.305469 0.345370 0.015104 0.059259
1 0.803125 0.169907 0.013542 0.037963
1 0.102083 0.558796 0.017708 0.073148
1 0.859375 0.287963 0.016667 0.046296
1 0.522917 0.143519 0.008333 0.038889
1 0.563281 0.232870 0.010937 0.041667
1 0.515365 0.249074 0.008854 0.050000
1 0.572135 0.137037 0.005729 0.025926
1 0.627083 0.211574 0.008333 0.045370
1 0.369792 0.266667 0.008333 0.053704
1 0.389062 0.388889 0.012500 0.062963
1 0.403125 0.446296 0.018750 0.070370
1 0.417708 0.218056 0.010417 0.049074
1 0.745052 0.308796 0.018229 0.054630
0 0.851042 0.313889 0.005208 0.009259
1 0.523177 0.120833 0.007812 0.030556
