1 0.609635 0.487963 0.011979 0.059259
1 0.129167 0.544444 0.023958 0.064815
1 0.175781 0.205556 0.010937 0.037037
1 0.890885 0.618056 0.025521 0.076852
1 0.225781 0.376852 0.010937 0.050000
1 0.318229 0.438889 0.015625 0.059259
1 0.611979 0.747685 0.022917 0.075000
1 0.496094 0.309722 0.011979 0.043519
1 0.109635 0.422222 0.018229 0.057407
1 0.642969 0.216667 0.005729 0.027778
1 0.227083 0.609259 0.015625 0.064815
1 0.779948 0.365741 0.014063 0.051852
1 0.386979 0.218981 0.007292 0.039815
1 0.398698 0.312963 0.008854 0.044444
1 0.397917 0.348148 0.013542 0.051852
1 0.422917 0.222222 0.008333 0.037037
1 0.504687 0.269444 0.012500 0.042593
1 0.276562 0.348148 0.010417 0.051852
1 0.335938 0.422685 0.013542 0.049074
1 0.660677 0.626852 0.029687 0.062963
1 0.291146 0.274074 0.013542 0.046296
1 0.768490 0.506481 0.022396 0.064815
1 0.470313 0.108333 0.006250 0.020370
