1 0.660677 0.347222 0.020313 0.072222
1 0.536979 0.795370 0.035417 0.118519
1 0.827083 0.367593 0.021875 0.079630
1 0.456250 0.531019 0.025000 0.093519
1 0.882292 0.521759 0.026042 0.093519
1 0.533594 0.277778 0.020313 0.064815
1 0.206250 0.395370 0.018750 0.068519
1 0.601042 0.200463 0.014583 0.058333
1 0.567448 0.567130 0.029687 0.089815
1 0.732292 0.240278 0.014583 0.063889
1 0.274219 0.213426 0.015104 0.060185
1 0.314063 0.388889 0.026042 0.070370
1 0.473438 0.220370 0.014583 0.066667
1 0.464844 0.178704 0.013021 0.051852
1 0.397396 0.258796 0.021875 0.060185
1 0.203646 0.232407 0.023958 0.061111
1 0.517448 0.401852 0.024479 0.081481
1 0.640885 0.638426 0.034896 0.095370
1 0.149479 0.238426 0.021875 0.063889
1 0.465625 0.328241 0.021875 0.071296
1 0.034635 0.061574 0.008854 0.041667
