1 0.639844 0.474074 0.020313 0.062963
1 0.144010 0.619444 0.029687 0.079630
1 0.100260 0.235185 0.013021 0.046296
1 0.793229 0.599074 0.026042 0.070370
1 0.279167 0.311574 0.019792 0.047222
1 0.593490 0.480556 0.021354 0.055556
1 0.341667 0.824537 0.036458 0.093519
1 0.494010 0.254167 0.009896 0.045370
1 0.366927 0.510648 0.022396 0.067593
1 0.670573 0.171296 0.007812 0.033333
1 0.103125 0.651852 0.027083 0.075926
1 0.891406 0.335648 0.014063 0.054630
1 0.409635 0.184722 0.010937 0.039815
1 0.486198 0.318056 0.014063 0.047222
1 0.422396 0.330556 0.017708 0.053704
1 0.467969 0.160185 0.007812 0.031481
1 0.609896 0.256944 0.011458 0.041667
1 0.322396 0.282407 0.014583 0.042593
1 0.447396 0.533796 0.017708 0.075000
1 0.461979 0.613426 0.022917 0.084259
1 0.332552 0.271296 0.016146 0.050000
1 0.777083 0.508796 0.019792 0.058333
0 0.750781 0.624537 0.006771 0.012037
1 0.465625 0.124537 0.007292 0.028704
