1 0.914583 0.425463 0.019792 0.047222
1 0.589323 0.687037 0.032813 0.098148
1 0.774219 0.230093 0.011979 0.043519
1 0.959635 0.375463 0.017188 0.054630
1 0.139583 0.640278 0.020833 0.086111
1 0.595833 0.488426 0.022917 0.065741
1 0.571615 0.325000 0.009896 0.040741
1 0.344531 0.718056 0.019271 0.097222
1 0.514062 0.195370 0.008333 0.037037
1 0.582031 0.779167 0.030729 0.091667
1 0.667969 0.224074 0.009896 0.042593
1 0.210938 0.295833 0.009375 0.050926
1 0.532292 0.360648 0.018750 0.052778
1 0.504427 0.370370 0.015104 0.057407
1 0.270052 0.261111 0.010937 0.037037
1 0.582031 0.280093 0.010937 0.045370
1 0.173437 0.632407 0.018750 0.087037
1 0.600521 0.545833 0.027083 0.069444
1 0.924219 0.451852 0.023438 0.057407
1 0.088802 0.453241 0.011979 0.069444
1 0.885677 0.363426 0.028646 0.045370
0 0.953594 0.399583 0.006146 0.008796
1 0.065365 0.200926 0.009896 0.035185
