1 0.705729 0.328704 0.010417 0.074074
1 0.410677 0.846759 0.033854 0.104630
1 0.857812 0.375926 0.021875 0.079630
1 0.011719 0.237963 0.017188 0.066667
1 0.414583 0.522685 0.026042 0.095370
1 0.896094 0.509722 0.021354 0.095370
1 0.629427 0.260648 0.010937 0.065741
1 0.235417 0.350463 0.012500 0.078704
1 0.701562 0.197222 0.009375 0.059259
1 0.583854 0.651389 0.018750 0.099074
1 0.794531 0.251389 0.010937 0.071296
1 0.389062 0.175926 0.007292 0.059259
1 0.400781 0.369907 0.016146 0.080556
1 0.485677 0.190278 0.010937 0.058333
1 0.557813 0.174074 0.009375 0.053704
1 0.426042 0.250463 0.012500 0.065741
1 0.421875 0.172222 0.015625 0.053704
1 0.546875 0.384259 0.011458 0.079630
1 0.409896 0.699537 0.029167 0.095370
1 0.263021 0.200463 0.008333 0.065741
1 0.401880 0.332815 0.017188 0.075926
0 0.411198 0.273148 0.005729 0.011111
1 0.155469 0.050000 0.008854 0.040741
