1 0.649479 0.491204 0.017708 0.065741
1 0.122135 0.593981 0.019271 0.076852
1 0.243229 0.259722 0.011458 0.047222
1 0.895312 0.676852 0.026042 0.079630
1 0.349219 0.346759 0.016146 0.052778
1 0.456771 0.529167 0.023958 0.067593
1 0.396875 0.747685 0.039583 0.080556
1 0.585938 0.311574 0.011458 0.049074
1 0.269010 0.503241 0.019271 0.073148
1 0.847135 0.242130 0.008854 0.039815
1 0.096354 0.734259 0.022917 0.087037
1 0.953385 0.443056 0.021354 0.067593
1 0.546094 0.230093 0.010937 0.043519
1 0.547396 0.393519 0.016667 0.057407
1 0.514844 0.378241 0.014063 0.058333
1 0.608333 0.208796 0.008333 0.034259
1 0.679167 0.330556 0.012500 0.053704
1 0.426042 0.323611 0.012500 0.045370
1 0.321875 0.537963 0.022917 0.072222
1 0.378646 0.702778 0.020833 0.090741
1 0.430208 0.298148 0.012500 0.044444
1 0.722656 0.515741 0.026562 0.064815
0 0.452865 0.770833 0.010937 0.015741
1 0.608073 0.168056 0.007812 0.030556
