1 0.640625 0.473611 0.020833 0.063889
1 0.145052 0.620370 0.028646 0.077778
1 0.100260 0.235185 0.013021 0.046296
1 0.791146 0.600000 0.027083 0.068519
1 0.279427 0.311111 0.020313 0.046296
1 0.594010 0.481944 0.020313 0.056481
1 0.343229 0.825926 0.038542 0.094444
1 0.494271 0.254167 0.010417 0.045370
1 0.369531 0.511574 0.022396 0.067593
1 0.671094 0.170833 0.007812 0.034259
1 0.104167 0.651389 0.026042 0.076852
1 0.891927 0.336111 0.015104 0.053704
1 0.409896 0.184259 0.011458 0.040741
1 0.485677 0.317593 0.014063 0.048148
1 0.423438 0.331019 0.017708 0.052778
1 0.468229 0.160185 0.008333 0.031481
1 0.611458 0.256944 0.009375 0.041667
1 0.322656 0.283333 0.015104 0.042593
1 0.449219 0.534259 0.018229 0.075926
1 0.462500 0.612037 0.023958 0.083333
1 0.332292 0.271759 0.015625 0.049074
1 0.776563 0.510185 0.018750 0.059259
0 0.750781 0.624537 0.006771 0.012037
1 0.465885 0.124074 0.006771 0.029630
