1 0.724740 0.378704 0.025521 0.070370
1 0.666406 0.731481 0.041146 0.109259
1 0.866927 0.377778 0.023438 0.072222
1 0.552344 0.521759 0.026562 0.089815
1 0.951823 0.538426 0.024479 0.089815
1 0.584635 0.323148 0.018229 0.057407
1 0.303906 0.447685 0.021354 0.082407
1 0.632031 0.237500 0.020313 0.056481
1 0.674479 0.551389 0.021875 0.082407
1 0.771094 0.265278 0.015104 0.062037
1 0.324740 0.264815 0.020313 0.055556
1 0.372917 0.436574 0.023958 0.075000
1 0.522135 0.258796 0.015104 0.065741
1 0.486458 0.216667 0.016667 0.051852
1 0.493229 0.278241 0.019792 0.058333
1 0.066406 0.289815 0.019271 0.051852
1 0.582552 0.436111 0.026562 0.079630
1 0.823177 0.617593 0.043229 0.094444
1 0.109115 0.277778 0.017188 0.062963
1 0.584115 0.336111 0.021354 0.070370
1 0.061198 0.100463 0.008854 0.036111
