1 0.801042 0.441204 0.012500 0.049074
1 0.654948 0.640741 0.022396 0.083333
1 0.658594 0.275000 0.008854 0.037037
1 0.903125 0.415741 0.015625 0.050000
1 0.111979 0.673611 0.020833 0.078704
1 0.604948 0.530556 0.017188 0.066667
1 0.973958 0.543519 0.012500 0.070370
1 0.551823 0.401852 0.010937 0.051852
1 0.438802 0.681481 0.020313 0.087037
1 0.535417 0.296296 0.009375 0.038889
1 0.668490 0.619444 0.010937 0.070370
1 0.673698 0.325463 0.011979 0.043519
1 0.349740 0.360185 0.009896 0.050000
1 0.539323 0.490278 0.014063 0.063889
1 0.521875 0.436574 0.012500 0.058333
1 0.387500 0.345833 0.009375 0.045370
1 0.635938 0.374074 0.014583 0.044444
1 0.155208 0.680556 0.025000 0.077778
1 0.602083 0.510185 0.012500 0.061111
1 0.819271 0.512037 0.021875 0.064815
1 0.078906 0.581481 0.023438 0.075926
0 0.886198 0.498148 0.005729 0.007407
