1 0.563542 0.549537 0.015625 0.062037
1 0.163281 0.643519 0.021354 0.081481
1 0.048958 0.339352 0.011458 0.043519
1 0.876823 0.649074 0.018229 0.075926
1 0.185156 0.459259 0.013021 0.053704
1 0.305469 0.505093 0.013021 0.062037
1 0.392448 0.920833 0.021354 0.093519
1 0.399219 0.362037 0.008854 0.042593
1 0.111719 0.541204 0.016146 0.065741
1 0.608073 0.288426 0.007812 0.034259
1 0.150000 0.592130 0.014583 0.050926
1 0.785156 0.383333 0.011979 0.046296
1 0.328125 0.298148 0.007292 0.037037
1 0.360938 0.376852 0.010417 0.046296
1 0.351302 0.416204 0.009896 0.049074
1 0.386458 0.268056 0.005208 0.028704
1 0.441927 0.347222 0.009896 0.042593
1 0.217708 0.438426 0.012500 0.056481
1 0.258333 0.539815 0.015625 0.062963
1 0.308854 0.672685 0.017708 0.080556
1 0.242969 0.373148 0.007812 0.048148
1 0.491927 0.487500 0.013021 0.058333
0 0.815885 0.566667 0.005729 0.009259
1 0.392708 0.224074 0.007292 0.024074
