1 0.655729 0.469444 0.017708 0.051852
1 0.235937 0.594907 0.030208 0.062037
1 0.067448 0.281944 0.010937 0.037963
1 0.855729 0.541667 0.022917 0.061111
1 0.283594 0.475000 0.020313 0.055556
1 0.368750 0.523611 0.019792 0.054630
1 0.821615 0.714815 0.030729 0.068519
1 0.511719 0.365278 0.008854 0.039815
1 0.021354 0.612963 0.019792 0.072222
1 0.648177 0.249074 0.007812 0.029630
1 0.091146 0.705093 0.013542 0.073148
1 0.738542 0.339815 0.010417 0.042593
1 0.390625 0.260185 0.009375 0.035185
1 0.442188 0.372685 0.013542 0.043519
1 0.415625 0.381944 0.015625 0.047222
1 0.402083 0.266667 0.008333 0.033333
1 0.569531 0.288426 0.015104 0.034259
1 0.318750 0.475926 0.016667 0.051852
1 0.368229 0.580556 0.014583 0.062963
1 0.838802 0.631019 0.033854 0.063889
1 0.251302 0.337037 0.013021 0.044444
1 0.871615 0.516667 0.014063 0.050000
1 0.412292 0.162194 0.005937 0.019019
