1 0.680208 0.441667 0.013542 0.051852
1 0.444792 0.680093 0.029167 0.067593
1 0.833333 0.257870 0.012500 0.034259
1 0.858073 0.432407 0.020313 0.051852
1 0.308594 0.562963 0.025521 0.055556
1 0.465104 0.553241 0.028125 0.062037
1 0.867448 0.553241 0.023438 0.063889
1 0.522135 0.379167 0.010937 0.049074
1 0.087240 0.745833 0.040104 0.067593
1 0.560677 0.224537 0.007812 0.030556
1 0.130990 0.860185 0.036979 0.083333
1 0.650260 0.278241 0.008854 0.037963
1 0.240885 0.278241 0.014063 0.039815
1 0.461198 0.414352 0.011979 0.050926
1 0.432812 0.378241 0.014583 0.039815
1 0.283073 0.271296 0.008854 0.031481
1 0.554427 0.286111 0.016146 0.038889
1 0.376042 0.612037 0.031250 0.064815
1 0.499219 0.587037 0.029687 0.064815
1 0.875339 0.536690 0.014583 0.053231
1 0.078385 0.456944 0.022396 0.056481
1 0.885938 0.450926 0.018750 0.053704
0 0.059115 0.845833 0.009896 0.013889
1 0.195052 0.186111 0.007812 0.024074
