1 0.673438 0.420370 0.015625 0.057407
1 0.094010 0.588426 0.031771 0.076852
1 0.050521 0.226852 0.014583 0.050000
1 0.667188 0.608796 0.031250 0.073148
1 0.205469 0.328241 0.015104 0.050926
1 0.536719 0.499074 0.015104 0.064815
1 0.354427 0.862963 0.026562 0.111111
1 0.469271 0.234722 0.012500 0.043519
1 0.410156 0.472222 0.021354 0.059259
1 0.677083 0.143056 0.007292 0.037963
1 0.140625 0.630556 0.022917 0.088889
1 0.883333 0.318981 0.017708 0.056481
1 0.369010 0.157407 0.009896 0.040741
1 0.425000 0.302315 0.015625 0.052778
1 0.447396 0.314815 0.012500 0.057407
1 0.445312 0.136574 0.009375 0.032407
1 0.608073 0.237963 0.015104 0.044444
1 0.297917 0.315741 0.015625 0.051852
1 0.473177 0.468056 0.026562 0.058333
1 0.443229 0.610185 0.022917 0.064815
1 0.275260 0.253241 0.014063 0.054630
1 0.675781 0.551389 0.028646 0.073148
0 0.614323 0.672685 0.008854 0.012037
1 0.438021 0.100000 0.008333 0.025926
