1 0.747656 0.456944 0.017188 0.050926
1 0.428385 0.634722 0.025521 0.069444
1 0.060417 0.292593 0.016667 0.038889
1 0.966667 0.524074 0.023958 0.059259
1 0.405469 0.484259 0.022396 0.051852
1 0.522164 0.534769 0.024057 0.047389
1 0.970052 0.673611 0.030729 0.075000
1 0.608594 0.377778 0.009896 0.042593
1 0.119531 0.720833 0.034896 0.082407
1 0.715885 0.241667 0.011979 0.031481
1 0.177424 0.640954 0.020453 0.042630
1 0.781250 0.302778 0.013542 0.038889
1 0.442448 0.242593 0.010937 0.035185
1 0.553125 0.388426 0.012500 0.045370
1 0.524479 0.368056 0.015625 0.045370
1 0.455729 0.251389 0.009375 0.028704
1 0.665885 0.283333 0.015104 0.035185
1 0.428125 0.537500 0.023958 0.058333
1 0.510938 0.587037 0.016667 0.062963
1 0.985677 0.624074 0.017188 0.059259
1 0.280208 0.350000 0.012500 0.048148
1 0.994531 0.519907 0.009896 0.063889
1 0.425260 0.156944 0.006771 0.021296
