1 0.747135 0.411574 0.016146 0.062037
1 0.692187 0.689352 0.031250 0.091667
1 0.863021 0.406944 0.017708 0.058333
1 0.592969 0.532407 0.023438 0.081481
1 0.950521 0.551852 0.027083 0.077778
1 0.613542 0.368519 0.017708 0.057407
1 0.364844 0.484722 0.018229 0.075000
1 0.641667 0.284259 0.017708 0.050000
1 0.714323 0.564352 0.016146 0.073148
1 0.766406 0.310185 0.021354 0.048148
1 0.384635 0.310185 0.014063 0.048148
1 0.438542 0.470833 0.019792 0.067593
1 0.500260 0.265741 0.011979 0.046296
1 0.540365 0.323148 0.019271 0.051852
1 0.021875 0.370833 0.020833 0.058333
1 0.613281 0.462037 0.019271 0.072222
1 0.880729 0.612500 0.028125 0.086111
1 0.130469 0.326852 0.015104 0.050000
1 0.635677 0.368981 0.021354 0.060185
0 0.170052 0.244444 0.007812 0.011111
1 0.102062 0.164056 0.008771 0.033852
