1 0.681771 0.543519 0.015625 0.050000
1 0.161719 0.620833 0.016146 0.073148
1 0.047135 0.389352 0.011979 0.047222
1 0.873437 0.643056 0.017708 0.078704
1 0.251563 0.461574 0.011458 0.052778
1 0.358594 0.492593 0.011979 0.061111
1 0.406771 0.967130 0.021875 0.063889
1 0.444792 0.388426 0.007292 0.043519
1 0.192188 0.526389 0.013542 0.063889
1 0.689583 0.326852 0.007292 0.033333
1 0.092969 0.688426 0.023438 0.073148
1 0.819010 0.427315 0.009896 0.047222
1 0.391146 0.320833 0.007292 0.036111
1 0.413542 0.390741 0.010417 0.037037
1 0.413021 0.425000 0.010417 0.046296
1 0.452865 0.300926 0.006771 0.029630
1 0.509896 0.369444 0.007292 0.040741
1 0.267188 0.450463 0.011458 0.050926
1 0.296354 0.574074 0.013542 0.066667
1 0.339323 0.666667 0.016146 0.075926
1 0.304688 0.389352 0.009375 0.047222
1 0.617708 0.496759 0.012500 0.056481
0 0.805990 0.443056 0.004687 0.008333
1 0.418750 0.281019 0.007292 0.028704
