1 0.859635 0.371296 0.014063 0.053704
1 0.561198 0.648148 0.029687 0.087037
1 0.761458 0.192593 0.010417 0.042593
1 0.952604 0.345833 0.016667 0.052778
1 0.132812 0.598611 0.030208 0.082407
1 0.604167 0.455093 0.014583 0.065741
1 0.553646 0.281481 0.015625 0.046296
1 0.310156 0.709722 0.028646 0.095370
1 0.488542 0.155556 0.007292 0.035185
1 0.522656 0.755556 0.031771 0.090741
1 0.645573 0.183333 0.013021 0.037037
1 0.182031 0.258333 0.007812 0.050000
1 0.529948 0.321296 0.016146 0.048148
1 0.497656 0.339352 0.011979 0.058333
1 0.233333 0.223148 0.009375 0.037037
1 0.571354 0.234259 0.008333 0.040741
1 0.162760 0.570833 0.016146 0.082407
1 0.619531 0.507407 0.025521 0.070370
1 0.919010 0.416667 0.024479 0.053704
1 0.071615 0.420833 0.014063 0.060185
1 0.898177 0.330093 0.017188 0.043519
0 0.964063 0.295370 0.004167 0.007407
1 0.043490 0.168056 0.009896 0.036111
