1 0.731510 0.353241 0.018229 0.049074
1 0.546875 0.587500 0.028125 0.067593
1 0.712760 0.187963 0.015104 0.038889
1 0.886458 0.333796 0.012500 0.043519
1 0.117448 0.603241 0.024479 0.076852
1 0.572135 0.502778 0.025521 0.062963
1 0.948958 0.499074 0.021875 0.066667
1 0.482292 0.279167 0.013542 0.043519
1 0.245573 0.756481 0.034896 0.090741
1 0.430729 0.148148 0.008333 0.029630
1 0.386198 0.767593 0.028646 0.088889
1 0.575781 0.180093 0.007812 0.036111
1 0.095312 0.258333 0.018750 0.044444
1 0.491667 0.340741 0.016667 0.048148
1 0.420573 0.333796 0.016146 0.049074
1 0.147656 0.225463 0.013021 0.034259
1 0.532813 0.233333 0.011458 0.042593
1 0.189062 0.563889 0.020833 0.070370
1 0.630469 0.537037 0.024479 0.068519
1 0.891927 0.437500 0.021354 0.058333
1 0.012240 0.452778 0.024479 0.068519
1 0.880208 0.353704 0.015625 0.055556
0 0.564323 0.294444 0.008854 0.011111
1 0.008854 0.162963 0.008333 0.033333
