1 0.753385 0.467130 0.013021 0.052778
1 0.759896 0.600000 0.019792 0.070370
1 0.789844 0.292130 0.007812 0.036111
1 0.852865 0.432870 0.016146 0.045370
1 0.177344 0.520833 0.017188 0.060185
1 0.660156 0.555556 0.021354 0.064815
1 0.871615 0.525926 0.023438 0.050000
1 0.655990 0.420370 0.013021 0.040741
1 0.527083 0.625926 0.018750 0.066667
1 0.659375 0.344907 0.010417 0.039815
1 0.793229 0.577778 0.021875 0.062963
1 0.785677 0.396296 0.011979 0.042593
1 0.475000 0.357407 0.008333 0.044444
1 0.594010 0.499074 0.014063 0.057407
1 0.564583 0.403704 0.009375 0.048148
1 0.507812 0.351852 0.010417 0.040741
1 0.662398 0.379972 0.008745 0.040444
1 0.146615 0.542130 0.014063 0.058333
1 0.696354 0.517593 0.016667 0.059259
1 0.822656 0.511111 0.021354 0.057407
1 0.245312 0.454167 0.013542 0.052778
1 0.894271 0.489815 0.022917 0.050000
1 0.168490 0.257870 0.006771 0.026852
