1 0.614583 0.469907 0.020833 0.062037
1 0.114062 0.612963 0.026042 0.083333
1 0.103646 0.233796 0.012500 0.047222
1 0.815625 0.593519 0.020833 0.066667
1 0.270573 0.308333 0.018229 0.050000
1 0.561719 0.467130 0.025521 0.056481
1 0.308594 0.804630 0.022396 0.096296
1 0.487760 0.256481 0.011979 0.046296
1 0.317969 0.503241 0.022396 0.060185
1 0.666667 0.175463 0.007292 0.032407
1 0.089583 0.653241 0.026042 0.075000
1 0.883594 0.341204 0.020313 0.054630
1 0.408073 0.185185 0.009896 0.040741
1 0.481771 0.318519 0.012500 0.046296
1 0.409375 0.334722 0.019792 0.054630
1 0.467187 0.161111 0.009375 0.031481
1 0.595833 0.258796 0.014583 0.043519
1 0.314323 0.279630 0.009896 0.046296
1 0.417448 0.535185 0.020313 0.075926
1 0.443490 0.635185 0.018229 0.088889
1 0.331771 0.267130 0.014583 0.049074
1 0.782031 0.493056 0.027604 0.054630
0 0.798698 0.620370 0.006771 0.011111
1 0.465104 0.124537 0.006250 0.026852
