1 0.753125 0.417593 0.023958 0.057407
1 0.701562 0.687963 0.026042 0.092593
1 0.863542 0.412500 0.023958 0.056481
1 0.005729 0.361111 0.011458 0.051852
1 0.599479 0.533333 0.025000 0.075926
1 0.956510 0.556019 0.015104 0.075000
1 0.621354 0.373148 0.023958 0.055556
1 0.377083 0.488426 0.028125 0.076852
1 0.645833 0.290278 0.011458 0.050926
1 0.721615 0.568519 0.027604 0.074074
1 0.770573 0.318056 0.020313 0.045370
1 0.396094 0.313426 0.021354 0.052778
1 0.450000 0.470833 0.028125 0.065741
1 0.546875 0.313426 0.011458 0.049074
1 0.504687 0.274074 0.012500 0.046296
1 0.551562 0.329630 0.013542 0.050000
1 0.024479 0.382870 0.019792 0.056481
1 0.620573 0.467130 0.015104 0.073148
1 0.889062 0.612037 0.025000 0.088889
1 0.142448 0.335185 0.016146 0.051852
1 0.645833 0.374537 0.017708 0.058333
0 0.211198 0.231019 0.007812 0.012037
1 0.114891 0.174523 0.008771 0.033861
