1 0.423698 0.560648 0.014063 0.062037
1 0.133854 0.613889 0.019792 0.062963
1 0.086458 0.298148 0.013542 0.037037
1 0.915104 0.697222 0.017708 0.077778
1 0.118490 0.452778 0.013021 0.048148
1 0.224740 0.499537 0.020313 0.054630
1 0.288021 0.776852 0.019792 0.064815
1 0.385156 0.386111 0.009896 0.046296
1 0.074219 0.518056 0.023438 0.056481
1 0.555208 0.289352 0.007292 0.034259
1 0.183594 0.629630 0.017188 0.072222
1 0.700521 0.376852 0.010417 0.044444
1 0.289583 0.294907 0.012500 0.034259
1 0.325521 0.396759 0.012500 0.045370
1 0.300000 0.431481 0.014583 0.050000
1 0.354427 0.272685 0.005729 0.030556
1 0.418490 0.361111 0.007812 0.042593
1 0.151042 0.439352 0.013542 0.050926
1 0.239323 0.489815 0.013021 0.055556
1 0.992448 0.916204 0.014063 0.084259
1 0.286979 0.636111 0.013542 0.062963
1 0.206510 0.376852 0.014063 0.044444
1 0.502865 0.519444 0.015104 0.057407
0 0.597396 0.700926 0.008333 0.011111
1 0.386714 0.195782 0.008073 0.021287
