1 0.649740 0.415278 0.008854 0.047222
1 0.670573 0.599074 0.016146 0.068519
1 0.637240 0.274074 0.007812 0.033333
1 0.777083 0.394907 0.013542 0.039815
1 0.078646 0.608333 0.019792 0.070370
1 0.576562 0.527778 0.014583 0.062963
1 0.890365 0.505093 0.021354 0.054630
1 0.571615 0.387963 0.008854 0.050000
1 0.495052 0.641204 0.023438 0.080556
1 0.575781 0.322685 0.007812 0.039815
1 0.694792 0.569444 0.015625 0.062963
1 0.671354 0.346296 0.008333 0.042593
1 0.353125 0.359259 0.010417 0.046296
1 0.521875 0.482407 0.016667 0.061111
1 0.479687 0.414352 0.009375 0.050926
1 0.400521 0.350000 0.011458 0.040741
1 0.570859 0.359537 0.007344 0.041296
1 0.067448 0.619907 0.018229 0.071296
1 0.610938 0.494444 0.010417 0.059259
1 0.971896 0.486806 0.014490 0.056944
1 0.750521 0.459722 0.016667 0.052778
1 0.119010 0.503704 0.018229 0.059259
1 0.995573 0.510185 0.010937 0.050000
1 0.005469 0.277315 0.010937 0.032407
