1 0.794792 0.521296 0.018750 0.057407
1 0.780990 0.648611 0.023438 0.073148
1 0.867708 0.329630 0.010417 0.035185
1 0.879167 0.475463 0.017708 0.045370
1 0.175000 0.504630 0.013542 0.055556
1 0.688542 0.591667 0.023958 0.070370
1 0.869792 0.579167 0.025000 0.058333
1 0.686719 0.453704 0.015104 0.050000
1 0.506510 0.627778 0.019271 0.070370
1 0.679688 0.373148 0.012500 0.040741
1 0.821354 0.621759 0.013542 0.063889
1 0.809635 0.431019 0.015104 0.050926
1 0.506250 0.384722 0.014583 0.047222
1 0.605729 0.533796 0.017708 0.058333
1 0.587760 0.422222 0.013021 0.051852
1 0.542188 0.375463 0.012500 0.041667
1 0.676042 0.410185 0.013542 0.044444
1 0.118750 0.549074 0.014583 0.061111
1 0.724740 0.549074 0.015104 0.062963
1 0.857031 0.577315 0.020313 0.063889
1 0.265365 0.453704 0.011979 0.053704
1 0.824219 0.469907 0.013021 0.041667
0 0.941406 0.590741 0.006771 0.009259
1 0.205958 0.274597 0.009740 0.026380
