1 0.627344 0.477778 0.011979 0.053704
1 0.152083 0.543519 0.022917 0.064815
1 0.173437 0.215278 0.012500 0.037963
1 0.887240 0.597222 0.025521 0.066667
1 0.257812 0.391667 0.012500 0.050000
1 0.335938 0.455556 0.014583 0.055556
1 0.690365 0.746296 0.023438 0.072222
1 0.509896 0.312500 0.015625 0.039815
1 0.115625 0.450926 0.018750 0.059259
1 0.652604 0.224537 0.007292 0.032407
1 0.209115 0.618981 0.020313 0.063889
1 0.782552 0.370833 0.018229 0.052778
1 0.401042 0.227315 0.010417 0.039815
1 0.409115 0.318519 0.008854 0.037037
1 0.409375 0.351852 0.009375 0.050000
1 0.430208 0.232870 0.008333 0.037963
1 0.532292 0.272685 0.008333 0.039815
1 0.301823 0.363889 0.016146 0.048148
1 0.355990 0.453704 0.013021 0.059259
1 0.724740 0.632870 0.016146 0.063889
1 0.298698 0.285185 0.013021 0.046296
1 0.801302 0.510185 0.021354 0.062963
1 0.473177 0.120833 0.006771 0.023148
