1 0.622656 0.529167 0.013021 0.062037
1 0.132812 0.622685 0.018750 0.076852
1 0.008854 0.349074 0.014583 0.046296
1 0.871615 0.621296 0.020313 0.079630
1 0.190365 0.444907 0.011979 0.058333
1 0.304948 0.486111 0.011979 0.064815
1 0.393490 0.948611 0.021354 0.099074
1 0.398698 0.355093 0.008854 0.045370
1 0.125781 0.521296 0.014063 0.068519
1 0.630990 0.282407 0.007812 0.033333
1 0.089844 0.628704 0.017188 0.070370
1 0.795312 0.385648 0.011458 0.054630
1 0.333594 0.286111 0.006771 0.038889
1 0.362760 0.362963 0.008854 0.046296
1 0.359375 0.400463 0.011458 0.050926
1 0.394531 0.259722 0.005729 0.028704
1 0.457292 0.335185 0.008333 0.042593
1 0.226823 0.428241 0.014063 0.054630
1 0.250000 0.545370 0.014583 0.066667
1 0.303906 0.668981 0.015104 0.086111
1 0.245573 0.361574 0.010937 0.052778
1 0.533854 0.472685 0.013542 0.060185
0 0.794010 0.416667 0.004687 0.007407
1 0.383333 0.229167 0.008333 0.028704
