1 0.703125 0.328241 0.010417 0.075000
1 0.407813 0.845833 0.033333 0.106481
1 0.855990 0.374537 0.021354 0.080556
1 0.007812 0.237963 0.015625 0.066667
1 0.409375 0.522685 0.026042 0.095370
1 0.894531 0.509259 0.020313 0.096296
1 0.626823 0.259722 0.010937 0.065741
1 0.233333 0.350000 0.013542 0.077778
1 0.698958 0.196296 0.009375 0.059259
1 0.581510 0.650463 0.018229 0.099074
1 0.791927 0.250463 0.010937 0.071296
1 0.386198 0.175463 0.007812 0.060185
1 0.398177 0.369444 0.016146 0.079630
1 0.483073 0.189352 0.010937 0.058333
1 0.555208 0.173148 0.009375 0.053704
1 0.423438 0.249537 0.012500 0.065741
1 0.419010 0.171296 0.016146 0.053704
1 0.544010 0.383333 0.011979 0.079630
1 0.407552 0.699537 0.029687 0.095370
1 0.259896 0.200000 0.008333 0.064815
1 0.398958 0.337037 0.017708 0.075926
0 0.407813 0.272222 0.006250 0.011111
1 0.152344 0.049537 0.008854 0.039815
