1 0.630208 0.315741 0.012500 0.074074
1 0.352604 0.849074 0.044792 0.114815
1 0.781771 0.352778 0.018750 0.079630
1 0.360677 0.525463 0.033854 0.097222
1 0.840365 0.499074 0.020313 0.094444
1 0.547917 0.246759 0.013542 0.065741
1 0.157812 0.358333 0.012500 0.079630
1 0.602604 0.186111 0.011458 0.059259
1 0.500000 0.621296 0.018750 0.101852
1 0.714063 0.231481 0.013542 0.070370
1 0.304948 0.173611 0.009896 0.056481
1 0.323698 0.367130 0.011979 0.082407
1 0.435677 0.194907 0.015104 0.056481
1 0.477604 0.161111 0.008333 0.055556
1 0.335417 0.243981 0.015625 0.063889
1 0.327604 0.170370 0.016667 0.042593
1 0.473698 0.375000 0.014063 0.079630
1 0.373177 0.698148 0.044271 0.098148
1 0.176823 0.199537 0.009896 0.065741
1 0.334375 0.334722 0.015625 0.067593
0 0.226823 0.266667 0.007812 0.011111
1 0.058073 0.046759 0.008854 0.041667
