1 0.621615 0.478241 0.019271 0.054630
1 0.150000 0.544444 0.022917 0.062963
1 0.175000 0.214815 0.011458 0.037037
1 0.888281 0.598148 0.023438 0.066667
1 0.253906 0.388426 0.014063 0.050926
1 0.334896 0.452778 0.015625 0.055556
1 0.680469 0.745370 0.019271 0.074074
1 0.508073 0.311574 0.009896 0.041667
1 0.115885 0.447222 0.019271 0.057407
1 0.650521 0.221296 0.006250 0.035185
1 0.211719 0.615278 0.016146 0.060185
1 0.782813 0.369444 0.014583 0.051852
1 0.398438 0.225000 0.007292 0.040741
1 0.407292 0.317593 0.009375 0.035185
1 0.408594 0.352315 0.011979 0.050926
1 0.428906 0.231944 0.007812 0.036111
1 0.527083 0.271759 0.014583 0.039815
1 0.296875 0.358796 0.012500 0.050926
1 0.354948 0.448611 0.011979 0.054630
1 0.717969 0.630556 0.023438 0.064815
1 0.298958 0.282407 0.012500 0.044444
1 0.797396 0.508796 0.023958 0.060185
1 0.472656 0.120833 0.005729 0.021296
