1 0.669271 0.352315 0.027083 0.071296
1 0.564583 0.781019 0.043750 0.119444
1 0.833594 0.366667 0.016146 0.079630
1 0.473698 0.526389 0.035937 0.095370
1 0.891146 0.522222 0.033333 0.090741
1 0.541927 0.283796 0.016146 0.062037
1 0.223958 0.403241 0.027083 0.080556
1 0.606771 0.206481 0.012500 0.055556
1 0.588802 0.559722 0.028646 0.093519
1 0.738021 0.243519 0.019792 0.059259
1 0.278385 0.222222 0.015104 0.059259
1 0.319792 0.394444 0.019792 0.068519
1 0.483333 0.229167 0.016667 0.060185
1 0.468750 0.182407 0.012500 0.057407
1 0.414323 0.259259 0.023438 0.061111
1 0.182812 0.239815 0.028125 0.061111
1 0.528125 0.402315 0.015625 0.080556
1 0.676823 0.627315 0.044271 0.091667
1 0.146875 0.244907 0.025000 0.067593
1 0.488281 0.328704 0.022396 0.066667
1 0.039844 0.067593 0.008854 0.038889
