1 0.785156 0.456944 0.017188 0.045370
1 0.734115 0.655093 0.023438 0.082407
1 0.978906 0.308796 0.010937 0.039815
1 0.883594 0.447685 0.023438 0.049074
1 0.110677 0.396759 0.017188 0.047222
1 0.646354 0.544444 0.018750 0.064815
1 0.969531 0.575463 0.022396 0.060185
1 0.665885 0.410185 0.017188 0.050000
1 0.449479 0.518519 0.023958 0.059259
1 0.668490 0.328241 0.011979 0.043519
1 0.767448 0.587500 0.017188 0.069444
1 0.794792 0.363426 0.016667 0.041667
1 0.471615 0.348148 0.008854 0.046296
1 0.532292 0.493519 0.018750 0.059259
1 0.580469 0.357407 0.014063 0.046296
1 0.538021 0.322685 0.009375 0.032407
1 0.610677 0.366667 0.019271 0.048148
1 0.068750 0.444444 0.015625 0.055556
1 0.666667 0.490741 0.020833 0.055556
1 0.919010 0.601389 0.020313 0.075000
1 0.220833 0.375926 0.014583 0.050000
1 0.698438 0.397685 0.019792 0.047222
0 0.489789 0.192278 0.004568 0.006852
1 0.190930 0.222384 0.010505 0.030917
