1 0.741667 0.441204 0.015625 0.050926
1 0.454167 0.639352 0.032292 0.071296
1 0.953385 0.490741 0.017188 0.055556
1 0.397917 0.490741 0.016667 0.053704
1 0.522716 0.539324 0.020714 0.056796
1 0.958073 0.627778 0.025521 0.062963
1 0.602344 0.368981 0.017188 0.043519
1 0.131510 0.727778 0.029687 0.081481
1 0.692187 0.222685 0.009375 0.030556
1 0.170107 0.663491 0.035307 0.067593
1 0.761719 0.284259 0.008854 0.038889
1 0.410156 0.237037 0.010937 0.031481
1 0.544792 0.384259 0.017708 0.048148
1 0.516406 0.362500 0.010937 0.045370
1 0.428906 0.243519 0.008854 0.029630
1 0.650521 0.275463 0.011458 0.036111
1 0.431771 0.548148 0.016667 0.059259
1 0.522396 0.563889 0.022917 0.061111
1 0.970052 0.586574 0.016146 0.050926
1 0.245312 0.360185 0.016667 0.050000
1 0.989583 0.497222 0.020833 0.057407
0 0.093229 0.811111 0.009375 0.014815
1 0.383029 0.149796 0.006464 0.024000
