1 0.707292 0.462037 0.019792 0.066667
1 0.139323 0.531019 0.023438 0.067593
1 0.061198 0.231944 0.019271 0.052778
1 0.773177 0.684259 0.030729 0.075926
1 0.159635 0.375000 0.018229 0.064815
1 0.407292 0.623611 0.033333 0.065741
1 0.258893 0.817065 0.043047 0.061130
1 0.488021 0.246296 0.009375 0.051852
1 0.261719 0.437037 0.023438 0.070370
1 0.738281 0.156481 0.008854 0.035185
1 0.230990 0.569907 0.028646 0.071296
1 0.886979 0.350926 0.025000 0.062963
1 0.392969 0.168519 0.010937 0.046296
1 0.390104 0.354630 0.020833 0.061111
1 0.476823 0.338426 0.014063 0.060185
1 0.448177 0.151389 0.008854 0.036111
1 0.595573 0.254630 0.017188 0.051852
1 0.241927 0.380093 0.021354 0.065741
1 0.320052 0.400926 0.020313 0.061111
1 0.229167 0.818981 0.040625 0.099074
1 0.272396 0.263889 0.016667 0.053704
1 0.683854 0.607407 0.014583 0.085185
0 0.323958 0.847685 0.009375 0.015741
1 0.475521 0.091667 0.007292 0.025926
