1 0.574479 0.550000 0.012500 0.059259
1 0.159115 0.643519 0.018229 0.077778
1 0.045052 0.343056 0.011979 0.045370
1 0.878385 0.648611 0.017188 0.082407
1 0.186979 0.460185 0.012500 0.057407
1 0.304948 0.506944 0.014063 0.063889
1 0.395573 0.931944 0.024479 0.100926
1 0.399479 0.365278 0.008333 0.043519
1 0.114323 0.539815 0.018229 0.070370
1 0.611458 0.288426 0.007292 0.034259
1 0.145313 0.600926 0.014583 0.059259
1 0.788021 0.389352 0.015625 0.047222
1 0.328646 0.298148 0.008333 0.038889
1 0.361198 0.376389 0.010937 0.047222
1 0.351823 0.417130 0.011979 0.054630
1 0.388021 0.269444 0.006250 0.029630
1 0.443229 0.346296 0.009375 0.042593
1 0.219531 0.438889 0.010937 0.051852
1 0.257031 0.541204 0.014063 0.062037
1 0.307552 0.674074 0.016146 0.077778
1 0.243750 0.372685 0.010417 0.049074
1 0.495833 0.489352 0.011458 0.056481
0 0.805729 0.534259 0.005208 0.009259
1 0.391667 0.228241 0.007292 0.025000
