1 0.656510 0.459259 0.017188 0.061111
1 0.137500 0.618519 0.026042 0.081481
1 0.085677 0.234259 0.015104 0.044444
1 0.753385 0.599537 0.019271 0.075000
1 0.254948 0.311111 0.018229 0.044444
1 0.593750 0.492130 0.026042 0.062037
1 0.365365 0.852778 0.027604 0.101852
1 0.486719 0.245370 0.011979 0.044444
1 0.392969 0.522222 0.021354 0.070370
1 0.668229 0.162500 0.008333 0.028704
1 0.110677 0.671759 0.021354 0.086111
1 0.890104 0.331019 0.017708 0.052778
1 0.395052 0.180093 0.010937 0.037963
1 0.466406 0.309259 0.018229 0.046296
1 0.428125 0.327315 0.013542 0.054630
1 0.460156 0.154630 0.008854 0.029630
1 0.618490 0.256481 0.013021 0.040741
1 0.316667 0.291204 0.014583 0.037963
1 0.467187 0.531944 0.022917 0.073148
1 0.454948 0.588426 0.014063 0.078704
1 0.313021 0.271296 0.011458 0.044444
1 0.751823 0.522685 0.027604 0.067593
0 0.707552 0.627315 0.006771 0.012037
1 0.454688 0.117130 0.007292 0.026852
