1 0.596615 0.487963 0.015104 0.059259
1 0.113021 0.546759 0.019792 0.076852
1 0.168750 0.197222 0.011458 0.040741
1 0.906250 0.651852 0.026042 0.077778
1 0.201042 0.367130 0.014583 0.052778
1 0.294271 0.434259 0.016667 0.061111
1 0.535677 0.752778 0.032813 0.075926
1 0.482812 0.309259 0.010417 0.044444
1 0.103385 0.414352 0.022396 0.062037
1 0.634896 0.210185 0.008333 0.037037
1 0.240365 0.607870 0.021354 0.071296
1 0.776042 0.358796 0.016667 0.052778
1 0.375000 0.211574 0.010417 0.041667
1 0.391406 0.309722 0.013021 0.050926
1 0.379688 0.351852 0.009375 0.051852
1 0.419531 0.212500 0.008854 0.037963
1 0.485156 0.269907 0.011979 0.045370
1 0.260677 0.332407 0.013021 0.051852
1 0.303385 0.407407 0.014063 0.053704
1 0.598437 0.625000 0.019792 0.066667
1 0.277604 0.268519 0.013542 0.046296
1 0.744531 0.503704 0.020313 0.066667
1 0.462760 0.099074 0.005729 0.022222
