1 0.664844 0.450926 0.018229 0.066667
1 0.120573 0.587037 0.021354 0.079630
1 0.219792 0.240278 0.012500 0.049074
1 0.851302 0.621296 0.027604 0.074074
1 0.349479 0.325463 0.018750 0.054630
1 0.459375 0.490278 0.020833 0.071296
1 0.383854 0.768519 0.026042 0.107407
1 0.584375 0.282870 0.011458 0.050926
1 0.272135 0.460185 0.020313 0.066667
1 0.852865 0.211574 0.009896 0.039815
1 0.059896 0.721296 0.028125 0.068519
1 0.952083 0.417130 0.018750 0.067593
1 0.539323 0.201389 0.013021 0.045370
1 0.562500 0.360648 0.012500 0.058333
1 0.526042 0.346759 0.013542 0.060185
1 0.604427 0.180093 0.007812 0.036111
1 0.673698 0.302315 0.013021 0.054630
1 0.420312 0.303241 0.013542 0.052778
1 0.335938 0.489815 0.013542 0.057407
1 0.349479 0.643981 0.020833 0.091667
1 0.428646 0.274537 0.012500 0.054630
1 0.728125 0.471759 0.023958 0.067593
1 0.606250 0.144444 0.008333 0.029630
