1 0.697656 0.355556 0.014063 0.059259
1 0.202865 0.487963 0.025521 0.062963
1 0.203906 0.200000 0.017188 0.050000
1 0.775781 0.513426 0.029687 0.075000
1 0.376823 0.275463 0.013021 0.056481
1 0.529427 0.406481 0.019271 0.068519
1 0.381510 0.812037 0.035937 0.112963
1 0.592448 0.221296 0.010937 0.048148
1 0.338802 0.377315 0.032813 0.058333
1 0.856771 0.156019 0.009375 0.039815
1 0.092448 0.693519 0.020313 0.096296
1 0.941667 0.351389 0.016667 0.067593
1 0.551562 0.140741 0.009375 0.042593
1 0.605208 0.284722 0.011458 0.058333
1 0.556510 0.261111 0.010937 0.048148
1 0.601042 0.121296 0.008333 0.038889
1 0.667969 0.233333 0.010937 0.050000
1 0.421615 0.260185 0.010937 0.057407
1 0.399219 0.403241 0.020313 0.067593
1 0.389062 0.470370 0.018750 0.050000
1 0.445833 0.225000 0.017708 0.053704
1 0.755990 0.370833 0.016146 0.058333
0 0.627083 0.643981 0.010417 0.012037
1 0.601302 0.095370 0.006771 0.027778
