1 0.646615 0.313889 0.009896 0.075926
1 0.355208 0.850000 0.032292 0.107407
1 0.798958 0.356944 0.014583 0.080556
1 0.351042 0.517593 0.018750 0.100000
1 0.847135 0.497222 0.018229 0.092593
1 0.569792 0.247685 0.010417 0.065741
1 0.177344 0.350463 0.018229 0.082407
1 0.636458 0.182407 0.010417 0.059259
1 0.529427 0.641204 0.018229 0.099074
1 0.733594 0.234722 0.010937 0.071296
1 0.325260 0.169444 0.007812 0.061111
1 0.340625 0.367593 0.014583 0.079630
1 0.428906 0.185185 0.013021 0.062963
1 0.495573 0.162963 0.008854 0.055556
1 0.363021 0.244444 0.013542 0.066667
1 0.353125 0.165278 0.011458 0.054630
1 0.488802 0.375926 0.011979 0.079630
1 0.355469 0.703241 0.031771 0.093519
1 0.195312 0.197222 0.009375 0.066667
1 0.346354 0.332407 0.014583 0.074074
0 0.348958 0.267593 0.005208 0.011111
1 0.080990 0.045833 0.008854 0.041667
