1 0.484896 0.508333 0.020833 0.048148
1 0.167448 0.615278 0.017188 0.071296
1 0.075781 0.309259 0.014063 0.042593
1 0.875000 0.671296 0.026042 0.083333
1 0.172135 0.445833 0.018229 0.054630
1 0.295833 0.492130 0.015625 0.065741
1 0.366146 0.848611 0.016667 0.082407
1 0.401302 0.353704 0.007812 0.042593
1 0.110677 0.531944 0.013021 0.065741
1 0.592448 0.274537 0.005729 0.034259
1 0.179167 0.581481 0.014583 0.064815
1 0.756250 0.363889 0.012500 0.046296
1 0.322917 0.283333 0.009375 0.037037
1 0.355469 0.363889 0.009896 0.044444
1 0.344010 0.408333 0.010937 0.048148
1 0.380729 0.256944 0.006250 0.028704
1 0.435156 0.337963 0.007812 0.040741
1 0.206510 0.424537 0.011979 0.052778
1 0.261719 0.504630 0.017188 0.057407
1 0.313802 0.640278 0.018229 0.075000
1 0.248438 0.357870 0.010417 0.049074
1 0.482031 0.481019 0.013021 0.056481
0 0.853906 0.675463 0.006771 0.010185
1 0.396094 0.202315 0.006771 0.025000
