1 0.639062 0.330556 0.025000 0.072222
1 0.434375 0.819907 0.046875 0.115741
1 0.807031 0.357407 0.018229 0.081481
1 0.407031 0.525000 0.027604 0.090741
1 0.851823 0.507870 0.031771 0.091667
1 0.542448 0.253241 0.013021 0.063889
1 0.175000 0.362500 0.015625 0.076852
1 0.601823 0.189352 0.013021 0.056481
1 0.508594 0.583796 0.031771 0.067593
1 0.722396 0.232407 0.013542 0.066667
1 0.297656 0.189815 0.024479 0.066667
1 0.323698 0.368519 0.009896 0.081481
1 0.458073 0.202315 0.016146 0.062037
1 0.477083 0.164815 0.008333 0.053704
1 0.366667 0.242593 0.016667 0.066667
1 0.298422 0.199889 0.022885 0.054963
1 0.491927 0.378704 0.014063 0.079630
1 0.499479 0.658796 0.036458 0.089815
1 0.176823 0.203241 0.011979 0.062037
1 0.392708 0.331481 0.030208 0.068519
0 0.001302 0.275926 0.002604 0.012963
1 0.057031 0.048148 0.008854 0.040741
