1 0.897396 0.501852 0.016667 0.061111
1 0.641667 0.713426 0.014583 0.086111
1 0.736719 0.289352 0.009896 0.041667
1 0.911719 0.422222 0.016146 0.051852
1 0.141927 0.716667 0.017188 0.085185
1 0.599740 0.566667 0.022396 0.072222
1 0.550521 0.395833 0.010417 0.049074
1 0.373958 0.745833 0.014583 0.095370
1 0.519531 0.274537 0.008854 0.037963
1 0.680729 0.733796 0.020833 0.062037
1 0.659896 0.312500 0.012500 0.041667
1 0.244271 0.372222 0.014583 0.051852
1 0.514844 0.454167 0.014063 0.058333
1 0.501563 0.437500 0.011458 0.056481
1 0.308073 0.333333 0.014063 0.042593
1 0.586198 0.369907 0.009896 0.047222
1 0.171875 0.750000 0.021875 0.098148
1 0.574740 0.577315 0.015104 0.071296
1 0.866406 0.547222 0.021354 0.068519
1 0.076563 0.546759 0.013542 0.071296
1 0.874479 0.434722 0.018750 0.058333
0 0.890885 0.518519 0.005729 0.011111
1 0.034115 0.271296 0.009896 0.037037
