1 0.784115 0.525000 0.015104 0.057407
1 0.757031 0.659259 0.020313 0.072222
1 0.882031 0.343519 0.009896 0.037037
1 0.869792 0.483333 0.014583 0.048148
1 0.148698 0.491667 0.013021 0.051852
1 0.671875 0.589815 0.022917 0.066667
1 0.871875 0.593981 0.021875 0.065741
1 0.669792 0.461574 0.011458 0.049074
1 0.481510 0.614815 0.019271 0.072222
1 0.661198 0.377315 0.015104 0.039815
1 0.800000 0.629630 0.017708 0.062963
1 0.794010 0.428704 0.014063 0.046296
1 0.490104 0.395833 0.014583 0.045370
1 0.581250 0.543519 0.013542 0.059259
1 0.578125 0.422685 0.009375 0.045370
1 0.532552 0.379630 0.011979 0.040741
1 0.647656 0.417593 0.011979 0.046296
1 0.079687 0.551389 0.018750 0.063889
1 0.706250 0.546296 0.014583 0.059259
1 0.850260 0.594444 0.019271 0.053704
1 0.250000 0.451389 0.015625 0.052778
1 0.760938 0.456481 0.015625 0.042593
0 0.815365 0.463889 0.006771 0.011111
1 0.198932 0.281477 0.009740 0.026380
