1 0.788542 0.437037 0.010417 0.046296
1 0.656771 0.640278 0.022917 0.080556
1 0.656771 0.274074 0.008333 0.037037
1 0.901042 0.415278 0.014583 0.049074
1 0.106771 0.672222 0.021875 0.079630
1 0.606250 0.526389 0.014583 0.065741
1 0.972656 0.543981 0.016146 0.067593
1 0.551823 0.401852 0.013021 0.051852
1 0.441667 0.680556 0.022917 0.085185
1 0.536979 0.295833 0.007292 0.041667
1 0.671354 0.619444 0.013542 0.070370
1 0.674740 0.325000 0.010937 0.044444
1 0.351823 0.359722 0.011979 0.049074
1 0.541146 0.492593 0.015625 0.062963
1 0.521354 0.436111 0.011458 0.057407
1 0.390625 0.346759 0.010417 0.043519
1 0.633073 0.371759 0.014063 0.047222
1 0.147396 0.678704 0.023958 0.079630
1 0.603125 0.508333 0.012500 0.061111
1 0.821094 0.511111 0.021354 0.064815
1 0.073698 0.582407 0.019271 0.075926
0 0.913281 0.492130 0.005729 0.008333
