1 0.662760 0.415278 0.009896 0.045370
1 0.677083 0.612963 0.015625 0.075926
1 0.635677 0.274537 0.007812 0.032407
1 0.803646 0.395833 0.014583 0.043519
1 0.083073 0.617593 0.022396 0.070370
1 0.586719 0.527315 0.011979 0.063889
1 0.942802 0.519972 0.012844 0.057093
1 0.571615 0.389815 0.013021 0.044444
1 0.484115 0.641204 0.026562 0.082407
1 0.576302 0.318519 0.008854 0.038889
1 0.696615 0.584722 0.014063 0.062037
1 0.671875 0.342130 0.008333 0.041667
1 0.355729 0.358333 0.012500 0.046296
1 0.532292 0.481944 0.013542 0.062037
1 0.489063 0.418519 0.008333 0.051852
1 0.405208 0.350000 0.009375 0.042593
1 0.579948 0.362037 0.006771 0.044444
1 0.078385 0.633333 0.022396 0.070370
1 0.620573 0.492130 0.011979 0.058333
1 0.978286 0.486435 0.022177 0.063981
1 0.771875 0.463889 0.011458 0.051852
1 0.114062 0.513426 0.018750 0.063889
