1 0.676302 0.422222 0.017188 0.055556
1 0.479167 0.664815 0.025000 0.074074
1 0.754948 0.240741 0.010937 0.035185
1 0.845052 0.398611 0.015104 0.050926
1 0.261198 0.609259 0.036979 0.072222
1 0.477604 0.548148 0.023958 0.059259
1 0.862760 0.531944 0.016146 0.062037
1 0.488542 0.352315 0.013542 0.049074
1 0.119010 0.738426 0.043229 0.069444
1 0.486458 0.206944 0.007292 0.032407
1 0.248958 0.839815 0.048958 0.072222
1 0.600260 0.256481 0.008854 0.037037
1 0.143750 0.293056 0.013542 0.045370
1 0.450260 0.409722 0.022396 0.056481
1 0.402604 0.370833 0.018750 0.049074
1 0.198958 0.274537 0.013542 0.039815
1 0.523438 0.282870 0.010417 0.039815
1 0.289323 0.605093 0.015104 0.069444
1 0.526823 0.578704 0.023438 0.062963
1 0.853385 0.511574 0.017188 0.063889
1 0.014583 0.493981 0.026042 0.063889
1 0.856771 0.422685 0.014583 0.054630
0 0.135417 0.531944 0.009375 0.012037
1 0.084318 0.199032 0.009375 0.033620
