1 0.715885 0.334259 0.010937 0.072222
1 0.423438 0.845370 0.035417 0.098148
1 0.864844 0.381481 0.018229 0.077778
1 0.037240 0.240278 0.017188 0.065741
1 0.437760 0.529167 0.025521 0.097222
1 0.903385 0.514815 0.021354 0.094444
1 0.640625 0.266204 0.011458 0.063889
1 0.250521 0.351389 0.012500 0.078704
1 0.712500 0.204630 0.010417 0.057407
1 0.596615 0.651852 0.019271 0.096296
1 0.804427 0.259722 0.011979 0.067593
1 0.403646 0.181944 0.007292 0.058333
1 0.417187 0.374074 0.010417 0.075926
1 0.496615 0.192130 0.010937 0.056481
1 0.570833 0.181019 0.009375 0.052778
1 0.440365 0.255093 0.011979 0.063889
1 0.440365 0.177778 0.009896 0.053704
1 0.558594 0.387037 0.011979 0.079630
1 0.422656 0.696759 0.028646 0.095370
1 0.279427 0.204630 0.007812 0.064815
1 0.413021 0.342593 0.016667 0.075926
0 0.424740 0.277778 0.005729 0.011111
1 0.175000 0.055556 0.008333 0.038889
