1 0.668750 0.352315 0.026042 0.071296
1 0.563281 0.781944 0.042188 0.121296
1 0.833333 0.366204 0.017708 0.078704
1 0.472917 0.526389 0.036458 0.095370
1 0.889844 0.521759 0.033854 0.089815
1 0.541667 0.282870 0.016667 0.062037
1 0.223438 0.402778 0.028125 0.079630
1 0.606510 0.205093 0.011979 0.056481
1 0.588021 0.560185 0.028125 0.092593
1 0.737760 0.243519 0.019271 0.059259
1 0.278385 0.221296 0.015104 0.059259
1 0.319531 0.393981 0.020313 0.069444
1 0.483073 0.228704 0.016146 0.061111
1 0.468490 0.181944 0.013021 0.058333
1 0.413802 0.259259 0.022396 0.061111
1 0.184375 0.239352 0.027083 0.060185
1 0.527344 0.402315 0.016146 0.080556
1 0.674740 0.627778 0.043229 0.092593
1 0.147656 0.244907 0.025521 0.067593
1 0.487240 0.327778 0.023438 0.066667
1 0.039323 0.067593 0.008854 0.038889
