1 0.662240 0.467593 0.018229 0.050000
1 0.199740 0.549074 0.027604 0.061111
1 0.142969 0.234259 0.010937 0.037037
1 0.900000 0.575926 0.019792 0.062963
1 0.287760 0.422685 0.015104 0.050926
1 0.354948 0.489815 0.011979 0.061111
1 0.790104 0.752778 0.034375 0.070370
1 0.526563 0.329167 0.010417 0.041667
1 0.095052 0.500926 0.021354 0.061111
1 0.673438 0.233796 0.011458 0.034259
1 0.158854 0.650926 0.023958 0.064815
1 0.790885 0.360648 0.011979 0.047222
1 0.415365 0.236111 0.011979 0.037037
1 0.438542 0.339352 0.012500 0.043519
1 0.422917 0.358796 0.017708 0.050926
1 0.431771 0.244907 0.010417 0.032407
1 0.572135 0.274537 0.015104 0.037963
1 0.330469 0.402778 0.015104 0.046296
1 0.368229 0.512037 0.013542 0.062963
1 0.817187 0.648611 0.032292 0.065741
1 0.290365 0.301389 0.014063 0.045370
1 0.868490 0.526389 0.020313 0.060185
1 0.464583 0.131944 0.006250 0.021296
