1 0.861458 0.482407 0.016667 0.059259
1 0.636198 0.664815 0.028646 0.075926
1 0.699740 0.287963 0.008854 0.040741
1 0.892188 0.413426 0.013542 0.045370
1 0.148438 0.707870 0.025000 0.078704
1 0.591667 0.553241 0.014583 0.069444
1 0.995833 0.584259 0.009375 0.081481
1 0.539844 0.396759 0.014063 0.045370
1 0.360417 0.696759 0.020833 0.082407
1 0.511979 0.281019 0.007292 0.036111
1 0.658854 0.667130 0.015625 0.056481
1 0.651042 0.315741 0.009375 0.042593
1 0.263542 0.374537 0.015625 0.049074
1 0.507812 0.454630 0.010417 0.055556
1 0.497656 0.440278 0.007812 0.056481
1 0.319271 0.340278 0.014583 0.043519
1 0.591146 0.372685 0.016667 0.047222
1 0.178906 0.725926 0.020313 0.081481
1 0.571354 0.559722 0.015625 0.067593
1 0.815104 0.531481 0.020833 0.055556
1 0.068490 0.557407 0.014063 0.072222
1 0.880208 0.431019 0.013542 0.050926
0 0.852604 0.505093 0.005208 0.008333
1 0.008552 0.277250 0.009687 0.035463
