1 0.621094 0.510648 0.022396 0.063889
1 0.136719 0.587963 0.025521 0.064815
1 0.249479 0.256944 0.008333 0.047222
1 0.919531 0.700000 0.023438 0.090741
1 0.343750 0.348148 0.013542 0.050000
1 0.473438 0.518056 0.015625 0.062037
1 0.377865 0.716204 0.027604 0.075000
1 0.573177 0.310648 0.011979 0.049074
1 0.266667 0.514815 0.023958 0.070370
1 0.821354 0.240741 0.010417 0.040741
1 0.134896 0.721759 0.026042 0.091667
1 0.946094 0.439815 0.025521 0.059259
1 0.536458 0.232407 0.009375 0.042593
1 0.529427 0.404167 0.019271 0.054630
1 0.490104 0.383796 0.016667 0.058333
1 0.597917 0.211111 0.009375 0.035185
1 0.665365 0.336574 0.018229 0.047222
1 0.419271 0.318519 0.013542 0.050000
1 0.324479 0.557407 0.027083 0.066667
1 0.403125 0.701389 0.029167 0.091667
1 0.419271 0.300000 0.012500 0.040741
1 0.727865 0.535185 0.036979 0.064815
0 0.684635 0.755556 0.009896 0.012963
1 0.592448 0.168056 0.006771 0.026852
