1 0.726042 0.359259 0.012500 0.042593
1 0.536719 0.591667 0.026562 0.068519
1 0.711979 0.189352 0.011458 0.037963
1 0.882292 0.337963 0.010417 0.042593
1 0.125781 0.602778 0.018229 0.075926
1 0.566406 0.508796 0.026562 0.067593
1 0.941927 0.500463 0.025521 0.065741
1 0.480990 0.281944 0.014063 0.045370
1 0.238281 0.761111 0.043229 0.098148
1 0.430469 0.150000 0.007812 0.031481
1 0.378125 0.764815 0.032292 0.085185
1 0.574740 0.183796 0.007812 0.032407
1 0.092448 0.259259 0.018229 0.044444
1 0.488281 0.344907 0.019271 0.047222
1 0.417448 0.334259 0.018229 0.050000
1 0.146354 0.227778 0.012500 0.029630
1 0.530990 0.235648 0.011979 0.039815
1 0.194531 0.568981 0.021354 0.071296
1 0.625260 0.539352 0.026562 0.065741
1 0.888021 0.441204 0.018750 0.058333
1 0.009896 0.458333 0.019792 0.070370
1 0.877083 0.357870 0.014583 0.056481
0 0.526823 0.306481 0.008854 0.011111
1 0.013021 0.162500 0.007292 0.030556
