1 0.590104 0.481481 0.022917 0.064815
1 0.107813 0.585185 0.022917 0.075926
1 0.162240 0.232870 0.009896 0.045370
1 0.873437 0.652315 0.027083 0.089815
1 0.286198 0.321296 0.016146 0.053704
1 0.491406 0.472685 0.027604 0.062037
1 0.289583 0.742130 0.019792 0.082407
1 0.505469 0.274074 0.013021 0.046296
1 0.251563 0.499537 0.028125 0.060185
1 0.706250 0.193981 0.012500 0.034259
1 0.115104 0.662037 0.021875 0.081481
1 0.895052 0.372685 0.017188 0.052778
1 0.448437 0.197222 0.012500 0.037037
1 0.497135 0.351852 0.011979 0.053704
1 0.416146 0.353704 0.015625 0.053704
1 0.509375 0.174074 0.007292 0.031481
1 0.613802 0.286111 0.011979 0.044444
1 0.343750 0.284259 0.011458 0.046296
1 0.364844 0.543519 0.027604 0.072222
1 0.422396 0.648611 0.020833 0.078704
1 0.359375 0.269907 0.014583 0.049074
1 0.751042 0.494444 0.017708 0.062963
0 0.855990 0.663426 0.007812 0.012037
1 0.505469 0.134722 0.006771 0.023148
