1 0.659115 0.468981 0.014063 0.050926
1 0.245573 0.598148 0.023438 0.061111
1 0.063542 0.286111 0.010417 0.040741
1 0.858854 0.541667 0.015625 0.059259
1 0.291406 0.477315 0.023438 0.052778
1 0.375781 0.524074 0.021354 0.057407
1 0.828646 0.709259 0.027083 0.068519
1 0.515885 0.369907 0.013021 0.034259
1 0.016146 0.625000 0.020833 0.068519
1 0.650781 0.250926 0.011979 0.029630
1 0.091146 0.705093 0.018750 0.075000
1 0.737240 0.338889 0.010937 0.042593
1 0.393750 0.258333 0.010417 0.035185
1 0.448958 0.373148 0.016667 0.044444
1 0.422396 0.381019 0.021875 0.047222
1 0.405208 0.268981 0.011458 0.032407
1 0.574740 0.290278 0.007812 0.032407
1 0.321615 0.485648 0.014063 0.058333
1 0.375000 0.587500 0.021875 0.058333
1 0.847396 0.631944 0.017708 0.062037
1 0.251823 0.338426 0.010937 0.045370
1 0.874740 0.517130 0.022396 0.056481
1 0.410617 0.161227 0.005943 0.021954
