1 0.825521 0.440278 0.014583 0.050926
1 0.640253 0.629912 0.020089 0.078528
1 0.659375 0.277315 0.010417 0.036111
1 0.901042 0.405093 0.010417 0.049074
1 0.132292 0.681019 0.020833 0.082407
1 0.600000 0.531944 0.015625 0.065741
1 0.961979 0.540741 0.021875 0.066667
1 0.540885 0.397222 0.010937 0.050000
1 0.424219 0.685648 0.018229 0.086111
1 0.518490 0.288889 0.010937 0.040741
1 0.643620 0.614736 0.012656 0.078676
1 0.661719 0.325000 0.009896 0.044444
1 0.324219 0.362963 0.013021 0.048148
1 0.524740 0.470370 0.017188 0.059259
1 0.509896 0.435648 0.011458 0.056481
1 0.364063 0.341204 0.011458 0.043519
1 0.621615 0.366204 0.013021 0.047222
1 0.178906 0.683333 0.019271 0.083333
1 0.583594 0.518519 0.016146 0.061111
1 0.799740 0.502778 0.016146 0.055556
1 0.070052 0.587963 0.013021 0.075926
1 0.963542 0.452315 0.013542 0.054630
0 0.822344 0.458713 0.006979 0.008722
