1 0.576302 0.496296 0.017188 0.062963
1 0.100521 0.560648 0.026042 0.069444
1 0.147396 0.211111 0.011458 0.038889
1 0.916406 0.680556 0.030729 0.077778
1 0.175260 0.380093 0.016146 0.054630
1 0.262500 0.439352 0.012500 0.058333
1 0.436328 0.767704 0.022552 0.074407
1 0.455990 0.323148 0.011979 0.044444
1 0.089583 0.434722 0.014583 0.060185
1 0.612240 0.223611 0.007812 0.036111
1 0.243750 0.608796 0.015625 0.065741
1 0.760417 0.360185 0.013542 0.053704
1 0.353906 0.223611 0.008854 0.041667
1 0.372656 0.325000 0.013021 0.050000
1 0.354948 0.375000 0.011979 0.055556
1 0.406510 0.221759 0.010937 0.037963
1 0.457552 0.285648 0.007812 0.043519
1 0.237240 0.340741 0.013021 0.051852
1 0.263802 0.415741 0.011979 0.055556
1 0.514323 0.620370 0.023438 0.072222
1 0.257812 0.287500 0.015625 0.047222
1 0.706250 0.507870 0.019792 0.065741
0 0.407292 0.762963 0.009375 0.014815
1 0.444531 0.112037 0.006771 0.024074
