1 0.617448 0.468981 0.020313 0.063889
1 0.117969 0.613889 0.024479 0.083333
1 0.103646 0.233333 0.011458 0.048148
1 0.812240 0.593056 0.023438 0.065741
1 0.271875 0.308796 0.017708 0.049074
1 0.566146 0.469444 0.018750 0.055556
1 0.313021 0.806019 0.028125 0.097222
1 0.489323 0.256019 0.013021 0.045370
1 0.322917 0.503704 0.026042 0.062963
1 0.667448 0.174074 0.008854 0.031481
1 0.092188 0.652778 0.030208 0.074074
1 0.883333 0.339815 0.021875 0.053704
1 0.409115 0.185185 0.010937 0.040741
1 0.483854 0.316204 0.010417 0.045370
1 0.411198 0.334259 0.017188 0.053704
1 0.467187 0.161111 0.009375 0.031481
1 0.597656 0.258333 0.014063 0.042593
1 0.315885 0.279167 0.011979 0.047222
1 0.421094 0.531944 0.024479 0.073148
1 0.447135 0.631019 0.023438 0.089815
1 0.332292 0.266204 0.013542 0.049074
1 0.783073 0.496759 0.025521 0.056481
0 0.796094 0.619907 0.007812 0.012037
1 0.465104 0.124537 0.006250 0.026852
