1 0.629948 0.314815 0.011979 0.074074
1 0.349219 0.849074 0.040104 0.112963
1 0.781250 0.353704 0.017708 0.079630
1 0.357812 0.525463 0.029167 0.099074
1 0.839583 0.499537 0.019792 0.095370
1 0.548438 0.247222 0.012500 0.064815
1 0.157552 0.357870 0.014063 0.080556
1 0.602604 0.185648 0.012500 0.060185
1 0.503125 0.623611 0.020833 0.100926
1 0.713802 0.231481 0.013021 0.070370
1 0.304948 0.172222 0.009896 0.059259
1 0.323698 0.367593 0.011979 0.081481
1 0.433333 0.193981 0.013542 0.056481
1 0.477344 0.161574 0.008854 0.056481
1 0.333208 0.242389 0.022354 0.064815
1 0.330990 0.169444 0.015104 0.044444
1 0.472917 0.375000 0.013542 0.079630
1 0.361979 0.698611 0.044792 0.095370
1 0.176302 0.198611 0.008854 0.067593
1 0.330990 0.333796 0.015104 0.069444
0 0.249219 0.265741 0.007812 0.009259
1 0.058594 0.047222 0.008854 0.040741
