1 0.628646 0.311574 0.010417 0.075000
1 0.343229 0.852315 0.032292 0.108333
1 0.780208 0.352778 0.013542 0.079630
1 0.336719 0.521759 0.026562 0.097222
1 0.840365 0.498148 0.020313 0.096296
1 0.551302 0.246759 0.009896 0.065741
1 0.156771 0.357870 0.016667 0.080556
1 0.605469 0.183796 0.011979 0.058333
1 0.508594 0.628704 0.022396 0.101852
1 0.715104 0.231481 0.010417 0.070370
1 0.305729 0.169444 0.008333 0.061111
1 0.323958 0.368981 0.012500 0.078704
1 0.426823 0.190741 0.020313 0.061111
1 0.477604 0.161111 0.008333 0.055556
1 0.341927 0.243981 0.023438 0.063889
1 0.336719 0.163889 0.011979 0.055556
1 0.471615 0.374537 0.011979 0.080556
1 0.339323 0.703241 0.026562 0.099074
1 0.175260 0.199074 0.008854 0.066667
1 0.323177 0.316667 0.015104 0.044444
1 0.058333 0.047222 0.009375 0.040741
