1 0.754427 0.423611 0.024479 0.056481
1 0.703125 0.685185 0.027083 0.096296
1 0.863542 0.417593 0.026042 0.055556
1 0.020052 0.367593 0.011979 0.046296
1 0.605990 0.535185 0.020313 0.068519
1 0.955208 0.556944 0.021875 0.073148
1 0.626823 0.380556 0.020313 0.051852
1 0.385677 0.493981 0.024479 0.073148
1 0.648698 0.295833 0.009896 0.049074
1 0.725521 0.571759 0.020833 0.069444
1 0.773177 0.324074 0.019271 0.044444
1 0.405729 0.319907 0.019792 0.052778
1 0.458854 0.476389 0.025000 0.065741
1 0.550000 0.322685 0.015625 0.047222
1 0.509375 0.283333 0.010417 0.040741
1 0.557552 0.335185 0.018229 0.048148
1 0.030729 0.388889 0.017708 0.053704
1 0.625000 0.473611 0.014583 0.069444
1 0.891146 0.610185 0.027083 0.081481
1 0.152604 0.341667 0.014583 0.050000
1 0.651823 0.380093 0.015104 0.056481
0 0.252339 0.216898 0.008333 0.011111
1 0.123932 0.180505 0.008771 0.033861
