1 0.819010 0.443056 0.017188 0.050926
1 0.648698 0.634259 0.016146 0.081481
1 0.660417 0.275926 0.009375 0.037037
1 0.905990 0.413889 0.013021 0.051852
1 0.126042 0.675463 0.025000 0.076852
1 0.605729 0.531481 0.013542 0.064815
1 0.970573 0.543519 0.011979 0.070370
1 0.550000 0.400000 0.011458 0.051852
1 0.433333 0.687037 0.019792 0.085185
1 0.528906 0.293519 0.008854 0.040741
1 0.658854 0.616667 0.011458 0.068519
1 0.669792 0.324537 0.009375 0.043519
1 0.343229 0.362037 0.014583 0.048148
1 0.534115 0.481481 0.014063 0.059259
1 0.520573 0.436111 0.013021 0.057407
1 0.378906 0.344444 0.009896 0.044444
1 0.631771 0.372685 0.008333 0.047222
1 0.171875 0.681019 0.026042 0.078704
1 0.596094 0.516667 0.013021 0.064815
1 0.814844 0.509722 0.020313 0.063889
1 0.082031 0.587037 0.023438 0.075926
1 0.995052 0.471296 0.008854 0.050000
0 0.851823 0.463889 0.004687 0.007407
