1 0.787760 0.335185 0.021354 0.048148
1 0.567448 0.588426 0.017188 0.084259
1 0.736979 0.169907 0.009375 0.041667
1 0.926042 0.323611 0.019792 0.054630
1 0.118490 0.565741 0.023438 0.079630
1 0.615625 0.457407 0.019792 0.064815
1 0.515625 0.256019 0.012500 0.047222
1 0.304167 0.714352 0.022917 0.097222
1 0.454948 0.129630 0.009896 0.031481
1 0.460938 0.735648 0.026042 0.095370
1 0.609115 0.157870 0.010937 0.032407
1 0.139844 0.236111 0.016146 0.046296
1 0.524740 0.306019 0.016146 0.049074
1 0.470052 0.315741 0.016146 0.059259
1 0.186458 0.199074 0.014583 0.038889
1 0.553385 0.209722 0.008854 0.045370
1 0.157552 0.528241 0.021354 0.062037
1 0.650260 0.488426 0.016146 0.063889
1 0.916406 0.407870 0.013021 0.062037
1 0.055469 0.416667 0.025521 0.068519
1 0.903646 0.323148 0.014583 0.055556
0 0.861979 0.305556 0.007292 0.011111
1 0.012760 0.146759 0.010937 0.037963
