1 0.606771 0.533796 0.011458 0.060185
1 0.139063 0.630093 0.017708 0.076852
1 0.017188 0.344444 0.013542 0.046296
1 0.877344 0.629167 0.017188 0.082407
1 0.186198 0.449074 0.013021 0.061111
1 0.301823 0.492130 0.013021 0.065741
1 0.394792 0.945370 0.023958 0.103704
1 0.396615 0.355093 0.008854 0.045370
1 0.117969 0.526389 0.017188 0.071296
1 0.622917 0.280556 0.007292 0.035185
1 0.106510 0.612500 0.014063 0.065741
1 0.788802 0.381944 0.013021 0.049074
1 0.329167 0.286111 0.008333 0.038889
1 0.360156 0.363426 0.010937 0.045370
1 0.354948 0.404630 0.011979 0.055556
1 0.389583 0.259259 0.006250 0.029630
1 0.450260 0.336111 0.008854 0.044444
1 0.222656 0.430093 0.013021 0.054630
1 0.249740 0.544907 0.015104 0.067593
1 0.302865 0.675463 0.016146 0.086111
1 0.241927 0.362500 0.009896 0.050926
1 0.517188 0.476389 0.013542 0.062037
0 0.791406 0.439352 0.004687 0.008333
1 0.383594 0.224537 0.007812 0.026852
