1 0.593490 0.488426 0.014063 0.058333
1 0.109375 0.544907 0.020833 0.073148
1 0.165885 0.195833 0.013021 0.039815
1 0.908854 0.658796 0.029167 0.078704
1 0.196354 0.366204 0.014583 0.052778
1 0.287500 0.430556 0.015625 0.062963
1 0.514844 0.758796 0.024479 0.075000
1 0.477083 0.310185 0.010417 0.040741
1 0.102344 0.413889 0.017188 0.064815
1 0.632292 0.209259 0.007292 0.037037
1 0.241927 0.603241 0.019271 0.067593
1 0.775000 0.356019 0.013542 0.052778
1 0.371615 0.211111 0.009896 0.040741
1 0.389062 0.309722 0.013542 0.052778
1 0.375260 0.354167 0.011979 0.052778
1 0.419010 0.211111 0.010937 0.038889
1 0.480208 0.265741 0.008333 0.037037
1 0.257292 0.331019 0.014583 0.050926
1 0.295573 0.405093 0.016146 0.052778
1 0.579688 0.622222 0.026042 0.072222
1 0.273438 0.268519 0.011458 0.046296
1 0.739844 0.500926 0.015104 0.064815
1 0.460417 0.099074 0.006250 0.024074
