1 0.601302 0.486574 0.009896 0.060185
1 0.115885 0.545370 0.020313 0.075926
1 0.170833 0.198611 0.010417 0.041667
1 0.902344 0.643981 0.026562 0.076852
1 0.205990 0.368519 0.014063 0.051852
1 0.298958 0.434259 0.013542 0.061111
1 0.549479 0.752315 0.026042 0.076852
1 0.485677 0.308796 0.014063 0.045370
1 0.104167 0.413889 0.025000 0.059259
1 0.636198 0.210185 0.009896 0.037037
1 0.238802 0.606944 0.021354 0.069444
1 0.776823 0.359722 0.017188 0.050926
1 0.377604 0.212037 0.008333 0.040741
1 0.392708 0.309722 0.011458 0.049074
1 0.384896 0.350926 0.012500 0.051852
1 0.421615 0.212963 0.009896 0.038889
1 0.488542 0.268519 0.008333 0.044444
1 0.263802 0.335185 0.014063 0.053704
1 0.311979 0.407407 0.018750 0.051852
1 0.610677 0.623148 0.023438 0.068519
1 0.280990 0.268056 0.015104 0.045370
1 0.748437 0.502778 0.019792 0.066667
1 0.464323 0.100000 0.006771 0.024074
