1 0.793490 0.521759 0.014063 0.058333
1 0.776302 0.650463 0.021354 0.075000
1 0.873437 0.334259 0.009375 0.037037
1 0.880469 0.476389 0.016146 0.045370
1 0.170833 0.502315 0.016667 0.056481
1 0.688281 0.589352 0.017188 0.069444
1 0.870833 0.587037 0.023958 0.055556
1 0.683073 0.455556 0.009896 0.048148
1 0.499479 0.627778 0.019792 0.068519
1 0.677083 0.378704 0.009375 0.035185
1 0.816927 0.624537 0.014063 0.067593
1 0.806771 0.427315 0.012500 0.047222
1 0.503125 0.389815 0.009375 0.044444
1 0.602344 0.537037 0.017188 0.061111
1 0.586979 0.423611 0.011458 0.047222
1 0.541146 0.378241 0.008333 0.039815
1 0.670052 0.411574 0.017188 0.045370
1 0.108854 0.551852 0.027083 0.061111
1 0.722917 0.548148 0.011458 0.059259
1 0.854948 0.580093 0.023438 0.058333
1 0.263281 0.456019 0.015104 0.052778
1 0.807031 0.465741 0.018229 0.044444
0 0.920833 0.619907 0.006250 0.010185
1 0.205458 0.277153 0.009740 0.026380
