1 0.725781 0.458333 0.011979 0.051852
1 0.392708 0.626852 0.022917 0.066667
1 0.058854 0.294444 0.014583 0.040741
1 0.934896 0.526389 0.016667 0.058333
1 0.384635 0.483796 0.021354 0.050926
1 0.488021 0.534722 0.027083 0.060185
1 0.936979 0.676389 0.031250 0.067593
1 0.586719 0.382407 0.010937 0.040741
1 0.077865 0.724074 0.028646 0.085185
1 0.699740 0.246759 0.011979 0.028704
1 0.159375 0.654167 0.017708 0.050926
1 0.765625 0.309722 0.011458 0.037963
1 0.432292 0.250463 0.012500 0.032407
1 0.530990 0.388426 0.011979 0.043519
1 0.500781 0.373148 0.011979 0.044444
1 0.443750 0.258333 0.011458 0.029630
1 0.642708 0.285648 0.011458 0.034259
1 0.402865 0.535185 0.018229 0.059259
1 0.484896 0.598611 0.023958 0.065741
1 0.952604 0.625463 0.018750 0.058333
1 0.272396 0.351852 0.012500 0.046296
1 0.972917 0.520370 0.021875 0.055556
1 0.418805 0.162287 0.007016 0.021944
