1 0.563021 0.507870 0.014583 0.056481
1 0.089323 0.579630 0.020313 0.068519
1 0.126823 0.231944 0.011979 0.039815
1 0.916667 0.696759 0.031250 0.082407
1 0.155469 0.397222 0.015104 0.051852
1 0.241667 0.454167 0.018750 0.062037
1 0.389302 0.785921 0.027552 0.082861
1 0.434635 0.341204 0.011979 0.047222
1 0.077865 0.459722 0.023438 0.060185
1 0.593229 0.238426 0.007292 0.036111
1 0.241406 0.624537 0.022396 0.065741
1 0.747135 0.370370 0.015104 0.051852
1 0.335677 0.241667 0.009896 0.040741
1 0.353125 0.347222 0.013542 0.051852
1 0.335417 0.397222 0.009375 0.055556
1 0.390104 0.237500 0.011458 0.037963
1 0.437240 0.304167 0.009896 0.045370
1 0.218229 0.357870 0.014583 0.049074
1 0.244531 0.432407 0.015104 0.053704
1 0.990328 0.944815 0.019344 0.068519
1 0.470573 0.629167 0.023438 0.065741
1 0.235937 0.311574 0.010417 0.049074
1 0.678646 0.511574 0.017708 0.062037
0 0.384375 0.762639 0.011771 0.019352
1 0.429688 0.131019 0.007292 0.025000
