1 0.713542 0.336111 0.010417 0.072222
1 0.422396 0.843519 0.035417 0.100000
1 0.861719 0.382870 0.019271 0.078704
1 0.039844 0.241667 0.014063 0.066667
1 0.430208 0.530093 0.018750 0.097222
1 0.902344 0.515278 0.020313 0.093519
1 0.636198 0.268519 0.011979 0.064815
1 0.247656 0.349074 0.013021 0.079630
1 0.709115 0.206481 0.009896 0.059259
1 0.599479 0.652778 0.022917 0.100000
1 0.801823 0.261574 0.011979 0.067593
1 0.402865 0.185185 0.007812 0.057407
1 0.416406 0.374537 0.009896 0.076852
1 0.490885 0.192130 0.010937 0.058333
1 0.569271 0.183796 0.009375 0.050926
1 0.440625 0.255556 0.011458 0.066667
1 0.439844 0.179167 0.008854 0.054630
1 0.554167 0.382870 0.017708 0.078704
1 0.421354 0.696759 0.028125 0.095370
1 0.279167 0.207870 0.008333 0.062037
1 0.409896 0.344444 0.014583 0.075926
0 0.423958 0.279630 0.006250 0.011111
1 0.175260 0.060185 0.008854 0.038889
