1 0.688542 0.539352 0.013542 0.054630
1 0.188281 0.611574 0.016146 0.071296
1 0.078125 0.400000 0.011458 0.048148
1 0.884635 0.655093 0.020313 0.078704
1 0.293229 0.463426 0.011458 0.052778
1 0.396875 0.490741 0.011458 0.057407
1 0.435964 0.971620 0.041615 0.056759
1 0.482031 0.398148 0.013021 0.042593
1 0.234635 0.519907 0.013021 0.058333
1 0.727604 0.343519 0.008333 0.035185
1 0.103906 0.708796 0.021354 0.080556
1 0.832292 0.442593 0.012500 0.046296
1 0.434115 0.329630 0.007812 0.035185
1 0.454167 0.400463 0.010417 0.039815
1 0.450521 0.429630 0.011458 0.048148
1 0.498958 0.313889 0.008333 0.031481
1 0.553125 0.380093 0.007292 0.039815
1 0.300260 0.454167 0.009896 0.052778
1 0.329427 0.577315 0.013021 0.063889
1 0.364323 0.659259 0.015104 0.074074
1 0.343750 0.394444 0.009375 0.048148
1 0.670052 0.500926 0.010937 0.053704
0 0.829833 0.457884 0.004312 0.007528
1 0.450521 0.296759 0.008333 0.028704
