1 0.698698 0.246296 0.019271 0.048148
1 0.264583 0.366667 0.020833 0.074074
1 0.166406 0.147222 0.009896 0.053704
1 0.872656 0.432870 0.024479 0.080556
1 0.388021 0.211111 0.017708 0.055556
1 0.516667 0.258796 0.011458 0.058333
1 0.479167 0.799537 0.031250 0.106481
1 0.592708 0.154630 0.010417 0.044444
1 0.333333 0.284722 0.017708 0.063889
1 0.857031 0.104167 0.011979 0.041667
1 0.110156 0.524537 0.018229 0.067593
1 0.915104 0.252778 0.014583 0.061111
1 0.560937 0.075000 0.011458 0.038889
1 0.620573 0.183796 0.011979 0.047222
1 0.556250 0.187500 0.012500 0.052778
1 0.602604 0.066204 0.009375 0.034259
1 0.664323 0.154167 0.009896 0.045370
1 0.409896 0.199074 0.011458 0.055556
1 0.413802 0.324537 0.015104 0.065741
1 0.429427 0.381481 0.017188 0.070370
1 0.459896 0.154630 0.013542 0.051852
1 0.807292 0.262963 0.011458 0.051852
0 0.854167 0.376389 0.006250 0.010185
