1 0.667448 0.437037 0.015104 0.061111
1 0.112500 0.600926 0.026042 0.077778
1 0.066406 0.233333 0.019271 0.046296
1 0.698958 0.598148 0.020833 0.072222
1 0.225260 0.319444 0.018229 0.053704
1 0.565625 0.494907 0.028125 0.063889
1 0.371094 0.867593 0.030729 0.105556
1 0.474479 0.238426 0.014583 0.041667
1 0.415885 0.494907 0.024479 0.062037
1 0.670312 0.153241 0.007292 0.032407
1 0.115625 0.662037 0.019792 0.094444
1 0.884115 0.322685 0.014063 0.056481
1 0.376563 0.168981 0.009375 0.039815
1 0.439844 0.304630 0.013021 0.050000
1 0.437500 0.320370 0.018750 0.057407
1 0.450521 0.143981 0.010417 0.030556
1 0.613281 0.247222 0.013021 0.046296
1 0.305990 0.305093 0.014063 0.049074
1 0.476823 0.495370 0.020313 0.061111
1 0.448177 0.578704 0.015104 0.053704
1 0.285938 0.264815 0.016667 0.051852
1 0.699479 0.531019 0.030208 0.071296
0 0.675781 0.635185 0.006771 0.011111
1 0.443229 0.109722 0.007292 0.025000
