1 0.727865 0.458796 0.011979 0.050926
1 0.399219 0.627315 0.024479 0.067593
1 0.058854 0.294444 0.014583 0.040741
1 0.939063 0.527315 0.015625 0.058333
1 0.386719 0.483796 0.019271 0.050926
1 0.491667 0.536111 0.025000 0.061111
1 0.940885 0.675926 0.029687 0.070370
1 0.589323 0.381481 0.014063 0.040741
1 0.081771 0.726389 0.026042 0.086111
1 0.701823 0.244444 0.010937 0.029630
1 0.162240 0.655556 0.020313 0.053704
1 0.767708 0.309722 0.010417 0.037963
1 0.433854 0.248611 0.011458 0.032407
1 0.532813 0.389815 0.010417 0.042593
1 0.502865 0.373148 0.009896 0.044444
1 0.444792 0.258333 0.009375 0.027778
1 0.645052 0.285185 0.011979 0.035185
1 0.404427 0.536574 0.016146 0.060185
1 0.487500 0.597222 0.026042 0.064815
1 0.956771 0.624074 0.017708 0.055556
1 0.273438 0.351389 0.011458 0.047222
1 0.977344 0.522222 0.020313 0.055556
1 0.419440 0.162009 0.007016 0.021944
