1 0.790104 0.479630 0.016667 0.051852
1 0.740365 0.650926 0.022396 0.074074
1 0.951042 0.325000 0.011458 0.037037
1 0.891406 0.464352 0.011979 0.052778
1 0.135677 0.422222 0.015104 0.050000
1 0.655990 0.559259 0.023438 0.064815
1 0.948438 0.587963 0.017708 0.062963
1 0.674740 0.428241 0.010937 0.049074
1 0.466667 0.540278 0.019792 0.058333
1 0.668750 0.342130 0.009375 0.041667
1 0.780990 0.601852 0.022396 0.066667
1 0.797917 0.385185 0.015625 0.044444
1 0.483594 0.365278 0.015104 0.043519
1 0.555729 0.507407 0.012500 0.057407
1 0.585938 0.378704 0.012500 0.046296
1 0.542448 0.341667 0.009896 0.038889
1 0.625521 0.385648 0.015625 0.047222
1 0.076563 0.478241 0.013542 0.058333
1 0.683073 0.504167 0.018229 0.050926
1 0.913021 0.599537 0.015625 0.065741
1 0.240365 0.397685 0.017188 0.049074
1 0.715625 0.414815 0.016667 0.044444
0 0.587766 0.226778 0.004562 0.006852
1 0.206352 0.244810 0.010505 0.030917
