1 0.662240 0.412037 0.014063 0.053704
1 0.219792 0.501389 0.013542 0.067593
1 0.103646 0.308333 0.010417 0.046296
1 0.864583 0.554167 0.018750 0.069444
1 0.334375 0.361574 0.012500 0.054630
1 0.442188 0.385185 0.010417 0.053704
1 0.458073 0.931019 0.029687 0.112037
1 0.522396 0.302778 0.007292 0.044444
1 0.277865 0.425000 0.010937 0.057407
1 0.765365 0.256481 0.009896 0.035185
1 0.092969 0.631481 0.022396 0.074074
1 0.829688 0.360648 0.012500 0.049074
1 0.493229 0.234259 0.007292 0.035185
1 0.514062 0.310648 0.011458 0.039815
1 0.488281 0.334259 0.007812 0.048148
1 0.546354 0.221296 0.010417 0.037037
1 0.598437 0.293519 0.009375 0.044444
1 0.338802 0.354167 0.008854 0.049074
1 0.360677 0.478241 0.013021 0.063889
1 0.381250 0.539815 0.016667 0.070370
1 0.386458 0.304167 0.009375 0.047222
1 0.716927 0.398148 0.015104 0.055556
0 0.820573 0.380556 0.004687 0.007407
1 0.486719 0.209722 0.006771 0.028704
