1 0.690365 0.323611 0.009896 0.075000
1 0.395833 0.845833 0.032292 0.108333
1 0.844271 0.369444 0.019792 0.081481
1 0.395573 0.518519 0.019271 0.100000
1 0.883594 0.506944 0.020313 0.099074
1 0.613802 0.256019 0.010937 0.065741
1 0.222917 0.350463 0.019792 0.078704
1 0.684896 0.192130 0.009375 0.060185
1 0.570052 0.647222 0.017188 0.098148
1 0.778906 0.245833 0.010937 0.071296
1 0.372135 0.173148 0.007812 0.061111
1 0.384635 0.365741 0.016146 0.074074
1 0.471354 0.187963 0.011458 0.061111
1 0.541146 0.169907 0.009375 0.054630
1 0.409375 0.247685 0.012500 0.065741
1 0.403906 0.168981 0.016146 0.054630
1 0.530990 0.380556 0.011979 0.079630
1 0.396354 0.701389 0.031250 0.091667
1 0.244792 0.199074 0.008333 0.064815
1 0.388021 0.335648 0.015625 0.075000
0 0.394531 0.270370 0.005729 0.011111
1 0.135417 0.048148 0.009375 0.040741
