1 0.650260 0.415278 0.008854 0.047222
1 0.670573 0.599537 0.016146 0.069444
1 0.637240 0.274074 0.007812 0.033333
1 0.777344 0.394907 0.013021 0.039815
1 0.078646 0.608333 0.019792 0.070370
1 0.576823 0.527778 0.015104 0.062963
1 0.891406 0.505093 0.021354 0.054630
1 0.571615 0.388843 0.008854 0.048241
1 0.495052 0.641204 0.023438 0.080556
1 0.575781 0.322685 0.007812 0.039815
1 0.694792 0.569444 0.015625 0.062963
1 0.671354 0.346296 0.008333 0.042593
1 0.353125 0.359259 0.010417 0.046296
1 0.522396 0.482407 0.016667 0.061111
1 0.479687 0.414352 0.009375 0.050926
1 0.400781 0.350000 0.010937 0.040741
1 0.570573 0.359722 0.006771 0.041667
1 0.067448 0.620370 0.018229 0.072222
1 0.610938 0.494444 0.010417 0.059259
1 0.972500 0.486690 0.014156 0.056713
1 0.750781 0.459722 0.017188 0.052778
1 0.119010 0.503704 0.018229 0.059259
1 0.995573 0.509722 0.009896 0.049074
1 0.005469 0.277778 0.010937 0.031481
