1 0.769271 0.333333 0.011458 0.053704
1 0.572917 0.586574 0.026042 0.073148
1 0.727083 0.175000 0.010417 0.038889
1 0.914062 0.323611 0.016667 0.054630
1 0.114062 0.574537 0.017708 0.073148
1 0.609896 0.467593 0.022917 0.053704
1 0.989844 0.499074 0.018229 0.061111
1 0.502344 0.261574 0.010937 0.049074
1 0.293750 0.726389 0.032292 0.084259
1 0.444271 0.130093 0.009375 0.034259
1 0.440885 0.747685 0.024479 0.097222
1 0.595052 0.160185 0.007812 0.035185
1 0.123177 0.241204 0.018229 0.045370
1 0.513802 0.315278 0.018229 0.047222
1 0.456250 0.319907 0.018750 0.050926
1 0.169010 0.203241 0.011979 0.037963
1 0.547656 0.215741 0.010937 0.044444
1 0.165365 0.529167 0.017188 0.052778
1 0.649740 0.497685 0.019271 0.056481
1 0.909635 0.417593 0.016146 0.062963
1 0.038281 0.425000 0.026562 0.072222
1 0.896615 0.328704 0.014063 0.059259
0 0.778125 0.281481 0.007292 0.009259
1 0.005469 0.151389 0.010937 0.036111
