1 0.633073 0.475463 0.011979 0.063889
1 0.134635 0.616204 0.026562 0.084259
1 0.102344 0.234722 0.011979 0.047222
1 0.805990 0.596296 0.025521 0.074074
1 0.276823 0.309259 0.013021 0.050000
1 0.585156 0.477315 0.021354 0.056481
1 0.333073 0.817593 0.028646 0.090741
1 0.492969 0.255093 0.008854 0.045370
1 0.347396 0.510648 0.017708 0.069444
1 0.669792 0.172685 0.008333 0.034259
1 0.094271 0.654630 0.035417 0.070370
1 0.888542 0.337500 0.013542 0.054630
1 0.409115 0.185648 0.007812 0.039815
1 0.488802 0.318981 0.014063 0.047222
1 0.419271 0.331944 0.013542 0.056481
1 0.468490 0.161111 0.006771 0.031481
1 0.604427 0.258333 0.010937 0.042593
1 0.320312 0.280556 0.012500 0.042593
1 0.436719 0.531944 0.018229 0.069444
1 0.456250 0.623148 0.016667 0.083333
1 0.332813 0.267130 0.015625 0.050926
1 0.781771 0.503241 0.022917 0.056481
0 0.770573 0.622222 0.006771 0.011111
1 0.466146 0.125463 0.006250 0.028704
