1 0.636719 0.327778 0.019271 0.072222
1 0.419792 0.832870 0.046875 0.117593
1 0.798958 0.358333 0.023958 0.079630
1 0.394271 0.528704 0.032292 0.092593
1 0.846354 0.506019 0.033333 0.089815
1 0.542969 0.251389 0.013021 0.065741
1 0.171094 0.362500 0.017188 0.076852
1 0.602083 0.188426 0.011458 0.058333
1 0.502344 0.599074 0.024479 0.087037
1 0.719792 0.231944 0.014583 0.067593
1 0.296354 0.185185 0.016667 0.059259
1 0.323698 0.367593 0.009896 0.081481
1 0.454167 0.202778 0.016667 0.059259
1 0.477865 0.162500 0.008854 0.054630
1 0.357552 0.243981 0.021354 0.063889
1 0.308594 0.193056 0.015104 0.043519
1 0.485417 0.379630 0.015625 0.077778
1 0.470833 0.666667 0.044792 0.087037
1 0.178385 0.202315 0.011979 0.062037
1 0.379427 0.334722 0.026562 0.069444
0 0.032031 0.274537 0.006771 0.010185
1 0.058073 0.047685 0.008854 0.041667
