1 0.671615 0.318519 0.009896 0.075926
1 0.378125 0.846296 0.032292 0.109259
1 0.825260 0.363889 0.017188 0.081481
1 0.375260 0.517130 0.019271 0.099074
1 0.865885 0.504167 0.023438 0.095370
1 0.594531 0.252315 0.010937 0.065741
1 0.203646 0.350463 0.019792 0.080556
1 0.664583 0.187500 0.009375 0.060185
1 0.552604 0.643981 0.017708 0.099074
1 0.759635 0.240741 0.010937 0.070370
1 0.352083 0.170370 0.007292 0.061111
1 0.365885 0.368056 0.015104 0.078704
1 0.453125 0.187037 0.012500 0.062963
1 0.521615 0.165741 0.008854 0.055556
1 0.389583 0.245370 0.013542 0.066667
1 0.381771 0.166667 0.015625 0.053704
1 0.512760 0.378241 0.011979 0.078704
1 0.379167 0.702778 0.033333 0.090741
1 0.223698 0.197685 0.008854 0.065741
1 0.371354 0.333333 0.014583 0.074074
0 0.374740 0.269444 0.005729 0.011111
1 0.112240 0.047130 0.008854 0.040926
