1 0.694010 0.381481 0.015104 0.051852
1 0.500781 0.617593 0.024479 0.075926
1 0.716927 0.209259 0.008854 0.038889
1 0.852083 0.357870 0.012500 0.049074
1 0.203385 0.612963 0.032813 0.085185
1 0.510938 0.531019 0.015625 0.071296
1 0.894531 0.512037 0.026562 0.066667
1 0.473177 0.310648 0.013021 0.043519
1 0.162500 0.762963 0.041667 0.096296
1 0.444271 0.175000 0.007292 0.029630
1 0.307589 0.777778 0.028125 0.067593
1 0.576042 0.212037 0.009375 0.037037
1 0.096094 0.276852 0.018229 0.046296
1 0.463802 0.377315 0.017188 0.056481
1 0.396615 0.352315 0.015104 0.052778
1 0.155990 0.251852 0.014063 0.033333
1 0.521354 0.256481 0.014583 0.042593
1 0.225521 0.585185 0.015625 0.100000
1 0.574740 0.556944 0.029687 0.067593
1 0.863542 0.469444 0.017708 0.061111
1 0.858073 0.385648 0.014063 0.056481
0 0.278906 0.479167 0.008854 0.012037
1 0.019271 0.184722 0.008333 0.028704
