1 0.459896 0.515278 0.013542 0.050926
1 0.166146 0.613889 0.015625 0.070370
1 0.085938 0.307870 0.013542 0.039815
1 0.887240 0.674537 0.021354 0.073148
1 0.163802 0.449537 0.011979 0.050926
1 0.285677 0.498148 0.010937 0.059259
1 0.351823 0.830093 0.017188 0.082407
1 0.401302 0.362037 0.008854 0.040741
1 0.105469 0.536574 0.018229 0.062037
1 0.587760 0.280556 0.006771 0.033333
1 0.185417 0.587963 0.013542 0.061111
1 0.742448 0.368519 0.009896 0.044444
1 0.319531 0.291204 0.006771 0.036111
1 0.353385 0.372685 0.007812 0.045370
1 0.338281 0.416667 0.014063 0.051852
1 0.377344 0.262963 0.005729 0.029630
1 0.434375 0.345370 0.007292 0.042593
1 0.198177 0.429167 0.011979 0.049074
1 0.260677 0.501389 0.015104 0.056481
1 0.315625 0.638426 0.020833 0.069444
1 0.248177 0.361574 0.011979 0.047222
1 0.486719 0.489352 0.011979 0.056481
0 0.866406 0.700000 0.006771 0.009259
1 0.396526 0.201685 0.008698 0.025926
