1 0.707292 0.346759 0.014583 0.063889
1 0.222656 0.467130 0.021354 0.060185
1 0.206250 0.196296 0.013542 0.051852
1 0.792969 0.509722 0.023438 0.078704
1 0.389583 0.274074 0.018750 0.057407
1 0.534635 0.388426 0.017188 0.071296
1 0.402083 0.804167 0.025000 0.112037
1 0.600781 0.218056 0.010937 0.049074
1 0.348438 0.366667 0.023958 0.062963
1 0.863542 0.154167 0.008333 0.041667
1 0.091146 0.676852 0.015625 0.101852
1 0.944010 0.342130 0.016146 0.065741
1 0.558594 0.137037 0.007812 0.040741
1 0.612500 0.274537 0.012500 0.058333
1 0.565365 0.255093 0.014063 0.049074
1 0.607552 0.120833 0.010937 0.034259
1 0.673177 0.225926 0.009896 0.051852
1 0.427604 0.257870 0.015625 0.056481
1 0.411198 0.394907 0.020313 0.063889
1 0.406510 0.448148 0.026562 0.038889
1 0.452344 0.218519 0.009896 0.055556
1 0.771094 0.362037 0.017188 0.062963
0 0.725000 0.588426 0.009375 0.012037
1 0.604688 0.093981 0.006250 0.028704
