1 0.613281 0.487037 0.017188 0.059259
1 0.138021 0.544444 0.023958 0.064815
1 0.177344 0.209259 0.010937 0.037037
1 0.885156 0.608333 0.027604 0.066667
1 0.238021 0.379630 0.012500 0.050000
1 0.325260 0.445833 0.015104 0.060185
1 0.636979 0.745833 0.031250 0.073148
1 0.502083 0.310648 0.011458 0.043519
1 0.114323 0.433333 0.019271 0.059259
1 0.645052 0.218519 0.008854 0.035185
1 0.223698 0.610648 0.018229 0.065741
1 0.779427 0.367593 0.016146 0.051852
1 0.392448 0.223611 0.010937 0.039815
1 0.402344 0.312963 0.009896 0.038889
1 0.401042 0.350463 0.010417 0.050926
1 0.425521 0.228241 0.007292 0.036111
1 0.513021 0.272222 0.011458 0.040741
1 0.284115 0.349537 0.009896 0.050926
1 0.345573 0.433333 0.016146 0.055556
1 0.682813 0.628704 0.028125 0.064815
1 0.294531 0.277778 0.011979 0.046296
1 0.779948 0.507407 0.015104 0.061111
1 0.472396 0.114815 0.005208 0.020370
