1 0.713281 0.460185 0.019271 0.050000
1 0.376302 0.620833 0.031771 0.063889
1 0.055469 0.297222 0.013021 0.038889
1 0.917448 0.525926 0.027604 0.057407
1 0.370833 0.484722 0.016667 0.050926
1 0.471094 0.535185 0.017188 0.055556
1 0.924479 0.681019 0.020833 0.065741
1 0.576042 0.377315 0.014583 0.041667
1 0.060156 0.717593 0.033854 0.081481
1 0.690885 0.248611 0.006771 0.032407
1 0.148438 0.660185 0.015625 0.057407
1 0.756771 0.313889 0.014583 0.038889
1 0.425781 0.252778 0.008854 0.033333
1 0.519792 0.386111 0.018750 0.042593
1 0.490885 0.375000 0.019271 0.042593
1 0.437760 0.261111 0.008854 0.029630
1 0.633333 0.287963 0.010417 0.031481
1 0.389844 0.532870 0.022396 0.058333
1 0.468750 0.599537 0.020833 0.063889
1 0.936198 0.622222 0.030729 0.061111
1 0.269531 0.352778 0.015104 0.044444
1 0.954688 0.519444 0.025000 0.053704
1 0.415617 0.163704 0.007016 0.021944
