1 0.615104 0.484259 0.014583 0.059259
1 0.141667 0.544444 0.020833 0.064815
1 0.176823 0.210185 0.008854 0.037037
1 0.883594 0.605556 0.029687 0.066667
1 0.244010 0.380556 0.015104 0.050000
1 0.327083 0.446759 0.012500 0.060185
1 0.646615 0.747222 0.019271 0.075926
1 0.503646 0.310648 0.013542 0.043519
1 0.116146 0.436574 0.019792 0.058333
1 0.646094 0.221759 0.005729 0.032407
1 0.223958 0.611574 0.019792 0.065741
1 0.778385 0.368519 0.018229 0.051852
1 0.392969 0.224074 0.009896 0.038889
1 0.404167 0.315278 0.010417 0.039815
1 0.403646 0.350926 0.010417 0.051852
1 0.426302 0.230093 0.005729 0.034259
1 0.515885 0.271759 0.013021 0.041667
1 0.287240 0.351852 0.009896 0.051852
1 0.350000 0.435648 0.017708 0.052778
1 0.688802 0.628241 0.028646 0.069444
1 0.296354 0.279167 0.012500 0.045370
1 0.782031 0.506944 0.022396 0.060185
1 0.472396 0.117593 0.005208 0.016667
