1 0.667708 0.420833 0.011458 0.047222
1 0.684375 0.573611 0.018750 0.067593
1 0.680729 0.265278 0.007292 0.034259
1 0.779427 0.396296 0.011979 0.042593
1 0.102344 0.562500 0.020313 0.063889
1 0.589583 0.525926 0.018750 0.062963
1 0.838542 0.488426 0.018750 0.054630
1 0.589323 0.389352 0.011979 0.041667
1 0.500521 0.622685 0.021875 0.075000
1 0.591406 0.320370 0.007812 0.037037
1 0.714583 0.545833 0.020833 0.062037
1 0.705729 0.353241 0.008333 0.043519
1 0.382031 0.347685 0.006771 0.045370
1 0.527344 0.476852 0.014063 0.055556
1 0.491146 0.396759 0.010417 0.050926
1 0.424479 0.338426 0.010417 0.039815
1 0.588474 0.355440 0.010625 0.042935
1 0.087240 0.567593 0.022396 0.061111
1 0.624479 0.488889 0.013542 0.057407
1 0.994661 0.510833 0.010677 0.058333
1 0.755990 0.464815 0.013021 0.055556
1 0.151302 0.474537 0.016146 0.058333
1 0.919010 0.494907 0.014063 0.056481
0 0.967357 0.531764 0.005234 0.009269
1 0.055841 0.256644 0.009130 0.027009
