1 0.776563 0.522685 0.017708 0.060185
1 0.744271 0.658796 0.028125 0.071296
1 0.884896 0.344907 0.010417 0.036111
1 0.864583 0.483796 0.017708 0.050926
1 0.139844 0.485185 0.018229 0.051852
1 0.662500 0.584722 0.012500 0.065741
1 0.876823 0.587963 0.027604 0.062963
1 0.663281 0.460185 0.013021 0.050000
1 0.473958 0.605093 0.014583 0.063889
1 0.655208 0.376389 0.009375 0.034259
1 0.788021 0.633796 0.023958 0.063889
1 0.785156 0.427778 0.017188 0.051852
1 0.483073 0.395833 0.010937 0.045370
1 0.571354 0.540278 0.019792 0.060185
1 0.573438 0.419907 0.010417 0.049074
1 0.528646 0.380093 0.008333 0.039815
1 0.635938 0.416667 0.017708 0.046296
1 0.067708 0.550000 0.021875 0.062963
1 0.694010 0.542593 0.023438 0.059259
1 0.857812 0.596296 0.026042 0.051852
1 0.242969 0.449537 0.015104 0.050926
1 0.743750 0.450463 0.018750 0.039815
0 0.766406 0.404630 0.006771 0.011111
1 0.193297 0.281477 0.009240 0.026380
