1 0.790885 0.476852 0.015104 0.050000
1 0.740625 0.650463 0.020833 0.073148
1 0.953125 0.323148 0.011458 0.037037
1 0.891406 0.462037 0.014063 0.053704
1 0.134115 0.418981 0.016146 0.049074
1 0.654687 0.556944 0.023958 0.065741
1 0.950260 0.586574 0.016146 0.063889
1 0.674219 0.425926 0.010937 0.050000
1 0.465885 0.536574 0.021354 0.058333
1 0.669271 0.340741 0.009375 0.042593
1 0.779687 0.602315 0.022917 0.069444
1 0.798958 0.383333 0.014583 0.044444
1 0.483333 0.362963 0.016667 0.044444
1 0.554427 0.505556 0.014063 0.057407
1 0.586458 0.376852 0.011458 0.046296
1 0.542969 0.339815 0.008854 0.037037
1 0.624740 0.383333 0.018229 0.048148
1 0.076302 0.473611 0.013021 0.056481
1 0.683333 0.504167 0.017708 0.052778
1 0.913802 0.600000 0.015104 0.068519
1 0.239063 0.395370 0.014583 0.048148
1 0.713802 0.412963 0.019271 0.044444
0 0.583380 0.224130 0.004562 0.006852
1 0.205792 0.243319 0.010500 0.030917
