1 0.649219 0.314815 0.009896 0.075926
1 0.357812 0.849074 0.032292 0.107407
1 0.801823 0.357407 0.015104 0.081481
1 0.353646 0.517593 0.018750 0.100000
1 0.848437 0.497685 0.019792 0.093519
1 0.572396 0.248611 0.010417 0.065741
1 0.179948 0.350463 0.018229 0.082407
1 0.640104 0.183333 0.009375 0.059259
1 0.531771 0.641667 0.018750 0.100000
1 0.736198 0.235185 0.010937 0.070370
1 0.328385 0.170370 0.007812 0.061111
1 0.343229 0.367593 0.014583 0.079630
1 0.430729 0.185648 0.013542 0.062037
1 0.498437 0.162963 0.009375 0.055556
1 0.365885 0.244444 0.014063 0.066667
1 0.355990 0.165278 0.010937 0.054630
1 0.491406 0.375926 0.011979 0.079630
1 0.358073 0.703241 0.031771 0.093519
1 0.198437 0.198148 0.009375 0.066667
1 0.348958 0.332407 0.014583 0.074074
0 0.351562 0.267593 0.005208 0.011111
1 0.084635 0.046296 0.008854 0.042593
