1 0.680208 0.526852 0.012500 0.053704
1 0.190885 0.599537 0.014063 0.075000
1 0.082292 0.394444 0.013542 0.048148
1 0.879687 0.646296 0.013542 0.072222
1 0.302083 0.453704 0.011458 0.053704
1 0.402604 0.479630 0.011458 0.055556
1 0.437005 0.969037 0.043698 0.061926
1 0.487240 0.391204 0.010937 0.041667
1 0.240104 0.509722 0.012500 0.062037
1 0.733333 0.339352 0.010417 0.034259
1 0.098698 0.707870 0.019271 0.078704
1 0.833073 0.436574 0.009896 0.041667
1 0.442448 0.322222 0.008854 0.033333
1 0.462500 0.393981 0.008333 0.043519
1 0.456771 0.422222 0.011458 0.048148
1 0.509375 0.309722 0.007292 0.028704
1 0.562500 0.372685 0.011458 0.037963
1 0.305990 0.444907 0.007812 0.049074
1 0.333594 0.571296 0.013021 0.066667
1 0.365885 0.647685 0.014063 0.078704
1 0.350521 0.388426 0.007292 0.045370
1 0.679948 0.487963 0.013021 0.055556
0 0.823438 0.454167 0.004167 0.008333
1 0.455729 0.292130 0.008333 0.028704
