1 0.601562 0.486574 0.010417 0.060185
1 0.116146 0.545370 0.019792 0.075926
1 0.170833 0.199074 0.010417 0.040741
1 0.902083 0.643056 0.027083 0.076852
1 0.206250 0.368981 0.014583 0.052778
1 0.299479 0.434722 0.013542 0.060185
1 0.551562 0.752778 0.027083 0.075926
1 0.485938 0.308796 0.014583 0.045370
1 0.103906 0.413889 0.024479 0.059259
1 0.636198 0.210185 0.009896 0.037037
1 0.238021 0.606481 0.019792 0.068519
1 0.777344 0.359722 0.016146 0.050926
1 0.377865 0.212037 0.008854 0.040741
1 0.392708 0.309722 0.011458 0.049074
1 0.385156 0.350926 0.013021 0.051852
1 0.421615 0.212963 0.009896 0.038889
1 0.489063 0.268519 0.008333 0.044444
1 0.264062 0.335648 0.014583 0.054630
1 0.312500 0.407870 0.018750 0.052778
1 0.611979 0.624074 0.021875 0.068519
1 0.280990 0.268056 0.015104 0.045370
1 0.749479 0.502778 0.018750 0.066667
1 0.464844 0.100000 0.006771 0.024074
