1 0.681510 0.415278 0.009896 0.047222
1 0.681510 0.624537 0.018229 0.078704
1 0.643229 0.272222 0.010417 0.037037
1 0.837240 0.402315 0.015104 0.041667
1 0.081510 0.618056 0.022396 0.041667
1 0.604688 0.527778 0.012500 0.064815
1 0.984138 0.543565 0.017505 0.047463
1 0.574479 0.393981 0.009375 0.047222
1 0.485156 0.653241 0.026562 0.078704
1 0.579688 0.314815 0.011458 0.038889
1 0.704688 0.602778 0.014583 0.064815
1 0.680990 0.339352 0.008854 0.045370
1 0.361198 0.359722 0.008854 0.047222
1 0.547396 0.488889 0.018750 0.061111
1 0.501823 0.425463 0.009896 0.052778
1 0.410156 0.349074 0.009896 0.044444
1 0.596615 0.362963 0.013021 0.046296
1 0.082812 0.650000 0.019792 0.075926
1 0.632031 0.494444 0.013021 0.059259
1 0.795312 0.478704 0.014583 0.057407
1 0.107552 0.527778 0.018229 0.066667
