1 0.586979 0.543981 0.014583 0.058333
1 0.153646 0.638889 0.019792 0.083333
1 0.037500 0.344907 0.012500 0.047222
1 0.879167 0.644444 0.015625 0.079630
1 0.186719 0.458333 0.013021 0.055556
1 0.303646 0.503241 0.013542 0.062037
1 0.398177 0.939352 0.021354 0.110185
1 0.400000 0.362037 0.009375 0.044444
1 0.117708 0.537037 0.012500 0.068519
1 0.615104 0.286111 0.007292 0.035185
1 0.136198 0.604167 0.016146 0.062037
1 0.788542 0.382870 0.010417 0.049074
1 0.329688 0.296296 0.007292 0.038889
1 0.361458 0.374074 0.009375 0.048148
1 0.352865 0.412963 0.010937 0.050000
1 0.388802 0.268519 0.005729 0.031481
1 0.445833 0.343981 0.008333 0.045370
1 0.222917 0.437500 0.013542 0.056481
1 0.255469 0.544444 0.016146 0.066667
1 0.307812 0.679167 0.016667 0.082407
1 0.243750 0.372222 0.011458 0.050000
1 0.501563 0.485185 0.014583 0.055556
0 0.797656 0.497685 0.004687 0.008333
1 0.389323 0.228241 0.007812 0.026852
