1 0.642188 0.416204 0.009375 0.045370
1 0.661198 0.589815 0.018229 0.072222
1 0.639062 0.270833 0.008333 0.034259
1 0.761719 0.393519 0.014063 0.040741
1 0.075781 0.597222 0.022396 0.066667
1 0.568750 0.527778 0.017708 0.066667
1 0.855469 0.492130 0.021354 0.052778
1 0.570312 0.388426 0.010417 0.041667
1 0.490104 0.637500 0.020833 0.075000
1 0.571094 0.323148 0.008854 0.038889
1 0.691406 0.554167 0.013021 0.058333
1 0.671875 0.350463 0.007292 0.039815
1 0.348698 0.355556 0.010937 0.044444
1 0.513542 0.480093 0.017708 0.058333
1 0.471875 0.409259 0.011458 0.051852
1 0.395833 0.346296 0.007292 0.040741
1 0.564583 0.359722 0.008333 0.045370
1 0.061458 0.606944 0.020833 0.065741
1 0.602604 0.492130 0.016667 0.056481
1 0.963281 0.486111 0.016146 0.051852
1 0.738802 0.458796 0.014063 0.054630
1 0.116406 0.498148 0.020313 0.059259
1 0.960677 0.509722 0.015104 0.058333
0 0.975781 0.530093 0.005729 0.008333
1 0.008073 0.274537 0.010937 0.030556
