1 0.530729 0.540741 0.013542 0.057407
1 0.076563 0.620833 0.025000 0.069444
1 0.088802 0.268519 0.010937 0.040741
1 0.901563 0.708796 0.031250 0.075000
1 0.116927 0.432870 0.014063 0.052778
1 0.203385 0.487963 0.016146 0.059259
1 0.322911 0.806097 0.021958 0.078935
1 0.401042 0.374537 0.008333 0.045370
1 0.044531 0.498148 0.020313 0.062963
1 0.557292 0.267130 0.007292 0.034259
1 0.220312 0.662500 0.020833 0.071296
1 0.718750 0.389815 0.012500 0.050000
1 0.302865 0.273148 0.008854 0.040741
1 0.319271 0.382870 0.013542 0.050926
1 0.305469 0.430093 0.009896 0.054630
1 0.358333 0.267593 0.007292 0.033333
1 0.408854 0.336111 0.009375 0.046296
1 0.181771 0.389815 0.011458 0.050000
1 0.216146 0.463426 0.015625 0.052778
1 0.974740 0.955093 0.046354 0.086111
1 0.402083 0.652778 0.018750 0.066667
1 0.202604 0.350463 0.012500 0.050926
1 0.631510 0.531019 0.018229 0.058333
0 0.309115 0.784259 0.008854 0.016667
1 0.400260 0.163889 0.006771 0.022222
