1 0.664323 0.420370 0.011979 0.046296
1 0.680990 0.573611 0.020313 0.067593
1 0.676042 0.265278 0.007292 0.034259
1 0.776563 0.395370 0.010417 0.042593
1 0.097917 0.565278 0.018750 0.063889
1 0.586458 0.525000 0.019792 0.062963
1 0.837500 0.487037 0.016667 0.053704
1 0.586198 0.387963 0.010937 0.040741
1 0.498698 0.623611 0.024479 0.073148
1 0.588021 0.321759 0.007292 0.034259
1 0.711458 0.544907 0.018750 0.062037
1 0.702083 0.352778 0.007292 0.042593
1 0.378385 0.347685 0.006771 0.045370
1 0.525000 0.476389 0.012500 0.056481
1 0.488021 0.396759 0.008333 0.050926
1 0.420573 0.338889 0.009896 0.040741
1 0.585294 0.355602 0.009505 0.042593
1 0.083594 0.569907 0.022396 0.062037
1 0.620573 0.488426 0.014063 0.058333
1 0.992135 0.515324 0.015729 0.063611
1 0.752865 0.464352 0.011979 0.054630
1 0.147135 0.476389 0.016146 0.058333
1 0.919271 0.494907 0.015625 0.058333
1 0.050029 0.257755 0.009130 0.027009
