1 0.443490 0.530093 0.010937 0.054630
1 0.164323 0.609259 0.021354 0.064815
1 0.096615 0.299537 0.011979 0.037963
1 0.905469 0.671296 0.021354 0.068519
1 0.151562 0.449537 0.011458 0.050926
1 0.263021 0.498148 0.013542 0.055556
1 0.327344 0.804630 0.021354 0.081481
1 0.397396 0.368519 0.010417 0.040741
1 0.100521 0.523148 0.015625 0.059259
1 0.577865 0.282870 0.005729 0.034259
1 0.193750 0.594444 0.015625 0.062963
1 0.723177 0.368981 0.009896 0.045370
1 0.311979 0.290741 0.007292 0.035185
1 0.348698 0.380093 0.008854 0.045370
1 0.323698 0.419907 0.017188 0.049074
1 0.372135 0.264815 0.005729 0.029630
1 0.432552 0.351852 0.007812 0.044444
1 0.184896 0.431019 0.010417 0.049074
1 0.254948 0.488889 0.008854 0.050000
1 0.307292 0.630556 0.013542 0.062963
1 0.244010 0.365278 0.013021 0.047222
1 0.496875 0.498148 0.011458 0.055556
0 0.764583 0.690278 0.007292 0.010185
1 0.396094 0.198148 0.005729 0.020370
