1 0.694792 0.436574 0.022917 0.050926
1 0.443490 0.664352 0.035937 0.073148
1 0.886719 0.262500 0.015104 0.034259
1 0.884375 0.448148 0.018750 0.053704
1 0.339583 0.533796 0.022917 0.054630
1 0.483333 0.548148 0.012500 0.059259
1 0.891667 0.573148 0.023958 0.055556
1 0.550260 0.373454 0.014063 0.042593
1 0.092708 0.742130 0.034375 0.067593
1 0.605469 0.222685 0.006771 0.026852
1 0.119271 0.789352 0.038542 0.075000
1 0.685937 0.276852 0.008333 0.038889
1 0.303906 0.260648 0.010937 0.036111
1 0.487760 0.399537 0.018229 0.050926
1 0.461979 0.373148 0.013542 0.044444
1 0.338542 0.258333 0.010417 0.029630
1 0.585417 0.281019 0.009375 0.036111
1 0.398958 0.592593 0.021875 0.059259
1 0.499219 0.570370 0.016146 0.053704
1 0.898875 0.544157 0.015969 0.044444
1 0.139844 0.416204 0.025521 0.054630
1 0.914583 0.462037 0.019792 0.053704
0 0.079427 0.737500 0.008854 0.013889
1 0.264328 0.172611 0.008698 0.025926
