1 0.727604 0.309259 0.013542 0.057407
1 0.275781 0.420833 0.022396 0.071296
1 0.215625 0.184259 0.011458 0.051852
1 0.852604 0.472685 0.014583 0.071296
1 0.412240 0.255556 0.017188 0.055556
1 0.544531 0.331481 0.014063 0.057407
1 0.469531 0.815278 0.038021 0.106481
1 0.623698 0.203241 0.010937 0.047222
1 0.358594 0.335185 0.017188 0.064815
1 0.884896 0.148611 0.008333 0.041667
1 0.122917 0.597685 0.017708 0.086111
1 0.945833 0.317130 0.015625 0.063889
1 0.583333 0.120833 0.008333 0.039815
1 0.635417 0.241667 0.013542 0.051852
1 0.584896 0.232870 0.012500 0.054630
1 0.626302 0.109259 0.008854 0.037037
1 0.688542 0.203704 0.011458 0.051852
1 0.442708 0.242130 0.014583 0.054630
1 0.435417 0.365741 0.011458 0.068519
1 0.454948 0.428704 0.024479 0.070370
1 0.479427 0.202778 0.011979 0.051852
1 0.825000 0.331481 0.021875 0.062963
0 0.838281 0.505556 0.005729 0.011111
1 0.610938 0.089352 0.008333 0.032407
