1 0.700781 0.353704 0.014063 0.062963
1 0.208854 0.477778 0.021875 0.053704
1 0.204948 0.199074 0.016146 0.050000
1 0.778125 0.511574 0.032292 0.076852
1 0.381250 0.274074 0.015625 0.057407
1 0.530990 0.400000 0.016146 0.074074
1 0.386198 0.812963 0.034896 0.118519
1 0.594792 0.220370 0.010417 0.048148
1 0.345052 0.374537 0.030729 0.060185
1 0.859375 0.154630 0.012500 0.040741
1 0.091667 0.686111 0.018750 0.101852
1 0.942969 0.350000 0.018229 0.070370
1 0.554427 0.137963 0.009896 0.042593
1 0.607812 0.281481 0.012500 0.059259
1 0.559635 0.260185 0.011979 0.050000
1 0.603125 0.123148 0.008333 0.033333
1 0.669792 0.231019 0.010417 0.052778
1 0.425000 0.259259 0.012500 0.057407
1 0.402604 0.400000 0.019792 0.066667
1 0.394792 0.466204 0.021875 0.054630
1 0.446875 0.223611 0.016667 0.054630
1 0.760156 0.369444 0.018229 0.061111
0 0.663542 0.623611 0.009375 0.012037
1 0.602865 0.094907 0.006771 0.026852
