1 0.664583 0.447222 0.018750 0.064815
1 0.120833 0.586111 0.023958 0.079630
1 0.217708 0.238426 0.012500 0.049074
1 0.848437 0.617130 0.025000 0.073148
1 0.348177 0.323611 0.017188 0.054630
1 0.459896 0.488889 0.019792 0.070370
1 0.382292 0.770370 0.026042 0.105556
1 0.583594 0.281944 0.010937 0.050926
1 0.272396 0.457407 0.020833 0.068519
1 0.852604 0.209722 0.009375 0.039815
1 0.055729 0.720833 0.026042 0.067593
1 0.950521 0.414815 0.018750 0.068519
1 0.538802 0.199074 0.011979 0.044444
1 0.563021 0.359259 0.013542 0.059259
1 0.525521 0.343981 0.013542 0.062037
1 0.603125 0.178241 0.008333 0.036111
1 0.672396 0.300000 0.013542 0.055556
1 0.419271 0.302315 0.014583 0.052778
1 0.336458 0.487500 0.013542 0.058333
1 0.346615 0.639352 0.023438 0.093519
1 0.428125 0.272685 0.013542 0.052778
1 0.727865 0.469907 0.024479 0.067593
1 0.605469 0.144444 0.007812 0.024074
