1 0.813542 0.444444 0.013542 0.050000
1 0.651563 0.639815 0.019792 0.083333
1 0.659896 0.275926 0.008333 0.037037
1 0.904948 0.413889 0.015104 0.051852
1 0.119010 0.674537 0.020313 0.078704
1 0.603906 0.532870 0.017188 0.067593
1 0.973698 0.543519 0.009896 0.070370
1 0.550781 0.401389 0.011979 0.052778
1 0.434896 0.683796 0.020833 0.086111
1 0.532813 0.295370 0.010417 0.038889
1 0.665104 0.619907 0.014583 0.073148
1 0.672396 0.325463 0.012500 0.043519
1 0.346615 0.362037 0.014063 0.048148
1 0.537240 0.481944 0.011979 0.060185
1 0.520833 0.436111 0.012500 0.057407
1 0.383594 0.345833 0.010937 0.043519
1 0.635156 0.374074 0.013021 0.044444
1 0.598698 0.513889 0.014063 0.064815
1 0.817448 0.512500 0.023438 0.063889
1 0.082292 0.584259 0.023958 0.074074
0 0.865104 0.481944 0.005208 0.008333
