1 0.649479 0.530093 0.015625 0.054630
1 0.136719 0.619907 0.016146 0.078704
1 0.015104 0.363426 0.012500 0.047222
1 0.866927 0.622222 0.017188 0.074074
1 0.210156 0.449074 0.013021 0.053704
1 0.320833 0.483796 0.012500 0.063889
1 0.393490 0.955556 0.023438 0.087037
1 0.411198 0.363426 0.007812 0.043519
1 0.146094 0.518981 0.015104 0.065741
1 0.649219 0.294907 0.007812 0.030556
1 0.084115 0.651389 0.022396 0.073148
1 0.809375 0.403241 0.015625 0.043519
1 0.350260 0.297685 0.007812 0.036111
1 0.376302 0.368519 0.009896 0.038889
1 0.376823 0.406944 0.011979 0.052778
1 0.411979 0.273148 0.005208 0.027778
1 0.473177 0.344907 0.006771 0.039815
1 0.237240 0.434259 0.011979 0.051852
1 0.261979 0.554167 0.014583 0.065741
1 0.313021 0.664815 0.015625 0.079630
1 0.262760 0.369444 0.009896 0.048148
1 0.562500 0.478241 0.013542 0.056481
0 0.796875 0.414815 0.005208 0.009259
1 0.390885 0.245833 0.007812 0.026852
