1 0.703385 0.350463 0.014063 0.063889
1 0.213021 0.474537 0.016667 0.056481
1 0.205469 0.198148 0.015104 0.050000
1 0.783073 0.510648 0.030729 0.078704
1 0.385156 0.274074 0.018229 0.057407
1 0.532292 0.393981 0.015625 0.073148
1 0.393490 0.809722 0.029687 0.117593
1 0.597396 0.220370 0.010417 0.048148
1 0.347396 0.371759 0.027083 0.060185
1 0.860417 0.153704 0.011458 0.040741
1 0.090885 0.681481 0.016146 0.103704
1 0.943750 0.346296 0.016667 0.070370
1 0.555729 0.137037 0.008333 0.042593
1 0.609375 0.277778 0.012500 0.059259
1 0.562760 0.258333 0.014063 0.051852
1 0.604948 0.119444 0.009896 0.038889
1 0.670833 0.228241 0.010417 0.052778
1 0.426302 0.258333 0.014063 0.057407
1 0.405208 0.396759 0.018750 0.063889
1 0.400260 0.460185 0.024479 0.053704
1 0.448698 0.221296 0.013021 0.053704
1 0.763542 0.366204 0.019792 0.063889
0 0.688021 0.610185 0.009375 0.012963
1 0.603646 0.093981 0.006250 0.026852
