1 0.653646 0.417593 0.011458 0.046296
1 0.670573 0.574537 0.020313 0.069444
1 0.664062 0.265278 0.007292 0.034259
1 0.766927 0.391667 0.010937 0.042593
1 0.086458 0.571759 0.016667 0.065741
1 0.576562 0.524537 0.019792 0.062037
1 0.832552 0.483796 0.020313 0.054630
1 0.577865 0.385185 0.009896 0.046296
1 0.492969 0.627315 0.022396 0.075000
1 0.578646 0.323611 0.007292 0.043519
1 0.702604 0.543519 0.014583 0.059259
1 0.691667 0.353241 0.007292 0.043519
1 0.367188 0.349074 0.007292 0.046296
1 0.517448 0.476389 0.010937 0.056481
1 0.478906 0.397685 0.008854 0.050926
1 0.410677 0.339815 0.007812 0.040741
1 0.576302 0.354167 0.007812 0.043519
1 0.072917 0.579167 0.021875 0.062037
1 0.610677 0.487963 0.016146 0.057407
1 0.983333 0.502315 0.016667 0.060185
1 0.743750 0.461111 0.012500 0.055556
1 0.135937 0.481944 0.016667 0.058333
1 0.919792 0.494444 0.019792 0.059259
0 0.959349 0.523056 0.006302 0.010000
1 0.035909 0.261444 0.009130 0.027000
