1 0.609896 0.488889 0.013542 0.059259
1 0.131250 0.544444 0.023958 0.064815
1 0.176302 0.205556 0.011979 0.037037
1 0.889844 0.613889 0.024479 0.072222
1 0.228646 0.377778 0.011458 0.051852
1 0.320312 0.441204 0.017708 0.060185
1 0.616406 0.746759 0.018229 0.071296
1 0.497656 0.309259 0.008854 0.044444
1 0.110677 0.425000 0.018229 0.059259
1 0.643229 0.215741 0.007292 0.033333
1 0.225260 0.608333 0.015104 0.064815
1 0.780990 0.366204 0.013021 0.050926
1 0.388542 0.219444 0.008333 0.040741
1 0.399740 0.311574 0.008854 0.041667
1 0.398698 0.349074 0.014063 0.051852
1 0.423958 0.224074 0.008333 0.037037
1 0.506771 0.269907 0.010417 0.043519
1 0.277865 0.348148 0.009896 0.050000
1 0.338802 0.424537 0.015104 0.052778
1 0.666406 0.627778 0.021354 0.066667
1 0.291667 0.275000 0.012500 0.046296
1 0.770052 0.506481 0.023438 0.066667
1 0.471354 0.111111 0.006250 0.020370
