1 0.542708 0.530093 0.013542 0.058333
1 0.079427 0.606019 0.018229 0.065741
1 0.102344 0.255093 0.009896 0.041667
1 0.911198 0.705556 0.023438 0.075926
1 0.132031 0.420370 0.017188 0.051852
1 0.216667 0.474537 0.014583 0.062037
1 0.346346 0.798977 0.023932 0.080324
1 0.413802 0.362500 0.011979 0.047222
1 0.057552 0.483796 0.021354 0.063889
1 0.570052 0.257407 0.007812 0.037037
1 0.229687 0.649537 0.021875 0.069444
1 0.729948 0.383796 0.013021 0.050926
1 0.314063 0.261111 0.009375 0.040741
1 0.332292 0.369444 0.014583 0.050000
1 0.316406 0.417593 0.009896 0.053704
1 0.370312 0.256944 0.008333 0.034259
1 0.418750 0.324074 0.010417 0.046296
1 0.194531 0.377778 0.011979 0.051852
1 0.226302 0.451389 0.017188 0.050926
1 0.978385 0.954630 0.040104 0.087037
1 0.427865 0.643056 0.024479 0.065741
1 0.215365 0.335185 0.013021 0.048148
1 0.651302 0.523611 0.011979 0.058333
0 0.333073 0.776389 0.008854 0.015741
1 0.411458 0.151852 0.006250 0.022222
