1 0.711198 0.426389 0.015104 0.065741
1 0.113542 0.542130 0.022917 0.078704
1 0.061458 0.218519 0.016667 0.053704
1 0.713021 0.612037 0.019792 0.075926
1 0.191927 0.346759 0.028646 0.067593
1 0.490365 0.526852 0.021354 0.070370
1 0.322396 0.832407 0.028125 0.105556
1 0.488802 0.229630 0.014063 0.048148
1 0.375781 0.441204 0.030729 0.060185
1 0.716927 0.137500 0.008854 0.039815
1 0.204687 0.550463 0.025000 0.067593
1 0.905469 0.326389 0.011979 0.058333
1 0.384896 0.149537 0.008333 0.041667
1 0.425521 0.316204 0.016667 0.060185
1 0.474740 0.311111 0.015104 0.059259
1 0.458333 0.128704 0.010417 0.033333
1 0.609375 0.227778 0.013542 0.048148
1 0.291406 0.350463 0.015104 0.063889
1 0.426302 0.430556 0.031771 0.061111
1 0.383594 0.700463 0.030729 0.080556
1 0.285156 0.240278 0.016146 0.050926
1 0.685417 0.587963 0.026042 0.087037
0 0.324138 0.854949 0.007474 0.013287
1 0.458073 0.083333 0.007812 0.025926
