1 0.644010 0.418056 0.009896 0.049074
1 0.661979 0.576389 0.016667 0.067593
1 0.649740 0.266667 0.007812 0.033333
1 0.757812 0.390278 0.013542 0.041667
1 0.076563 0.582870 0.020833 0.065741
1 0.567448 0.524537 0.014063 0.062037
1 0.830208 0.484259 0.022917 0.051852
1 0.570573 0.385185 0.011979 0.044444
1 0.489063 0.630093 0.011458 0.076852
1 0.570312 0.318981 0.009375 0.039815
1 0.693229 0.541667 0.010417 0.053704
1 0.679688 0.350463 0.007292 0.043519
1 0.355729 0.351389 0.009375 0.045370
1 0.509375 0.478704 0.018750 0.057407
1 0.470833 0.402315 0.015625 0.050926
1 0.401302 0.342130 0.008854 0.039815
1 0.565625 0.356019 0.009375 0.041667
1 0.059896 0.590741 0.018750 0.066667
1 0.601823 0.488889 0.016146 0.055556
1 0.968096 0.495769 0.023891 0.059130
1 0.734375 0.457407 0.016667 0.053704
1 0.121875 0.488426 0.015625 0.060185
1 0.924219 0.494907 0.018229 0.054630
0 0.955945 0.521648 0.006443 0.009778
1 0.019294 0.265875 0.009130 0.027009
