1 0.713542 0.416204 0.019792 0.045370
1 0.675260 0.637037 0.016146 0.079630
1 0.648438 0.266667 0.010417 0.040741
1 0.885677 0.408796 0.010937 0.049074
1 0.079427 0.656481 0.024479 0.083333
1 0.617448 0.517593 0.016146 0.068519
1 0.992708 0.538426 0.013542 0.062037
1 0.563802 0.394444 0.011979 0.048148
1 0.462500 0.669907 0.014583 0.084259
1 0.560677 0.300463 0.014063 0.037963
1 0.693490 0.620833 0.016146 0.071296
1 0.681771 0.327315 0.009375 0.045370
1 0.359115 0.355556 0.010937 0.050000
1 0.554948 0.495370 0.008854 0.064815
1 0.513021 0.432407 0.009375 0.059259
1 0.403125 0.345833 0.010417 0.043519
1 0.613281 0.362500 0.017188 0.047222
1 0.102865 0.665278 0.022396 0.080556
1 0.620833 0.483796 0.013542 0.041667
1 0.819792 0.495370 0.013542 0.062963
1 0.083854 0.554630 0.023958 0.074074
0 0.989883 0.531676 0.006297 0.011111
