1 0.517969 0.519444 0.019271 0.055556
1 0.167187 0.619907 0.019792 0.073148
1 0.063021 0.316204 0.013542 0.041667
1 0.872917 0.657870 0.028125 0.071296
1 0.179167 0.445370 0.011458 0.053704
1 0.301563 0.491204 0.013542 0.060185
1 0.379688 0.870370 0.016667 0.087037
1 0.399740 0.348611 0.007812 0.039815
1 0.108594 0.526852 0.017188 0.066667
1 0.598698 0.271759 0.006771 0.032407
1 0.166667 0.578241 0.015625 0.060185
1 0.773177 0.365278 0.009896 0.045370
1 0.324479 0.282870 0.008333 0.037963
1 0.357031 0.362037 0.009896 0.046296
1 0.346875 0.403704 0.011458 0.053704
1 0.382552 0.254167 0.005729 0.028704
1 0.437240 0.332407 0.008854 0.042593
1 0.211719 0.422222 0.013021 0.051852
1 0.259375 0.514352 0.014583 0.062037
1 0.312240 0.647685 0.018229 0.076852
1 0.245833 0.358796 0.009375 0.049074
1 0.481250 0.475463 0.012500 0.056481
0 0.854688 0.661574 0.006250 0.010185
1 0.393750 0.203241 0.007292 0.025000
