1 0.692187 0.413889 0.014583 0.046296
1 0.682813 0.628704 0.016667 0.079630
1 0.646094 0.268519 0.009896 0.038889
1 0.860156 0.405093 0.015104 0.043519
1 0.075260 0.639815 0.015104 0.070370
1 0.614323 0.521296 0.015104 0.070370
1 0.993987 0.546792 0.011432 0.045472
1 0.574219 0.394907 0.010937 0.047222
1 0.476302 0.659259 0.018229 0.077778
1 0.573958 0.309259 0.011458 0.037037
1 0.704688 0.612037 0.017708 0.068519
1 0.684115 0.334722 0.009896 0.047222
1 0.362240 0.357870 0.008854 0.049074
1 0.555208 0.489352 0.016667 0.063889
1 0.508333 0.427778 0.010417 0.055556
1 0.409375 0.346759 0.010417 0.045370
1 0.604948 0.362037 0.015104 0.046296
1 0.087500 0.657407 0.018750 0.075926
1 0.633073 0.493056 0.011979 0.060185
1 0.808854 0.481944 0.011458 0.058333
1 0.097396 0.536574 0.018750 0.069444
