1 0.907292 0.418981 0.016667 0.049074
1 0.584896 0.682407 0.031250 0.098148
1 0.772917 0.225926 0.012500 0.042593
1 0.958854 0.369907 0.016667 0.052778
1 0.138802 0.635185 0.023438 0.085185
1 0.594271 0.486574 0.026042 0.062037
1 0.570312 0.318981 0.009375 0.043519
1 0.338802 0.717593 0.022396 0.096296
1 0.511458 0.190741 0.009375 0.037037
1 0.570833 0.775463 0.019792 0.095370
1 0.665104 0.219444 0.010417 0.040741
1 0.206250 0.292130 0.010417 0.050926
1 0.531250 0.354630 0.019792 0.048148
1 0.503646 0.365278 0.013542 0.056481
1 0.265104 0.255093 0.011458 0.039815
1 0.579688 0.276389 0.011458 0.043519
1 0.171094 0.624074 0.018229 0.087037
1 0.606250 0.540741 0.025000 0.070370
1 0.923438 0.447685 0.022917 0.056481
1 0.085677 0.446759 0.011979 0.067593
1 0.886979 0.360185 0.026042 0.046296
0 0.955760 0.391856 0.005313 0.009454
1 0.062760 0.196759 0.009896 0.034259
