1 0.697135 0.360648 0.018229 0.069444
1 0.613021 0.768056 0.035417 0.126852
1 0.853646 0.370370 0.020833 0.074074
1 0.507031 0.521296 0.030729 0.090741
1 0.921094 0.529167 0.023438 0.089815
1 0.557292 0.296759 0.017708 0.062037
1 0.256771 0.418519 0.028125 0.083333
1 0.619531 0.215278 0.016146 0.054630
1 0.625521 0.549537 0.033333 0.086111
1 0.755469 0.247685 0.015104 0.063889
1 0.291927 0.238426 0.015104 0.056481
1 0.336458 0.411111 0.019792 0.070370
1 0.500781 0.237037 0.015104 0.066667
1 0.476562 0.193981 0.015625 0.054630
1 0.444487 0.263292 0.025745 0.064361
1 0.138281 0.253194 0.015104 0.060093
1 0.552344 0.417130 0.024479 0.080556
1 0.739583 0.625463 0.045833 0.095370
1 0.135156 0.258116 0.022396 0.065435
1 0.528906 0.329167 0.020313 0.067593
1 0.047396 0.073611 0.007292 0.032407
