1 0.675781 0.438889 0.018229 0.055556
1 0.465104 0.687963 0.033333 0.075926
1 0.788281 0.252778 0.013021 0.035185
1 0.847917 0.420833 0.020833 0.047222
1 0.281250 0.593056 0.030208 0.058333
1 0.466406 0.555556 0.021354 0.055556
1 0.860078 0.544639 0.027344 0.060019
1 0.502865 0.369907 0.014063 0.045370
1 0.086198 0.739815 0.044271 0.051852
1 0.517448 0.217130 0.006771 0.028704
1 0.192188 0.873148 0.045833 0.081481
1 0.620833 0.268056 0.010417 0.039815
1 0.182031 0.291204 0.016146 0.041667
1 0.451042 0.419444 0.019792 0.051852
1 0.410417 0.378704 0.016667 0.044444
1 0.233333 0.280556 0.010417 0.035185
1 0.533854 0.290278 0.014583 0.041667
1 0.338281 0.614815 0.023438 0.066667
1 0.509115 0.592593 0.020313 0.061111
1 0.860521 0.526435 0.014063 0.051019
1 0.036458 0.489352 0.033333 0.062037
1 0.867969 0.441204 0.017188 0.054630
0 0.069531 0.662037 0.009896 0.014815
1 0.127083 0.198148 0.008333 0.027778
