1 0.502865 0.511574 0.022396 0.052778
1 0.169010 0.619444 0.021354 0.079630
1 0.069531 0.311574 0.015104 0.043519
1 0.866927 0.662500 0.023438 0.084259
1 0.175521 0.444444 0.012500 0.057407
1 0.300521 0.488889 0.011458 0.061111
1 0.375521 0.862037 0.029167 0.087037
1 0.401042 0.350926 0.008333 0.044444
1 0.111198 0.526389 0.016146 0.062037
1 0.595833 0.269444 0.006250 0.035185
1 0.173437 0.577778 0.016667 0.062963
1 0.765625 0.363889 0.009375 0.042593
1 0.324479 0.281481 0.007292 0.038889
1 0.357292 0.360648 0.009375 0.047222
1 0.346615 0.401852 0.011979 0.050000
1 0.382292 0.253241 0.006250 0.028704
1 0.436458 0.331944 0.007292 0.039815
1 0.208854 0.422222 0.010417 0.051852
1 0.259375 0.506019 0.012500 0.056481
1 0.311979 0.638889 0.015625 0.072222
1 0.247917 0.356944 0.013542 0.047222
1 0.480990 0.476852 0.011979 0.057407
0 0.853385 0.664815 0.006771 0.011111
1 0.394792 0.200926 0.007292 0.025926
