1 0.922917 0.441204 0.016667 0.054630
1 0.602083 0.698148 0.033333 0.094444
1 0.775521 0.237963 0.011458 0.042593
1 0.962240 0.380556 0.013021 0.050000
1 0.141927 0.653704 0.020313 0.088889
1 0.599219 0.500000 0.019271 0.070370
1 0.569271 0.335185 0.018750 0.037037
1 0.360417 0.717130 0.020833 0.093519
1 0.520573 0.205093 0.007812 0.036111
1 0.604167 0.773148 0.021875 0.090741
1 0.671875 0.237963 0.009375 0.040741
1 0.220312 0.307870 0.013542 0.049074
1 0.532813 0.376852 0.016667 0.055556
1 0.504687 0.378241 0.015625 0.056481
1 0.280208 0.268981 0.011458 0.039815
1 0.585417 0.294907 0.011458 0.047222
1 0.173958 0.650926 0.016667 0.090741
1 0.594271 0.552315 0.022917 0.067593
1 0.925000 0.461111 0.022917 0.055556
1 0.092448 0.465741 0.011979 0.068519
1 0.879167 0.373611 0.021875 0.047222
0 0.950521 0.425000 0.005208 0.009259
1 0.068490 0.208333 0.009896 0.035185
