1 0.899740 0.501389 0.016146 0.062037
1 0.640885 0.716667 0.017188 0.088889
1 0.739062 0.288426 0.010417 0.041667
1 0.913281 0.422222 0.017188 0.051852
1 0.142187 0.716204 0.019792 0.084259
1 0.600000 0.565278 0.019792 0.073148
1 0.550521 0.394444 0.009375 0.050000
1 0.375521 0.746759 0.014583 0.095370
1 0.519531 0.272685 0.009896 0.037963
1 0.680469 0.739815 0.022396 0.070370
1 0.660937 0.310648 0.012500 0.041667
1 0.243750 0.370370 0.014583 0.051852
1 0.515885 0.452315 0.014063 0.060185
1 0.501042 0.436111 0.010417 0.059259
1 0.306771 0.332407 0.012500 0.042593
1 0.586458 0.368981 0.010417 0.049074
1 0.172396 0.752315 0.023958 0.097222
1 0.575260 0.576852 0.015104 0.070370
1 0.870313 0.544444 0.018750 0.066667
1 0.077083 0.545370 0.013542 0.072222
1 0.874219 0.433796 0.020313 0.058333
0 0.893771 0.518648 0.008333 0.011111
1 0.035937 0.269444 0.010417 0.037037
