1 0.615885 0.482407 0.015104 0.057407
1 0.142969 0.543519 0.019271 0.064815
1 0.176302 0.210648 0.008854 0.036111
1 0.883854 0.603241 0.029167 0.065741
1 0.245573 0.381481 0.015104 0.050000
1 0.328125 0.446759 0.012500 0.058333
1 0.650000 0.748148 0.016667 0.074074
1 0.503646 0.309722 0.013542 0.043519
1 0.116406 0.437037 0.020313 0.057407
1 0.646615 0.221759 0.005729 0.032407
1 0.222917 0.612037 0.019792 0.066667
1 0.779427 0.368056 0.019271 0.050926
1 0.393750 0.224537 0.009375 0.039815
1 0.404687 0.315741 0.009375 0.038889
1 0.405208 0.350926 0.011458 0.050000
1 0.426823 0.231019 0.005729 0.034259
1 0.517969 0.271296 0.009896 0.042593
1 0.289062 0.354167 0.008333 0.050926
1 0.351823 0.436574 0.017188 0.054630
1 0.693490 0.629630 0.020313 0.068519
1 0.297396 0.279630 0.012500 0.044444
1 0.783073 0.506019 0.024479 0.060185
1 0.472396 0.118056 0.005208 0.017593
