1 0.708854 0.444907 0.018750 0.069444
1 0.117708 0.521759 0.026042 0.058333
1 0.045573 0.222222 0.014063 0.053704
1 0.749219 0.646759 0.021354 0.095370
1 0.164323 0.365278 0.028646 0.065741
1 0.438542 0.569907 0.027083 0.075000
1 0.269271 0.807407 0.034375 0.109259
1 0.482812 0.233796 0.009375 0.050926
1 0.308594 0.433333 0.030729 0.066667
1 0.725000 0.139352 0.009375 0.037963
1 0.211198 0.544907 0.025521 0.067593
1 0.893490 0.332407 0.017188 0.062963
1 0.381510 0.154167 0.008854 0.043519
1 0.401562 0.332870 0.020833 0.063889
1 0.469010 0.320833 0.013021 0.062037
1 0.445573 0.135648 0.009896 0.034259
1 0.597917 0.236111 0.011458 0.051852
1 0.255469 0.368981 0.022396 0.069444
1 0.355208 0.413889 0.025000 0.064815
1 0.269453 0.781204 0.030885 0.099444
1 0.275260 0.249074 0.021354 0.055556
1 0.679688 0.594444 0.020833 0.087037
0 0.260932 0.855843 0.010417 0.015426
1 0.460938 0.078704 0.008333 0.029630
