1 0.713021 0.331944 0.010417 0.073148
1 0.419271 0.846296 0.035417 0.100000
1 0.864062 0.379167 0.020833 0.080556
1 0.027865 0.239352 0.018229 0.065741
1 0.432812 0.525000 0.027083 0.100000
1 0.901563 0.512500 0.021875 0.095370
1 0.637240 0.263426 0.010937 0.063889
1 0.244531 0.350926 0.011979 0.077778
1 0.709635 0.201389 0.009896 0.058333
1 0.591667 0.651389 0.019792 0.097222
1 0.801823 0.255093 0.010937 0.069444
1 0.398698 0.178704 0.007812 0.059259
1 0.412760 0.371759 0.010937 0.076852
1 0.493229 0.190741 0.011458 0.057407
1 0.566927 0.177315 0.008854 0.052778
1 0.435417 0.252778 0.012500 0.064815
1 0.433854 0.174537 0.010417 0.054630
1 0.555208 0.386111 0.011458 0.079630
1 0.418490 0.697222 0.028646 0.096296
1 0.273438 0.201852 0.008333 0.064815
1 0.409375 0.340278 0.015625 0.076852
0 0.419531 0.275000 0.005729 0.011111
1 0.167969 0.051852 0.008854 0.038889
