1 0.474479 0.512037 0.017708 0.048148
1 0.169010 0.615741 0.021354 0.070370
1 0.079427 0.309722 0.013021 0.039815
1 0.881510 0.675463 0.018229 0.076852
1 0.169271 0.447685 0.010417 0.050926
1 0.292969 0.495370 0.014063 0.059259
1 0.361458 0.843056 0.028125 0.078704
1 0.401042 0.356481 0.008333 0.042593
1 0.109375 0.534259 0.018750 0.064815
1 0.591146 0.276389 0.006250 0.032407
1 0.180208 0.583796 0.014583 0.062037
1 0.752344 0.368056 0.014063 0.047222
1 0.321875 0.287500 0.008333 0.037963
1 0.354687 0.368981 0.010417 0.045370
1 0.341927 0.411111 0.011979 0.051852
1 0.379688 0.258796 0.006250 0.030556
1 0.434635 0.340278 0.008854 0.043519
1 0.203906 0.425926 0.011979 0.050000
1 0.258594 0.502778 0.010937 0.055556
1 0.313281 0.638426 0.014063 0.069444
1 0.250521 0.362963 0.013542 0.048148
1 0.483594 0.483796 0.011979 0.058333
0 0.859635 0.679167 0.006771 0.010185
1 0.396354 0.202315 0.006250 0.023148
