1 0.620052 0.481019 0.018229 0.054630
1 0.146354 0.544444 0.018750 0.062963
1 0.176042 0.212963 0.010417 0.037037
1 0.888281 0.600463 0.022396 0.067593
1 0.250260 0.387037 0.011979 0.050000
1 0.333073 0.450000 0.015104 0.055556
1 0.669531 0.745833 0.030729 0.073148
1 0.506771 0.311574 0.008333 0.041667
1 0.115885 0.442130 0.019271 0.056481
1 0.648958 0.225463 0.009375 0.026852
1 0.214062 0.614352 0.013542 0.063889
1 0.782813 0.368981 0.013542 0.050926
1 0.397656 0.225000 0.007812 0.040741
1 0.406510 0.317593 0.008854 0.035185
1 0.408073 0.351852 0.013021 0.050000
1 0.428906 0.233333 0.007812 0.031481
1 0.524479 0.273611 0.011458 0.037963
1 0.294531 0.358333 0.011979 0.051852
1 0.353906 0.444444 0.013021 0.057407
1 0.709115 0.631481 0.022396 0.061111
1 0.298438 0.281481 0.011458 0.044444
1 0.793750 0.508796 0.017708 0.060185
1 0.472917 0.119907 0.005208 0.019444
