1 0.643229 0.470833 0.017708 0.052778
1 0.167969 0.543981 0.021354 0.062037
1 0.160417 0.222222 0.009375 0.037037
1 0.889323 0.587037 0.027604 0.064815
1 0.269792 0.403704 0.013542 0.051852
1 0.339844 0.471759 0.013021 0.060185
1 0.733333 0.749074 0.033333 0.072222
1 0.517448 0.318056 0.011979 0.043519
1 0.107292 0.472685 0.020833 0.063889
1 0.660417 0.226389 0.010417 0.034259
1 0.185677 0.634722 0.018229 0.071296
1 0.786979 0.370833 0.014583 0.052778
1 0.406510 0.229630 0.010937 0.038889
1 0.419010 0.328704 0.009896 0.046296
1 0.411458 0.353241 0.013542 0.052778
1 0.430990 0.237500 0.006771 0.034259
1 0.550000 0.271296 0.013542 0.038889
1 0.315625 0.377315 0.015625 0.050926
1 0.358073 0.480556 0.011979 0.059259
1 0.764844 0.637963 0.031771 0.062963
1 0.294010 0.292593 0.011979 0.044444
1 0.830208 0.515741 0.018750 0.057407
1 0.469792 0.126389 0.006250 0.019444
