1 0.711198 0.273611 0.016146 0.049074
1 0.272917 0.392130 0.023958 0.071296
1 0.194271 0.162963 0.009375 0.051852
1 0.855469 0.450463 0.022396 0.065741
1 0.398958 0.231944 0.015625 0.056481
1 0.529427 0.294444 0.014063 0.059259
1 0.472917 0.805556 0.027083 0.114815
1 0.610417 0.177778 0.010417 0.048148
1 0.345833 0.308796 0.015625 0.065741
1 0.873958 0.126852 0.011458 0.037037
1 0.115365 0.562500 0.015104 0.084259
1 0.931250 0.286111 0.014583 0.061111
1 0.573958 0.097222 0.008333 0.038889
1 0.629948 0.210648 0.011979 0.049074
1 0.571354 0.208796 0.011458 0.052778
1 0.614323 0.085185 0.009896 0.035185
1 0.677604 0.177778 0.011458 0.050000
1 0.427604 0.218056 0.010417 0.054630
1 0.425000 0.343519 0.013542 0.066667
1 0.443490 0.403704 0.014063 0.072222
1 0.471094 0.177778 0.009896 0.048148
1 0.822396 0.298148 0.015625 0.055556
0 0.841406 0.461111 0.007812 0.012963
1 0.595052 0.068981 0.007812 0.030556
