1 0.434115 0.549537 0.013021 0.063889
1 0.152344 0.610185 0.021354 0.066667
1 0.092969 0.299074 0.011979 0.037037
1 0.913542 0.681944 0.017708 0.071296
1 0.134375 0.453241 0.015625 0.050926
1 0.244219 0.500370 0.017604 0.052037
1 0.308073 0.793981 0.016146 0.075000
1 0.390104 0.379167 0.009375 0.043519
1 0.088021 0.518056 0.017708 0.058333
1 0.568750 0.286574 0.006250 0.034259
1 0.186979 0.613426 0.015625 0.067593
1 0.710938 0.370370 0.011458 0.044444
1 0.301302 0.292593 0.008854 0.035185
1 0.338281 0.387037 0.010937 0.044444
1 0.311198 0.426852 0.011979 0.050000
1 0.362500 0.268519 0.008333 0.027778
1 0.427344 0.357870 0.007812 0.043519
1 0.168750 0.435648 0.013542 0.049074
1 0.249029 0.491231 0.012255 0.053722
1 0.995982 0.915796 0.007693 0.045056
1 0.297135 0.631944 0.013021 0.065741
1 0.229167 0.370833 0.009375 0.047222
1 0.499219 0.506019 0.011979 0.056481
0 0.703906 0.671759 0.006771 0.010185
1 0.390625 0.197685 0.006250 0.021296
