1 0.676823 0.419907 0.019271 0.054630
1 0.480990 0.663426 0.025521 0.076852
1 0.753125 0.240278 0.011458 0.036111
1 0.844792 0.397222 0.014583 0.050000
1 0.260937 0.610648 0.036458 0.071296
1 0.477083 0.546759 0.021875 0.058333
1 0.862760 0.531019 0.017188 0.062037
1 0.488021 0.350926 0.014583 0.048148
1 0.118490 0.740278 0.039062 0.075000
1 0.485156 0.206944 0.007812 0.034259
1 0.250260 0.837037 0.048438 0.068519
1 0.599740 0.255093 0.010937 0.036111
1 0.141406 0.293519 0.014063 0.046296
1 0.449740 0.409259 0.023438 0.055556
1 0.401823 0.370833 0.019271 0.049074
1 0.196615 0.275463 0.013021 0.039815
1 0.522656 0.282870 0.009896 0.039815
1 0.286979 0.606019 0.015625 0.069444
1 0.526823 0.578241 0.020313 0.062037
1 0.854167 0.509722 0.014583 0.063889
1 0.019010 0.496296 0.035937 0.064815
1 0.856510 0.420833 0.014063 0.054630
0 0.140625 0.527315 0.009375 0.012037
1 0.081250 0.200463 0.007292 0.028704
