1 0.660417 0.466667 0.019792 0.051852
1 0.199479 0.554630 0.025000 0.061111
1 0.136719 0.238426 0.010937 0.036111
1 0.893750 0.574537 0.021875 0.060185
1 0.287760 0.426389 0.017188 0.050926
1 0.354167 0.493056 0.013542 0.062037
1 0.792708 0.750926 0.031250 0.070370
1 0.525521 0.331944 0.011458 0.039815
1 0.089323 0.508796 0.021354 0.063889
1 0.670312 0.234722 0.012500 0.032407
1 0.149625 0.658171 0.019688 0.061435
1 0.786719 0.360648 0.011979 0.047222
1 0.413021 0.238426 0.010417 0.036111
1 0.437500 0.341204 0.016667 0.043519
1 0.420833 0.360185 0.015625 0.050000
1 0.429948 0.247222 0.009896 0.033333
1 0.571354 0.275000 0.014583 0.037037
1 0.328646 0.408796 0.014583 0.050926
1 0.365625 0.518519 0.012500 0.059259
1 0.818750 0.648611 0.026042 0.065741
1 0.286198 0.304630 0.013021 0.046296
1 0.867708 0.526852 0.025000 0.059259
1 0.459896 0.134259 0.006250 0.022222
