1 0.639844 0.415741 0.010937 0.044444
1 0.661719 0.580556 0.017188 0.070370
1 0.641927 0.268519 0.008854 0.035185
1 0.757812 0.389352 0.010417 0.041667
1 0.073177 0.590278 0.021354 0.065741
1 0.567187 0.525463 0.013542 0.063889
1 0.840365 0.486111 0.018229 0.051852
1 0.568490 0.386574 0.009896 0.045370
1 0.490625 0.633796 0.021875 0.073148
1 0.567969 0.321296 0.007812 0.037037
1 0.689323 0.548148 0.011979 0.057407
1 0.673438 0.347685 0.007292 0.045370
1 0.350521 0.354167 0.012500 0.045370
1 0.507292 0.479630 0.020833 0.057407
1 0.467708 0.404630 0.010417 0.050000
1 0.396615 0.345833 0.010937 0.039815
1 0.563021 0.357870 0.009375 0.039815
1 0.058854 0.601389 0.022917 0.067593
1 0.601823 0.489815 0.011979 0.057407
1 0.958750 0.494444 0.025208 0.062963
1 0.734375 0.457870 0.013542 0.052778
1 0.115885 0.494907 0.016146 0.062037
1 0.939844 0.500000 0.017188 0.057407
0 0.962182 0.525463 0.005729 0.007407
1 0.012917 0.274074 0.009583 0.027778
