1 0.663281 0.470833 0.017188 0.063889
1 0.118490 0.595833 0.021354 0.073148
1 0.229167 0.250463 0.012500 0.049074
1 0.869531 0.649074 0.032813 0.081481
1 0.353646 0.335185 0.013542 0.055556
1 0.457813 0.509259 0.023958 0.070370
1 0.389062 0.764352 0.021875 0.108333
1 0.587760 0.298611 0.011979 0.049074
1 0.273177 0.481019 0.018229 0.071296
1 0.856510 0.227315 0.008854 0.039815
1 0.071615 0.725000 0.025521 0.075926
1 0.958594 0.433796 0.016146 0.069444
1 0.543490 0.215741 0.011979 0.044444
1 0.557552 0.374074 0.019271 0.057407
1 0.526042 0.359722 0.012500 0.058333
1 0.609375 0.195370 0.007292 0.037037
1 0.679688 0.316204 0.012500 0.054630
1 0.424219 0.314815 0.008854 0.050000
1 0.334115 0.514815 0.021354 0.072222
1 0.359896 0.668056 0.019792 0.091667
1 0.432031 0.285648 0.011979 0.054630
1 0.729167 0.493056 0.025000 0.067593
0 0.391794 0.781361 0.006099 0.010870
1 0.610677 0.156944 0.009896 0.030556
