1 0.620052 0.512500 0.023438 0.065741
1 0.138021 0.585648 0.026042 0.063889
1 0.248958 0.256019 0.008333 0.047222
1 0.921875 0.706944 0.030208 0.093519
1 0.342448 0.347685 0.015104 0.047222
1 0.474740 0.516667 0.020313 0.059259
1 0.374740 0.716667 0.024479 0.085185
1 0.571094 0.311111 0.013021 0.050000
1 0.266667 0.515278 0.026042 0.069444
1 0.817969 0.239815 0.010937 0.040741
1 0.138281 0.719907 0.032813 0.089815
1 0.947396 0.437963 0.022917 0.061111
1 0.534896 0.231481 0.009375 0.042593
1 0.527865 0.404167 0.021354 0.054630
1 0.486458 0.384722 0.016667 0.056481
1 0.596094 0.210648 0.008854 0.036111
1 0.663802 0.336574 0.020313 0.047222
1 0.418750 0.315741 0.011458 0.050000
1 0.328385 0.561111 0.025521 0.070370
1 0.408333 0.702778 0.029167 0.090741
1 0.420573 0.291667 0.008854 0.025926
1 0.731250 0.537037 0.028125 0.064815
0 0.707292 0.754167 0.010417 0.012037
1 0.590365 0.167593 0.006771 0.027778
