1 0.690885 0.542130 0.017188 0.049074
1 0.185938 0.615278 0.015625 0.075000
1 0.074479 0.401389 0.010417 0.047222
1 0.883854 0.657870 0.016667 0.073148
1 0.286458 0.468056 0.009375 0.050926
1 0.390885 0.493519 0.010937 0.055556
1 0.434510 0.971259 0.041208 0.057481
1 0.476042 0.399537 0.013542 0.041667
1 0.228906 0.522685 0.013021 0.062037
1 0.721615 0.345370 0.007812 0.033333
1 0.109115 0.711574 0.025521 0.076852
1 0.827865 0.443519 0.011979 0.046296
1 0.427083 0.331481 0.008333 0.037037
1 0.447656 0.400926 0.009896 0.037037
1 0.444010 0.432870 0.009896 0.047222
1 0.490885 0.317593 0.006771 0.027778
1 0.545833 0.381019 0.008333 0.041667
1 0.295312 0.458333 0.010417 0.051852
1 0.324219 0.581019 0.011979 0.065741
1 0.360938 0.662963 0.014583 0.077778
1 0.338281 0.398611 0.007812 0.047222
1 0.661458 0.507407 0.011458 0.059259
0 0.827565 0.458986 0.004026 0.006917
1 0.445312 0.298148 0.008333 0.029630
