1 0.691927 0.438889 0.016146 0.050000
1 0.443490 0.667593 0.026562 0.064815
1 0.873958 0.259722 0.013542 0.034259
1 0.878125 0.443056 0.019792 0.054630
1 0.332292 0.540278 0.026042 0.058333
1 0.479167 0.550926 0.021875 0.064815
1 0.886979 0.569444 0.018750 0.053704
1 0.541406 0.376389 0.014063 0.047222
1 0.096615 0.747685 0.036979 0.073148
1 0.595052 0.221759 0.007812 0.030556
1 0.121354 0.808333 0.037500 0.074074
1 0.678646 0.276852 0.013542 0.042593
1 0.288542 0.266667 0.011458 0.038889
1 0.480208 0.403241 0.013542 0.049074
1 0.456771 0.372222 0.016667 0.044444
1 0.326302 0.264352 0.010937 0.028704
1 0.577344 0.281019 0.017188 0.037963
1 0.395573 0.595833 0.028646 0.063889
1 0.500521 0.575463 0.029167 0.060185
1 0.892188 0.541204 0.013542 0.050926
1 0.123177 0.426389 0.023438 0.054630
1 0.906250 0.456944 0.020833 0.052778
0 0.072135 0.756481 0.008854 0.012963
1 0.249839 0.174593 0.008698 0.025926
