1 0.523958 0.548148 0.015625 0.062963
1 0.076302 0.629630 0.029687 0.070370
1 0.081250 0.276852 0.012500 0.040741
1 0.901302 0.707870 0.027604 0.075000
1 0.109375 0.440278 0.014583 0.054630
1 0.196094 0.494444 0.016146 0.059259
1 0.303385 0.812037 0.020313 0.077778
1 0.394010 0.380093 0.009896 0.045370
1 0.037760 0.506944 0.020313 0.063889
1 0.550260 0.272222 0.006771 0.035185
1 0.215885 0.668981 0.022396 0.073148
1 0.713542 0.390741 0.010417 0.048148
1 0.296615 0.277778 0.008854 0.042593
1 0.312500 0.390278 0.014583 0.050926
1 0.299479 0.435185 0.010417 0.053704
1 0.352083 0.273148 0.007292 0.033333
1 0.403646 0.342130 0.009375 0.045370
1 0.175260 0.395370 0.013021 0.050000
1 0.210677 0.469907 0.015104 0.054630
1 0.974161 0.949926 0.039802 0.090815
1 0.389062 0.656481 0.022917 0.062963
1 0.195312 0.358333 0.013542 0.051852
1 0.623177 0.533796 0.020313 0.058333
0 0.294531 0.790741 0.007812 0.014815
1 0.394271 0.171759 0.006250 0.019444
