1 0.642969 0.497685 0.021354 0.069444
1 0.125521 0.591204 0.021875 0.075000
1 0.245833 0.260648 0.010417 0.047222
1 0.899479 0.689815 0.034375 0.087037
1 0.348177 0.348611 0.015104 0.050926
1 0.457031 0.532407 0.027604 0.061111
1 0.393490 0.743981 0.038021 0.078704
1 0.583073 0.312500 0.011979 0.049074
1 0.266667 0.510185 0.022917 0.072222
1 0.840885 0.242130 0.008854 0.039815
1 0.104167 0.734722 0.025000 0.091667
1 0.947656 0.445370 0.023438 0.061111
1 0.544531 0.232407 0.009896 0.044444
1 0.542708 0.394907 0.016667 0.054630
1 0.509115 0.381944 0.014063 0.060185
1 0.606510 0.210648 0.007812 0.036111
1 0.676823 0.333333 0.011979 0.055556
1 0.424479 0.322222 0.009375 0.048148
1 0.316667 0.548148 0.023958 0.064815
1 0.383854 0.691667 0.017708 0.064815
1 0.427604 0.290741 0.011458 0.035185
1 0.720052 0.525926 0.030729 0.064815
0 0.520052 0.765278 0.010937 0.012037
1 0.604167 0.169444 0.007292 0.029630
