1 0.603385 0.487500 0.011979 0.062037
1 0.117188 0.544907 0.019792 0.075000
1 0.171354 0.199074 0.010417 0.040741
1 0.900521 0.638426 0.028125 0.073148
1 0.208073 0.369444 0.014063 0.051852
1 0.300781 0.434259 0.013021 0.061111
1 0.561198 0.751852 0.029687 0.075926
1 0.486979 0.309259 0.013542 0.046296
1 0.103646 0.413426 0.023958 0.058333
1 0.636979 0.210648 0.008333 0.037963
1 0.234896 0.606944 0.015625 0.065741
1 0.778906 0.359722 0.014063 0.050926
1 0.378646 0.212500 0.008333 0.041667
1 0.392969 0.309722 0.009896 0.049074
1 0.385937 0.350463 0.012500 0.050926
1 0.421094 0.213426 0.008854 0.039815
1 0.490625 0.268981 0.008333 0.041667
1 0.264583 0.337500 0.014583 0.054630
1 0.315104 0.409259 0.017708 0.053704
1 0.616927 0.625000 0.016146 0.066667
1 0.281250 0.268519 0.015625 0.046296
1 0.753906 0.503241 0.015104 0.063889
1 0.464844 0.100926 0.006771 0.024074
