1 0.704948 0.433796 0.010937 0.050926
1 0.717708 0.582407 0.022917 0.068519
1 0.726042 0.272222 0.007292 0.035185
1 0.813021 0.408333 0.012500 0.042593
1 0.138542 0.542130 0.016667 0.062037
1 0.618490 0.533796 0.017188 0.063889
1 0.858594 0.500463 0.020313 0.054630
1 0.620573 0.397222 0.009896 0.042593
1 0.518229 0.624537 0.029167 0.075000
1 0.623437 0.325926 0.007292 0.033333
1 0.749740 0.551852 0.017188 0.059259
1 0.744010 0.367130 0.009896 0.047222
1 0.423698 0.346759 0.006771 0.045370
1 0.559115 0.481944 0.011979 0.058333
1 0.524479 0.395370 0.010417 0.050000
1 0.461719 0.338889 0.007812 0.038889
1 0.620375 0.362750 0.008354 0.036352
1 0.122917 0.550463 0.026042 0.060185
1 0.654948 0.496759 0.019271 0.056481
1 0.785677 0.481481 0.018229 0.055556
1 0.192969 0.462500 0.014063 0.058333
1 0.920312 0.500463 0.020833 0.062037
1 0.101940 0.251468 0.009130 0.029602
