1 0.587760 0.490741 0.011979 0.061111
1 0.104948 0.547222 0.020313 0.068519
1 0.160417 0.199537 0.012500 0.037963
1 0.910937 0.673148 0.035417 0.085185
1 0.190625 0.369444 0.015625 0.051852
1 0.280990 0.432870 0.019271 0.062037
1 0.486198 0.757407 0.022396 0.074074
1 0.471615 0.312963 0.013021 0.042593
1 0.098958 0.418056 0.014583 0.063889
1 0.626302 0.213426 0.009896 0.037963
1 0.245312 0.604630 0.021875 0.070370
1 0.771354 0.358333 0.013542 0.053704
1 0.365365 0.213426 0.008854 0.041667
1 0.384115 0.312500 0.011979 0.052778
1 0.370312 0.359259 0.012500 0.051852
1 0.417187 0.212963 0.013542 0.038889
1 0.472656 0.274537 0.010937 0.045370
1 0.250260 0.331944 0.014063 0.052778
1 0.283333 0.407870 0.014583 0.056481
1 0.555469 0.620370 0.018229 0.068519
1 0.269531 0.273148 0.011979 0.046296
1 0.728385 0.501852 0.021354 0.062963
0 0.383854 0.818519 0.007292 0.014815
