1 0.440104 0.552315 0.014583 0.050926
1 0.116406 0.622685 0.017188 0.069444
1 0.078125 0.295370 0.010417 0.038889
1 0.914062 0.696759 0.019792 0.073148
1 0.108073 0.447685 0.013021 0.050926
1 0.204687 0.503704 0.017708 0.055556
1 0.271354 0.768519 0.022917 0.066667
1 0.382292 0.391204 0.010417 0.045370
1 0.063802 0.525926 0.024479 0.061111
1 0.541927 0.289352 0.006771 0.034259
1 0.190625 0.641667 0.017708 0.064815
1 0.694531 0.384722 0.011979 0.047222
1 0.284115 0.290741 0.007812 0.037037
1 0.308073 0.399074 0.009896 0.046296
1 0.292708 0.437963 0.012500 0.051852
1 0.349219 0.276852 0.007812 0.031481
1 0.408073 0.360648 0.008854 0.043519
1 0.137240 0.432870 0.011979 0.050926
1 0.230469 0.485185 0.014063 0.053704
1 0.981250 0.932870 0.036458 0.095370
1 0.286198 0.642130 0.011979 0.065741
1 0.189062 0.375926 0.012500 0.046296
1 0.525000 0.530093 0.010417 0.054630
0 0.364323 0.679630 0.008854 0.011111
1 0.380469 0.193056 0.005729 0.021296
