1 0.832552 0.454167 0.015104 0.045370
1 0.618750 0.639352 0.019792 0.080556
1 0.675000 0.281019 0.009375 0.037963
1 0.880729 0.397685 0.011458 0.036111
1 0.147656 0.697222 0.023438 0.081481
1 0.579688 0.536574 0.019792 0.067593
1 0.970573 0.562963 0.013021 0.068519
1 0.533594 0.393519 0.010937 0.046296
1 0.368750 0.675926 0.020833 0.074074
1 0.502865 0.280093 0.009896 0.037963
1 0.637500 0.633796 0.016667 0.062037
1 0.641927 0.313426 0.008854 0.041667
1 0.271354 0.369444 0.009375 0.048148
1 0.499219 0.447222 0.011979 0.055556
1 0.491927 0.434259 0.008854 0.053704
1 0.323698 0.337500 0.014063 0.043519
1 0.590625 0.363889 0.013542 0.046296
1 0.177604 0.702778 0.018750 0.081481
1 0.565365 0.541204 0.014063 0.063889
1 0.781250 0.508796 0.022917 0.056481
1 0.064583 0.564815 0.017708 0.070370
1 0.884115 0.425463 0.014063 0.043519
0 0.827344 0.480556 0.004687 0.007407
