1 0.626302 0.528704 0.013021 0.059259
1 0.132031 0.623611 0.019271 0.078704
1 0.007812 0.350463 0.014583 0.047222
1 0.872656 0.622685 0.020313 0.076852
1 0.191927 0.444907 0.011979 0.056481
1 0.306250 0.485185 0.011458 0.064815
1 0.393229 0.950926 0.020833 0.098148
1 0.399740 0.355093 0.008854 0.045370
1 0.128125 0.520370 0.015625 0.068519
1 0.633594 0.283333 0.007812 0.035185
1 0.086719 0.632407 0.015104 0.072222
1 0.797135 0.389815 0.010937 0.055556
1 0.335156 0.287963 0.007812 0.038889
1 0.364063 0.363426 0.009375 0.043519
1 0.361198 0.401389 0.010937 0.052778
1 0.396354 0.262500 0.006250 0.028704
1 0.458854 0.336111 0.009375 0.042593
1 0.227344 0.429630 0.013021 0.053704
1 0.250521 0.547685 0.013542 0.067593
1 0.304427 0.668519 0.015104 0.083333
1 0.246875 0.362037 0.010417 0.050000
1 0.537240 0.473148 0.013021 0.059259
0 0.794010 0.416667 0.004687 0.007407
1 0.383854 0.231019 0.008333 0.028704
