1 0.755469 0.426389 0.020313 0.047222
1 0.662760 0.638426 0.017188 0.078704
1 0.652865 0.269907 0.008854 0.039815
1 0.897917 0.412037 0.014583 0.050000
1 0.094792 0.667130 0.019792 0.078704
1 0.611458 0.523148 0.017708 0.064815
1 0.972917 0.540278 0.018750 0.071296
1 0.553906 0.399537 0.010937 0.052778
1 0.446615 0.678704 0.025521 0.083333
1 0.541406 0.296296 0.010937 0.040741
1 0.676823 0.619444 0.013021 0.072222
1 0.675260 0.324537 0.009896 0.043519
1 0.352344 0.358796 0.009896 0.049074
1 0.548958 0.494444 0.014583 0.064815
1 0.517969 0.434722 0.009896 0.056481
1 0.395052 0.346296 0.009896 0.042593
1 0.626563 0.368519 0.013542 0.048148
1 0.130729 0.675463 0.026042 0.076852
1 0.605469 0.502778 0.016146 0.059259
1 0.823698 0.509259 0.013021 0.064815
1 0.072396 0.571296 0.018750 0.075926
0 0.978594 0.509259 0.006979 0.009074
