1 0.822917 0.448611 0.015625 0.047222
1 0.613802 0.631019 0.025521 0.078704
1 0.665885 0.277778 0.008854 0.038889
1 0.881510 0.398148 0.015104 0.042593
1 0.148958 0.691667 0.023958 0.083333
1 0.579688 0.529630 0.014583 0.066667
1 0.960156 0.550926 0.017188 0.064815
1 0.530208 0.393056 0.008333 0.049074
1 0.385937 0.675463 0.025000 0.078704
1 0.502344 0.278704 0.011979 0.040741
1 0.631250 0.623611 0.013542 0.067593
1 0.641667 0.315741 0.011458 0.040741
1 0.279687 0.367130 0.008333 0.049074
1 0.499740 0.451852 0.017188 0.055556
1 0.491406 0.431944 0.008854 0.049074
1 0.330469 0.336111 0.013021 0.044444
1 0.592187 0.361111 0.010417 0.044444
1 0.184896 0.694444 0.027083 0.077778
1 0.566927 0.531019 0.011979 0.063889
1 0.771875 0.501852 0.026042 0.055556
1 0.061719 0.566204 0.016146 0.075000
1 0.893229 0.426389 0.012500 0.049074
0 0.819792 0.468981 0.004167 0.008333
