1 0.867969 0.380093 0.015104 0.054630
1 0.562760 0.659259 0.028646 0.092593
1 0.764062 0.198148 0.011458 0.042593
1 0.955729 0.350463 0.016667 0.052778
1 0.133333 0.605093 0.029167 0.082407
1 0.603385 0.459722 0.015104 0.063889
1 0.555729 0.287037 0.015625 0.046296
1 0.312240 0.709722 0.026562 0.093519
1 0.491667 0.162037 0.008333 0.035185
1 0.527344 0.762963 0.033854 0.094444
1 0.648177 0.188889 0.013021 0.037037
1 0.184635 0.264815 0.007812 0.050000
1 0.530208 0.326852 0.017708 0.050000
1 0.498958 0.344907 0.012500 0.058333
1 0.235937 0.227315 0.008333 0.041667
1 0.572656 0.240278 0.009896 0.041667
1 0.162760 0.580093 0.017188 0.082407
1 0.618490 0.514352 0.023438 0.071296
1 0.921354 0.423611 0.031250 0.054630
1 0.071354 0.425926 0.013542 0.061111
1 0.896354 0.335185 0.021875 0.042593
0 0.953385 0.375000 0.005729 0.009259
1 0.045052 0.172685 0.009896 0.036111
