1 0.582812 0.493519 0.012500 0.062963
1 0.103385 0.553241 0.023438 0.067593
1 0.154688 0.204630 0.012500 0.038889
1 0.918490 0.676852 0.025521 0.079630
1 0.182812 0.373611 0.013542 0.052778
1 0.271875 0.435648 0.017708 0.062037
1 0.462500 0.761111 0.026042 0.075926
1 0.464062 0.318981 0.008333 0.041667
1 0.094792 0.425463 0.014583 0.062037
1 0.619531 0.217130 0.007812 0.037963
1 0.245052 0.604167 0.018229 0.065741
1 0.766146 0.359722 0.012500 0.056481
1 0.360417 0.218519 0.009375 0.040741
1 0.378906 0.318981 0.011979 0.050926
1 0.361719 0.366204 0.011979 0.054630
1 0.413021 0.216667 0.013542 0.038889
1 0.465625 0.275926 0.007292 0.038889
1 0.242708 0.336111 0.014583 0.051852
1 0.273177 0.411111 0.014063 0.050000
1 0.534635 0.620370 0.020313 0.066667
1 0.264323 0.280556 0.014063 0.048148
1 0.719271 0.504167 0.012500 0.063889
0 0.397396 0.776389 0.008333 0.013889
1 0.450521 0.106944 0.006250 0.025000
