1 0.671354 0.318519 0.010417 0.075926
1 0.378125 0.847222 0.032292 0.109259
1 0.825260 0.363426 0.016146 0.080556
1 0.375000 0.516667 0.019792 0.100000
1 0.866146 0.504167 0.023958 0.095370
1 0.594531 0.252315 0.010937 0.065741
1 0.203125 0.350463 0.019792 0.080556
1 0.664583 0.187500 0.009375 0.060185
1 0.552604 0.644444 0.017708 0.100000
1 0.759375 0.240741 0.011458 0.070370
1 0.351823 0.170833 0.007812 0.062037
1 0.365885 0.368056 0.015104 0.078704
1 0.452865 0.187500 0.013021 0.062037
1 0.521615 0.166204 0.008854 0.054630
1 0.389323 0.245833 0.013021 0.065741
1 0.381250 0.167593 0.015625 0.053704
1 0.512760 0.378704 0.011979 0.079630
1 0.379167 0.702778 0.033333 0.090741
1 0.223438 0.197685 0.008333 0.065741
1 0.371354 0.333333 0.014583 0.074074
0 0.374740 0.269444 0.005729 0.011111
1 0.111719 0.047130 0.008854 0.040926
