1 0.677344 0.435185 0.016146 0.055556
1 0.468750 0.678704 0.027083 0.070370
1 0.776302 0.248611 0.013021 0.036111
1 0.848177 0.412037 0.013021 0.048148
1 0.274219 0.600000 0.022396 0.064815
1 0.473958 0.553241 0.025000 0.054630
1 0.863542 0.538426 0.015625 0.056481
1 0.497396 0.366667 0.012500 0.050000
1 0.100000 0.738426 0.042708 0.060185
1 0.507812 0.216204 0.008333 0.030556
1 0.209375 0.864352 0.033333 0.078704
1 0.614583 0.264815 0.009375 0.044444
1 0.170052 0.293981 0.017188 0.041667
1 0.450260 0.419444 0.018229 0.055556
1 0.408333 0.378241 0.017708 0.047222
1 0.221875 0.281944 0.013542 0.036111
1 0.530208 0.288889 0.011458 0.040741
1 0.323437 0.612037 0.021875 0.072222
1 0.515104 0.588426 0.023958 0.063889
1 0.855729 0.523611 0.020833 0.062037
1 0.030208 0.495833 0.029167 0.062037
1 0.865885 0.433796 0.016146 0.054630
0 0.088542 0.606481 0.010417 0.014815
1 0.112500 0.200926 0.009375 0.029630
