1 0.651823 0.468981 0.011979 0.050926
1 0.180990 0.543056 0.027604 0.063889
1 0.157292 0.224074 0.010417 0.038889
1 0.900260 0.585648 0.019271 0.065741
1 0.279687 0.406944 0.015625 0.050926
1 0.345313 0.475000 0.013542 0.061111
1 0.759115 0.751852 0.028646 0.072222
1 0.522396 0.320370 0.009375 0.044444
1 0.105208 0.477778 0.022917 0.062963
1 0.667708 0.229630 0.008333 0.033333
1 0.177766 0.639111 0.021312 0.069500
1 0.793750 0.366667 0.012500 0.051852
1 0.411979 0.231019 0.010417 0.037963
1 0.426563 0.332407 0.011458 0.048148
1 0.417187 0.354167 0.016667 0.050926
1 0.433073 0.237500 0.008854 0.036111
1 0.559635 0.272685 0.008854 0.037963
1 0.323437 0.385648 0.016667 0.047222
1 0.362500 0.489352 0.013542 0.062037
1 0.788542 0.643981 0.023958 0.065741
1 0.294010 0.293056 0.011979 0.045370
1 0.846875 0.521296 0.016667 0.062963
1 0.470313 0.126389 0.006250 0.021296
