1 0.610156 0.488426 0.013021 0.058333
1 0.131250 0.544444 0.023958 0.064815
1 0.176563 0.205556 0.011458 0.037037
1 0.889844 0.613889 0.024479 0.072222
1 0.228385 0.377778 0.010937 0.051852
1 0.320052 0.441204 0.018229 0.060185
1 0.615104 0.746296 0.017708 0.070370
1 0.497656 0.309259 0.008854 0.044444
1 0.111198 0.424074 0.018229 0.059259
1 0.643229 0.215741 0.007292 0.033333
1 0.226042 0.608796 0.015625 0.063889
1 0.780469 0.365741 0.013021 0.051852
1 0.388542 0.219444 0.008333 0.040741
1 0.399479 0.311574 0.008333 0.041667
1 0.398698 0.349074 0.014063 0.051852
1 0.423698 0.223611 0.007812 0.037963
1 0.505990 0.269907 0.010937 0.043519
1 0.277865 0.348148 0.009896 0.050000
1 0.338542 0.424074 0.014583 0.051852
1 0.665365 0.627315 0.022396 0.065741
1 0.291667 0.275000 0.012500 0.046296
1 0.769271 0.506019 0.023958 0.065741
1 0.471094 0.111111 0.005729 0.020370
