1 0.619010 0.512037 0.023438 0.064815
1 0.139063 0.584259 0.026042 0.064815
1 0.247917 0.255556 0.008333 0.046296
1 0.921875 0.710648 0.035417 0.093519
1 0.341667 0.347222 0.014583 0.048148
1 0.475521 0.515741 0.025000 0.059259
1 0.372396 0.716204 0.021875 0.086111
1 0.568750 0.311111 0.013542 0.050000
1 0.265885 0.514815 0.025521 0.070370
1 0.814844 0.239352 0.010937 0.039815
1 0.139063 0.714352 0.031250 0.086111
1 0.947135 0.436111 0.021354 0.059259
1 0.533073 0.230556 0.008854 0.042593
1 0.526823 0.404167 0.021354 0.052778
1 0.484115 0.385648 0.015104 0.056481
1 0.594271 0.210185 0.008333 0.035185
1 0.663021 0.336111 0.021875 0.046296
1 0.417187 0.315278 0.011458 0.049074
1 0.330729 0.561574 0.020833 0.067593
1 0.411719 0.702315 0.026562 0.087963
1 0.419792 0.290741 0.008333 0.024074
1 0.731771 0.536574 0.028125 0.063889
0 0.728125 0.752315 0.010417 0.012037
1 0.588281 0.166667 0.006771 0.027778
