1 0.629427 0.474537 0.011979 0.063889
1 0.129167 0.616204 0.019792 0.084259
1 0.102604 0.234259 0.011458 0.048148
1 0.807031 0.595833 0.027604 0.071296
1 0.274219 0.309259 0.009896 0.050000
1 0.580990 0.476852 0.021354 0.057407
1 0.326823 0.816667 0.031771 0.092593
1 0.492448 0.256019 0.007812 0.045370
1 0.341146 0.510648 0.023958 0.069444
1 0.669271 0.172685 0.009375 0.034259
1 0.092708 0.655093 0.035417 0.071296
1 0.886458 0.339815 0.015625 0.053704
1 0.409115 0.186111 0.008854 0.038889
1 0.488281 0.318519 0.014063 0.048148
1 0.418490 0.333796 0.011979 0.056481
1 0.468750 0.162037 0.007292 0.031481
1 0.604167 0.258796 0.009375 0.039815
1 0.319531 0.279630 0.013021 0.044444
1 0.432812 0.531944 0.020833 0.071296
1 0.454688 0.625926 0.016667 0.081481
1 0.332031 0.266204 0.014063 0.049074
1 0.781771 0.503241 0.021875 0.058333
0 0.778646 0.621759 0.007292 0.012037
1 0.466406 0.125000 0.006771 0.027778
