1 0.698698 0.244907 0.019271 0.049074
1 0.266667 0.366667 0.022917 0.072222
1 0.163802 0.146296 0.009896 0.053704
1 0.877865 0.431481 0.024479 0.077778
1 0.385677 0.210648 0.017188 0.054630
1 0.515365 0.256481 0.011979 0.055556
1 0.480469 0.800463 0.036979 0.106481
1 0.591406 0.153241 0.010937 0.045370
1 0.332813 0.284722 0.018750 0.062037
1 0.854948 0.103704 0.014063 0.040741
1 0.110417 0.521296 0.019792 0.074074
1 0.913542 0.250463 0.013542 0.060185
1 0.559635 0.073611 0.010937 0.037963
1 0.619531 0.181019 0.011979 0.045370
1 0.554688 0.185185 0.012500 0.051852
1 0.601823 0.065278 0.010937 0.032407
1 0.663542 0.153704 0.012500 0.044444
1 0.408073 0.198148 0.011979 0.055556
1 0.413542 0.323148 0.011458 0.064815
1 0.427865 0.381019 0.016146 0.071296
1 0.458073 0.153241 0.011979 0.049074
1 0.803906 0.259722 0.009896 0.049074
0 0.856250 0.365741 0.006250 0.011111
1 0.574479 0.049537 0.007292 0.032407
