1 0.728646 0.418981 0.017708 0.043519
1 0.666927 0.638426 0.022396 0.078704
1 0.649479 0.267130 0.010417 0.041667
1 0.891406 0.411111 0.017188 0.050000
1 0.084115 0.662963 0.018229 0.079630
1 0.616146 0.521296 0.016667 0.064815
1 0.979331 0.538611 0.019307 0.067352
1 0.556771 0.397685 0.015625 0.049074
1 0.454948 0.676852 0.025521 0.085185
1 0.550521 0.296759 0.010417 0.037963
1 0.683854 0.621759 0.014583 0.075000
1 0.678385 0.326389 0.008854 0.045370
1 0.357552 0.357870 0.014063 0.049074
1 0.551823 0.496296 0.013021 0.062963
1 0.514844 0.433333 0.009896 0.057407
1 0.398698 0.345833 0.010937 0.043519
1 0.618750 0.364352 0.015625 0.049074
1 0.114062 0.671759 0.021875 0.078704
1 0.614844 0.496296 0.016146 0.059259
1 0.821354 0.497222 0.013542 0.062963
1 0.075000 0.562500 0.017708 0.073148
0 0.978646 0.508333 0.006250 0.011111
