1 0.500260 0.510185 0.023438 0.051852
1 0.169271 0.619444 0.022917 0.077778
1 0.070573 0.311111 0.016146 0.042593
1 0.868229 0.663889 0.021875 0.081481
1 0.174479 0.444444 0.012500 0.055556
1 0.299479 0.489815 0.010417 0.061111
1 0.375260 0.861111 0.028646 0.085185
1 0.401042 0.351389 0.008333 0.043519
1 0.110937 0.526852 0.018750 0.061111
1 0.595313 0.270833 0.006250 0.034259
1 0.174740 0.578241 0.015104 0.062037
1 0.764583 0.363889 0.009375 0.044444
1 0.323698 0.282407 0.006771 0.038889
1 0.356771 0.361574 0.008333 0.047222
1 0.346354 0.403704 0.011458 0.053704
1 0.381771 0.253704 0.007292 0.029630
1 0.436198 0.331944 0.006771 0.041667
1 0.208333 0.422685 0.011458 0.050926
1 0.259115 0.506481 0.015104 0.057407
1 0.312500 0.639815 0.016667 0.072222
1 0.247656 0.356019 0.013021 0.047222
1 0.480990 0.477778 0.011979 0.057407
0 0.853385 0.666204 0.006771 0.012037
1 0.394792 0.200926 0.007292 0.025926
