1 0.592969 0.468056 0.019271 0.063889
1 0.088542 0.606019 0.022917 0.078704
1 0.102083 0.233333 0.012500 0.048148
1 0.827344 0.600926 0.019271 0.077778
1 0.256771 0.312037 0.017708 0.053704
1 0.519010 0.460648 0.021354 0.060185
1 0.281250 0.782870 0.019792 0.087963
1 0.476823 0.257407 0.013021 0.044444
1 0.269531 0.501389 0.027604 0.067593
1 0.660156 0.174537 0.008854 0.034259
1 0.076042 0.660185 0.027083 0.085185
1 0.868490 0.343519 0.017188 0.057407
1 0.403646 0.184722 0.010417 0.039815
1 0.471875 0.322685 0.011458 0.049074
1 0.392969 0.337500 0.018229 0.056481
1 0.463281 0.161111 0.008854 0.031481
1 0.583854 0.262037 0.012500 0.046296
1 0.305469 0.277778 0.010937 0.048148
1 0.385156 0.533796 0.024479 0.069444
1 0.419010 0.639815 0.019271 0.085185
1 0.323698 0.262500 0.011979 0.052778
1 0.759115 0.477315 0.020313 0.058333
0 0.811979 0.621759 0.007292 0.012037
1 0.460938 0.124074 0.007292 0.025926
