1 0.736198 0.459259 0.018229 0.050000
1 0.414062 0.628241 0.032292 0.067593
1 0.059896 0.294444 0.012500 0.040741
1 0.948958 0.527315 0.022917 0.058333
1 0.393750 0.486111 0.015625 0.050000
1 0.500781 0.538426 0.018229 0.060185
1 0.956112 0.675681 0.019099 0.065806
1 0.597917 0.378241 0.016667 0.041667
1 0.098437 0.728704 0.035417 0.090741
1 0.707292 0.244907 0.007292 0.034259
1 0.168750 0.654630 0.027083 0.061111
1 0.772656 0.307870 0.011979 0.037963
1 0.437240 0.247222 0.008854 0.031481
1 0.539844 0.387037 0.013021 0.044444
1 0.512760 0.372685 0.016146 0.043519
1 0.449219 0.256944 0.007812 0.028704
1 0.654167 0.284259 0.009375 0.035185
1 0.414844 0.537963 0.019271 0.059259
1 0.498958 0.591667 0.021875 0.064815
1 0.966891 0.624759 0.024448 0.059148
1 0.275781 0.350000 0.010937 0.048148
1 0.985417 0.523148 0.020833 0.057407
1 0.422417 0.159940 0.007010 0.021954
