1 0.611979 0.504167 0.025000 0.065741
1 0.141406 0.579167 0.021354 0.075000
1 0.226302 0.244444 0.008854 0.046296
1 0.922135 0.711111 0.034896 0.094444
1 0.328125 0.337963 0.017708 0.050000
1 0.493750 0.495833 0.025000 0.060185
1 0.342708 0.715741 0.032292 0.088889
1 0.548698 0.299537 0.016146 0.045370
1 0.269271 0.506944 0.022917 0.065741
1 0.773698 0.225000 0.014063 0.037037
1 0.150260 0.682870 0.017188 0.082407
1 0.936979 0.412500 0.021875 0.056481
1 0.508333 0.217130 0.008333 0.039815
1 0.525260 0.389352 0.019271 0.054630
1 0.460677 0.374537 0.018229 0.056481
1 0.567708 0.198611 0.009375 0.032407
1 0.654687 0.315741 0.018750 0.048148
1 0.396615 0.303704 0.009896 0.046296
1 0.358333 0.557407 0.021875 0.068519
1 0.436198 0.674537 0.028646 0.082407
1 0.405990 0.287037 0.013021 0.050000
1 0.754948 0.527778 0.025521 0.066667
0 0.851823 0.725926 0.008854 0.012963
1 0.560417 0.157407 0.007292 0.020370
