1 0.677865 0.383796 0.015104 0.062037
1 0.161979 0.539815 0.030208 0.077778
1 0.198958 0.206944 0.012500 0.049074
1 0.787500 0.535648 0.023958 0.076852
1 0.357031 0.285185 0.011979 0.059259
1 0.496354 0.434722 0.017708 0.071296
1 0.365625 0.775463 0.029167 0.100926
1 0.580469 0.235648 0.010937 0.049074
1 0.302604 0.394907 0.023958 0.058333
1 0.846875 0.165741 0.009375 0.040741
1 0.073438 0.712037 0.029167 0.094444
1 0.938021 0.365741 0.017708 0.068519
1 0.539583 0.154167 0.009375 0.043519
1 0.586198 0.306944 0.016146 0.062037
1 0.536979 0.284722 0.013542 0.058333
1 0.592708 0.136111 0.008333 0.033333
1 0.663281 0.249537 0.010937 0.054630
1 0.413021 0.269444 0.010417 0.057407
1 0.371354 0.422685 0.023958 0.065741
1 0.350781 0.519907 0.018229 0.058333
1 0.429688 0.237037 0.017708 0.053704
1 0.735938 0.404167 0.018750 0.069444
0 0.426042 0.747685 0.010417 0.013889
1 0.596875 0.106481 0.009375 0.033333
