1 0.655990 0.415278 0.013021 0.045370
1 0.675260 0.606481 0.015104 0.072222
1 0.635417 0.275463 0.010417 0.032407
1 0.792188 0.396296 0.014583 0.042593
1 0.083333 0.612037 0.022917 0.068519
1 0.580729 0.526852 0.014583 0.061111
1 0.920573 0.513889 0.018229 0.055556
1 0.572656 0.389815 0.013021 0.044444
1 0.486719 0.640741 0.026562 0.085185
1 0.576562 0.322222 0.009375 0.038889
1 0.694792 0.579630 0.014583 0.064815
1 0.670573 0.343519 0.007812 0.042593
1 0.354427 0.358333 0.008854 0.046296
1 0.526823 0.483796 0.020313 0.062037
1 0.484896 0.417130 0.012500 0.050926
1 0.404427 0.350000 0.008854 0.040741
1 0.576562 0.362500 0.007292 0.043519
1 0.074740 0.629167 0.019271 0.071296
1 0.616406 0.491667 0.008854 0.057407
1 0.977083 0.486574 0.011458 0.056481
1 0.764062 0.462037 0.013542 0.051852
1 0.117188 0.511111 0.015625 0.062963
1 0.003646 0.280093 0.007292 0.030556
