1 0.628906 0.312037 0.010937 0.074074
1 0.345052 0.851389 0.032813 0.112037
1 0.780208 0.353241 0.014583 0.078704
1 0.344271 0.518981 0.019792 0.102778
1 0.840104 0.498611 0.019792 0.097222
1 0.551042 0.246759 0.009375 0.065741
1 0.156510 0.357870 0.016146 0.080556
1 0.603906 0.184259 0.013021 0.059259
1 0.507031 0.628241 0.023438 0.102778
1 0.714323 0.231481 0.011979 0.070370
1 0.305469 0.169907 0.008854 0.062037
1 0.323698 0.368981 0.013021 0.078704
1 0.427344 0.190741 0.020313 0.061111
1 0.477604 0.161111 0.008333 0.055556
1 0.336979 0.244444 0.017708 0.062963
1 0.336198 0.165741 0.016146 0.051852
1 0.471875 0.374537 0.012500 0.080556
1 0.341667 0.704630 0.032292 0.096296
1 0.175000 0.199537 0.008333 0.067593
1 0.323984 0.335556 0.015677 0.080370
1 0.058594 0.047222 0.008854 0.040741
