1 0.456250 0.514352 0.013542 0.049074
1 0.165885 0.614815 0.015104 0.072222
1 0.087240 0.307407 0.011979 0.040741
1 0.891927 0.673611 0.016146 0.075000
1 0.162240 0.449074 0.016146 0.050000
1 0.282813 0.498611 0.015625 0.058333
1 0.350284 0.827745 0.019745 0.082454
1 0.400781 0.361111 0.008854 0.040741
1 0.105990 0.536111 0.020313 0.064815
1 0.586719 0.281481 0.006771 0.033333
1 0.186979 0.588426 0.014583 0.062037
1 0.738281 0.369907 0.013021 0.043519
1 0.319010 0.290741 0.007812 0.035185
1 0.352604 0.374537 0.008333 0.043519
1 0.337240 0.417593 0.009896 0.051852
1 0.376823 0.262963 0.005729 0.027778
1 0.434115 0.347685 0.007812 0.043519
1 0.197656 0.429630 0.017188 0.050000
1 0.259375 0.500000 0.011458 0.055556
1 0.314323 0.636111 0.018229 0.068519
1 0.247656 0.363889 0.009896 0.048148
1 0.488021 0.492130 0.012500 0.058333
0 0.852083 0.700463 0.007292 0.010185
1 0.396094 0.202778 0.006771 0.022222
