1 0.638281 0.476389 0.019271 0.063889
1 0.141927 0.617130 0.032813 0.080556
1 0.101562 0.236111 0.012500 0.046296
1 0.800000 0.597685 0.023958 0.073148
1 0.279687 0.311111 0.018750 0.050000
1 0.592187 0.479167 0.023958 0.054630
1 0.338281 0.820370 0.030729 0.090741
1 0.494010 0.254167 0.009896 0.045370
1 0.360417 0.510185 0.022917 0.068519
1 0.670833 0.174074 0.007292 0.031481
1 0.100781 0.654167 0.029687 0.073148
1 0.890885 0.336111 0.011979 0.053704
1 0.409115 0.185185 0.008854 0.038889
1 0.487760 0.318981 0.014063 0.047222
1 0.421354 0.331019 0.017708 0.054630
1 0.468229 0.160185 0.008333 0.031481
1 0.607031 0.256944 0.015104 0.041667
1 0.321615 0.282407 0.013021 0.042593
1 0.442708 0.532870 0.017708 0.071296
1 0.460938 0.618981 0.020833 0.086111
1 0.333333 0.270370 0.016667 0.050000
1 0.779948 0.504630 0.022396 0.053704
0 0.758594 0.623611 0.006771 0.012037
1 0.465885 0.125000 0.006771 0.027778
