1 0.709896 0.343519 0.013542 0.059259
1 0.230990 0.457870 0.025521 0.054630
1 0.207031 0.194444 0.013021 0.051852
1 0.799219 0.505556 0.022396 0.075926
1 0.391406 0.271759 0.017188 0.056481
1 0.536979 0.384722 0.017708 0.071296
1 0.407813 0.804630 0.026042 0.111111
1 0.603385 0.216204 0.009896 0.047222
1 0.349479 0.360648 0.019792 0.065741
1 0.865885 0.153704 0.007812 0.040741
1 0.091927 0.675926 0.016146 0.103704
1 0.943490 0.339815 0.017188 0.062963
1 0.561198 0.134722 0.008854 0.041667
1 0.614844 0.272222 0.011979 0.055556
1 0.567708 0.252315 0.014583 0.047222
1 0.609635 0.119907 0.008854 0.034259
1 0.675260 0.225000 0.009896 0.050000
1 0.428125 0.255556 0.015625 0.055556
1 0.415365 0.392130 0.020313 0.065741
1 0.412240 0.449074 0.030729 0.048148
1 0.455208 0.216204 0.009375 0.056481
1 0.775260 0.358333 0.017188 0.061111
0 0.760677 0.565741 0.009896 0.012963
1 0.605729 0.093981 0.006250 0.028704
