1 0.649479 0.415278 0.008333 0.045370
1 0.670312 0.598148 0.015625 0.068519
1 0.637240 0.273611 0.007812 0.034259
1 0.776042 0.393981 0.014583 0.041667
1 0.078385 0.607407 0.020313 0.070370
1 0.575521 0.527315 0.013542 0.063889
1 0.886719 0.503704 0.021354 0.055556
1 0.571354 0.387963 0.009375 0.050000
1 0.495312 0.641204 0.022917 0.080556
1 0.575781 0.322685 0.007812 0.039815
1 0.694792 0.568519 0.015625 0.062963
1 0.671875 0.346296 0.008333 0.042593
1 0.353125 0.358333 0.010417 0.046296
1 0.521094 0.481944 0.017188 0.060185
1 0.479167 0.414352 0.009375 0.052778
1 0.400260 0.350000 0.011979 0.040741
1 0.570156 0.359722 0.006979 0.041667
1 0.067187 0.618981 0.017708 0.069444
1 0.610677 0.494444 0.010937 0.059259
1 0.971294 0.486921 0.014818 0.057176
1 0.750000 0.459259 0.016667 0.051852
1 0.118750 0.503704 0.017708 0.059259
1 0.993750 0.511111 0.013542 0.051852
1 0.005729 0.277315 0.011458 0.032407
