1 0.789062 0.493981 0.018750 0.054630
1 0.740885 0.652778 0.026562 0.070370
1 0.934115 0.329630 0.009896 0.040741
1 0.887240 0.473148 0.020313 0.046296
1 0.139583 0.435648 0.015625 0.047222
1 0.659115 0.562037 0.021354 0.064815
1 0.929688 0.592130 0.018750 0.065741
1 0.672396 0.436111 0.016667 0.050000
1 0.471875 0.554630 0.014583 0.057407
1 0.665365 0.353704 0.016146 0.037037
1 0.785156 0.616667 0.019271 0.072222
1 0.797917 0.400926 0.018750 0.044444
1 0.486979 0.372685 0.016667 0.043519
1 0.562760 0.514352 0.024479 0.058333
1 0.583073 0.393981 0.014063 0.049074
1 0.540625 0.353704 0.008333 0.037037
1 0.629687 0.394444 0.018750 0.044444
1 0.077344 0.498611 0.015104 0.056481
1 0.686979 0.516204 0.018750 0.054630
1 0.904167 0.599074 0.023958 0.059259
1 0.244271 0.410648 0.016667 0.049074
1 0.720052 0.423611 0.021354 0.041667
0 0.633594 0.256481 0.007812 0.011111
1 0.206911 0.256796 0.010500 0.029389
