1 0.632552 0.312037 0.009896 0.075926
1 0.342708 0.853241 0.034375 0.104630
1 0.784115 0.353704 0.014063 0.079630
1 0.338021 0.517593 0.020833 0.100000
1 0.838802 0.495370 0.026562 0.094444
1 0.555729 0.246296 0.010417 0.066667
1 0.162240 0.353704 0.016146 0.085185
1 0.616667 0.181481 0.009375 0.057407
1 0.517188 0.637500 0.018750 0.104630
1 0.719271 0.231481 0.010417 0.070370
1 0.310156 0.169444 0.007812 0.061111
1 0.327083 0.367593 0.013542 0.079630
1 0.422656 0.185648 0.014063 0.062037
1 0.481250 0.161574 0.009375 0.056481
1 0.348177 0.244444 0.014063 0.066667
1 0.340365 0.164352 0.009896 0.054630
1 0.475000 0.375000 0.012500 0.079630
1 0.342969 0.702315 0.030729 0.095370
1 0.179167 0.199074 0.009375 0.066667
1 0.332292 0.332870 0.014583 0.075000
0 0.334375 0.267593 0.005208 0.011111
1 0.063021 0.047222 0.009375 0.040741
