1 0.716667 0.416204 0.021875 0.045370
1 0.673438 0.637500 0.016667 0.078704
1 0.648438 0.266667 0.010417 0.040741
1 0.887760 0.408333 0.013021 0.050000
1 0.080469 0.660185 0.025521 0.081481
1 0.617188 0.518519 0.015625 0.066667
1 0.989062 0.538889 0.015625 0.062963
1 0.560417 0.394907 0.011458 0.049074
1 0.460156 0.673611 0.019271 0.086111
1 0.557813 0.300000 0.011458 0.037037
1 0.690365 0.620833 0.011979 0.073148
1 0.680208 0.327315 0.010417 0.045370
1 0.358594 0.356481 0.011979 0.050000
1 0.554948 0.495370 0.009896 0.064815
1 0.513542 0.432870 0.009375 0.058333
1 0.401042 0.345833 0.008333 0.043519
1 0.614844 0.362500 0.017188 0.047222
1 0.106510 0.667130 0.024479 0.078704
1 0.618229 0.482870 0.013542 0.036111
1 0.821354 0.497685 0.015625 0.062037
1 0.080729 0.555556 0.021875 0.072222
0 0.983305 0.526861 0.006297 0.011111
