1 0.646875 0.331944 0.017708 0.073148
1 0.471875 0.810185 0.048958 0.118519
1 0.813021 0.362500 0.028125 0.076852
1 0.422656 0.525926 0.031771 0.096296
1 0.861979 0.513889 0.031250 0.090741
1 0.539844 0.258796 0.014063 0.062037
1 0.181510 0.375000 0.027604 0.068519
1 0.602604 0.190741 0.012500 0.057407
1 0.529427 0.584259 0.026562 0.090741
1 0.725521 0.231944 0.015625 0.067593
1 0.287240 0.193981 0.018229 0.060185
1 0.321615 0.372222 0.011979 0.079630
1 0.466406 0.206944 0.014063 0.065741
1 0.475521 0.168519 0.009375 0.051852
1 0.380208 0.246759 0.014583 0.060185
1 0.272917 0.207870 0.020833 0.056481
1 0.500781 0.387500 0.025521 0.078704
1 0.551823 0.649537 0.036979 0.100926
1 0.171615 0.216204 0.015104 0.062037
1 0.419271 0.327778 0.028125 0.068519
1 0.052344 0.051389 0.008854 0.039815
