1 0.630208 0.312037 0.010417 0.075926
1 0.341406 0.854630 0.033854 0.103704
1 0.781771 0.353704 0.013542 0.079630
1 0.335417 0.519444 0.018750 0.101852
1 0.843229 0.497222 0.021875 0.098148
1 0.553125 0.246759 0.010417 0.065741
1 0.158854 0.357407 0.016667 0.081481
1 0.609635 0.182407 0.013021 0.057407
1 0.515104 0.634722 0.018750 0.106481
1 0.716406 0.231481 0.010937 0.070370
1 0.307552 0.169444 0.007812 0.061111
1 0.325521 0.368056 0.012500 0.078704
1 0.424479 0.189815 0.020833 0.062963
1 0.479167 0.161574 0.008333 0.056481
1 0.345833 0.244444 0.014583 0.066667
1 0.338021 0.163889 0.010417 0.055556
1 0.473177 0.375000 0.011979 0.079630
1 0.340625 0.702315 0.026042 0.100926
1 0.176823 0.199074 0.008854 0.066667
1 0.327604 0.319907 0.014583 0.049074
0 0.331510 0.268519 0.005729 0.011111
1 0.060417 0.046296 0.009375 0.040741
