1 0.822656 0.448148 0.016146 0.046296
1 0.613542 0.631481 0.025000 0.079630
1 0.665885 0.278241 0.008854 0.037963
1 0.882031 0.399074 0.014063 0.042593
1 0.148438 0.691204 0.023958 0.084259
1 0.580208 0.529167 0.014583 0.067593
1 0.959896 0.550926 0.017708 0.064815
1 0.530469 0.393981 0.007812 0.049074
1 0.386979 0.675463 0.026042 0.078704
1 0.502865 0.278704 0.011979 0.040741
1 0.631250 0.624074 0.013542 0.068519
1 0.642188 0.316204 0.011458 0.041667
1 0.280729 0.367130 0.010417 0.049074
1 0.499479 0.452778 0.017708 0.055556
1 0.491927 0.431944 0.008854 0.049074
1 0.330990 0.336111 0.013021 0.044444
1 0.592969 0.361574 0.009896 0.045370
1 0.184896 0.694444 0.027083 0.077778
1 0.566927 0.531481 0.011979 0.062963
1 0.772135 0.501852 0.025521 0.055556
1 0.061458 0.567130 0.015625 0.075000
1 0.894531 0.426852 0.014063 0.048148
0 0.819792 0.468981 0.004167 0.008333
