1 0.452604 0.517593 0.015625 0.055556
1 0.166927 0.617130 0.020313 0.076852
1 0.090104 0.305556 0.012500 0.038889
1 0.892448 0.675926 0.019271 0.079630
1 0.161979 0.449074 0.017708 0.053704
1 0.280208 0.498611 0.018750 0.062037
1 0.347242 0.823921 0.027891 0.086324
1 0.400260 0.363426 0.007812 0.043519
1 0.104427 0.534259 0.015104 0.062963
1 0.585417 0.282870 0.006250 0.034259
1 0.187760 0.590278 0.013021 0.062037
1 0.736198 0.368981 0.011979 0.041667
1 0.318490 0.290278 0.009896 0.036111
1 0.352344 0.374074 0.010937 0.044444
1 0.335417 0.419907 0.009375 0.049074
1 0.376042 0.262963 0.006250 0.031481
1 0.433594 0.347685 0.007812 0.039815
1 0.196615 0.429630 0.014063 0.051852
1 0.258854 0.497222 0.011458 0.053704
1 0.312240 0.634722 0.014063 0.067593
1 0.248698 0.365741 0.009896 0.048148
1 0.489844 0.494907 0.011979 0.056481
0 0.835156 0.696296 0.007812 0.009259
1 0.396875 0.202315 0.006250 0.023148
