1 0.769271 0.429167 0.016667 0.045370
1 0.660156 0.638889 0.019271 0.079630
1 0.654167 0.272685 0.008333 0.037963
1 0.898958 0.412500 0.014583 0.050926
1 0.098177 0.668519 0.019271 0.079630
1 0.610156 0.525000 0.021354 0.064815
1 0.971094 0.543056 0.019271 0.067593
1 0.551562 0.400926 0.013542 0.051852
1 0.445833 0.679630 0.027083 0.083333
1 0.539583 0.297685 0.010417 0.039815
1 0.674479 0.619907 0.015625 0.071296
1 0.675521 0.325463 0.009375 0.043519
1 0.351562 0.359259 0.012500 0.050000
1 0.546354 0.491204 0.015625 0.062037
1 0.519271 0.435648 0.010417 0.056481
1 0.394271 0.347222 0.013542 0.042593
1 0.629167 0.369444 0.014583 0.048148
1 0.135417 0.675926 0.018750 0.077778
1 0.604167 0.502778 0.014583 0.059259
1 0.823698 0.510185 0.014063 0.064815
1 0.071875 0.578241 0.018750 0.078704
0 0.948958 0.494907 0.006250 0.008333
