1 0.676042 0.414815 0.010417 0.046296
1 0.681510 0.621759 0.016146 0.076852
1 0.640885 0.271759 0.009896 0.036111
1 0.830469 0.400926 0.011979 0.042593
1 0.081771 0.624537 0.021875 0.063889
1 0.600521 0.527315 0.012500 0.065741
1 0.976203 0.540449 0.018740 0.049046
1 0.573958 0.391204 0.010417 0.047222
1 0.485156 0.650463 0.027604 0.078704
1 0.579688 0.316667 0.011458 0.038889
1 0.702604 0.598148 0.014583 0.064815
1 0.679167 0.338889 0.008333 0.044444
1 0.359896 0.359722 0.010417 0.047222
1 0.544010 0.487963 0.018229 0.061111
1 0.498437 0.424074 0.010417 0.053704
1 0.409375 0.349074 0.009375 0.044444
1 0.592187 0.362963 0.013542 0.046296
1 0.081510 0.645370 0.019271 0.074074
1 0.630208 0.492593 0.012500 0.059259
1 0.994010 0.496759 0.011979 0.060185
1 0.789323 0.475463 0.013021 0.056481
1 0.109115 0.525926 0.018229 0.068519
