1 0.820052 0.442593 0.017188 0.051852
1 0.648177 0.633796 0.016146 0.080556
1 0.660417 0.276389 0.009375 0.036111
1 0.905990 0.414352 0.013021 0.050926
1 0.126562 0.675463 0.025000 0.076852
1 0.605469 0.531481 0.014063 0.064815
1 0.969792 0.543519 0.012500 0.070370
1 0.549479 0.399537 0.011458 0.050926
1 0.432812 0.687037 0.019792 0.085185
1 0.528385 0.293056 0.007812 0.039815
1 0.657813 0.616667 0.011458 0.066667
1 0.669271 0.324537 0.009375 0.043519
1 0.341406 0.362037 0.013021 0.048148
1 0.533333 0.481481 0.014583 0.059259
1 0.520573 0.436111 0.013021 0.057407
1 0.377865 0.344444 0.009896 0.044444
1 0.631510 0.371759 0.007812 0.047222
1 0.172656 0.681481 0.026562 0.077778
1 0.595833 0.516667 0.012500 0.064815
1 0.813542 0.509259 0.019792 0.062963
1 0.082031 0.587037 0.023438 0.075926
1 0.994531 0.468056 0.009896 0.052778
0 0.849219 0.462037 0.004687 0.007407
