1 0.700000 0.249537 0.015625 0.049074
1 0.262240 0.363889 0.016146 0.070370
1 0.151823 0.152315 0.013021 0.050926
1 0.887500 0.430556 0.016667 0.081481
1 0.383854 0.214352 0.016667 0.054630
1 0.510677 0.252315 0.011979 0.058333
1 0.483594 0.809259 0.023438 0.109259
1 0.583854 0.155556 0.009375 0.046296
1 0.326823 0.285185 0.016146 0.059259
1 0.845417 0.111347 0.010156 0.037750
1 0.113542 0.514352 0.022917 0.075000
1 0.903385 0.247222 0.014063 0.059259
1 0.554167 0.079630 0.010417 0.037037
1 0.609375 0.181481 0.010417 0.046296
1 0.546875 0.189352 0.012500 0.052778
1 0.597656 0.071759 0.008854 0.028704
1 0.657813 0.154167 0.010417 0.049074
1 0.399479 0.202315 0.013542 0.054630
1 0.410938 0.329167 0.015625 0.065741
1 0.426302 0.383333 0.020313 0.064815
1 0.450000 0.157407 0.009375 0.050000
1 0.787760 0.257870 0.013021 0.047222
0 0.866667 0.319444 0.005208 0.009259
1 0.563281 0.055556 0.007812 0.031481
