1 0.614062 0.506481 0.020833 0.062963
1 0.143490 0.580093 0.017188 0.073148
1 0.234635 0.247222 0.008854 0.046296
1 0.929948 0.708796 0.023438 0.095370
1 0.331771 0.340741 0.015625 0.050000
1 0.489323 0.502315 0.024479 0.058333
1 0.350260 0.713426 0.031771 0.073148
1 0.554948 0.303704 0.014063 0.042593
1 0.272135 0.506944 0.018229 0.071296
1 0.785937 0.228241 0.011458 0.036111
1 0.150521 0.689815 0.028125 0.081481
1 0.942708 0.417593 0.018750 0.055556
1 0.515625 0.221759 0.011458 0.039815
1 0.525000 0.394907 0.021875 0.052778
1 0.468490 0.376852 0.014063 0.059259
1 0.575781 0.202315 0.009896 0.030556
1 0.659635 0.322685 0.015104 0.047222
1 0.402344 0.307407 0.013021 0.046296
1 0.350000 0.557407 0.028125 0.068519
1 0.432031 0.681481 0.019271 0.081481
1 0.411458 0.291204 0.011458 0.045370
1 0.746875 0.533333 0.032292 0.068519
0 0.831771 0.734722 0.009375 0.013889
1 0.568229 0.158333 0.007292 0.025926
