1 0.618229 0.508796 0.023958 0.062037
1 0.142708 0.582870 0.022917 0.073148
1 0.246094 0.253241 0.008854 0.045370
1 0.925521 0.708796 0.031250 0.089815
1 0.340625 0.345370 0.013542 0.051852
1 0.479948 0.508796 0.028646 0.058333
1 0.365885 0.717130 0.023438 0.086111
1 0.564063 0.311111 0.014583 0.046296
1 0.270052 0.510648 0.024479 0.071296
1 0.806771 0.237037 0.011458 0.038889
1 0.143490 0.702778 0.023438 0.083333
1 0.944792 0.431481 0.027083 0.061111
1 0.529687 0.228241 0.011458 0.041667
1 0.526823 0.402315 0.022396 0.052778
1 0.480208 0.383796 0.014583 0.058333
1 0.589323 0.209259 0.008854 0.033333
1 0.665625 0.331019 0.020833 0.045370
1 0.414844 0.313426 0.011979 0.049074
1 0.335156 0.558796 0.027604 0.065741
1 0.421094 0.695370 0.021354 0.085185
1 0.419792 0.286574 0.009375 0.021296
1 0.735417 0.536111 0.034375 0.066667
0 0.766667 0.747685 0.009375 0.012037
1 0.583073 0.163889 0.007812 0.027778
