1 0.620052 0.530093 0.013021 0.058333
1 0.133333 0.623148 0.018750 0.077778
1 0.009115 0.347685 0.014063 0.045370
1 0.872656 0.621296 0.017188 0.081481
1 0.189062 0.445370 0.012500 0.059259
1 0.303646 0.486574 0.012500 0.062037
1 0.393750 0.947685 0.021875 0.100926
1 0.398177 0.354630 0.008854 0.044444
1 0.123958 0.522222 0.013542 0.068519
1 0.629427 0.280556 0.008854 0.035185
1 0.092448 0.626852 0.021354 0.068519
1 0.793229 0.381944 0.012500 0.050926
1 0.332552 0.285648 0.006771 0.039815
1 0.361719 0.362037 0.008854 0.046296
1 0.358073 0.400926 0.011979 0.051852
1 0.393750 0.258796 0.006250 0.028704
1 0.455729 0.332870 0.008333 0.043519
1 0.226042 0.428241 0.014583 0.056481
1 0.249479 0.543519 0.014583 0.066667
1 0.303646 0.669444 0.015625 0.087037
1 0.244531 0.361574 0.010937 0.052778
1 0.531250 0.474074 0.013542 0.061111
0 0.792969 0.419907 0.004687 0.008333
1 0.383073 0.227778 0.007812 0.027778
