1 0.511458 0.515741 0.015625 0.053704
1 0.166927 0.617593 0.017188 0.074074
1 0.066406 0.312037 0.015104 0.042593
1 0.868750 0.657407 0.025000 0.081481
1 0.178125 0.444444 0.015625 0.055556
1 0.301563 0.489815 0.015625 0.062963
1 0.376823 0.866204 0.023438 0.089815
1 0.399740 0.347685 0.007812 0.043519
1 0.108333 0.527315 0.015625 0.067593
1 0.597135 0.269907 0.006771 0.034259
1 0.169531 0.578241 0.016146 0.065741
1 0.769010 0.363889 0.009896 0.044444
1 0.324479 0.281944 0.008333 0.036111
1 0.357292 0.361111 0.009375 0.044444
1 0.346615 0.403704 0.010937 0.050000
1 0.382292 0.254167 0.006250 0.030556
1 0.436719 0.333333 0.008854 0.042593
1 0.210417 0.421296 0.012500 0.055556
1 0.259115 0.509259 0.013021 0.059259
1 0.312240 0.643056 0.018229 0.075000
1 0.247396 0.358333 0.012500 0.048148
1 0.481250 0.476389 0.012500 0.060185
0 0.853906 0.662500 0.006771 0.010185
1 0.393750 0.201389 0.007292 0.026852
