1 0.648177 0.464815 0.013021 0.064815
1 0.150000 0.621759 0.031250 0.076852
1 0.096094 0.234722 0.010937 0.047222
1 0.783333 0.598148 0.031250 0.070370
1 0.275781 0.312037 0.019271 0.042593
1 0.597656 0.485648 0.022396 0.062037
1 0.353125 0.834259 0.032292 0.090741
1 0.495833 0.253241 0.013542 0.043519
1 0.380208 0.516667 0.023958 0.070370
1 0.671354 0.168981 0.007292 0.034259
1 0.107813 0.650463 0.030208 0.075000
1 0.895312 0.337500 0.021875 0.050926
1 0.407292 0.184259 0.011458 0.038889
1 0.480469 0.313426 0.015104 0.052778
1 0.427604 0.329167 0.010417 0.052778
1 0.467187 0.158333 0.007292 0.031481
1 0.614844 0.255556 0.010937 0.042593
1 0.322656 0.285648 0.013021 0.037963
1 0.456250 0.536574 0.022917 0.076852
1 0.461198 0.600000 0.018229 0.074074
1 0.327865 0.272685 0.016146 0.049074
1 0.769531 0.516667 0.018229 0.064815
0 0.736719 0.626852 0.006771 0.011111
1 0.464323 0.123611 0.007812 0.028704
