1 0.727604 0.308333 0.013542 0.055556
1 0.276562 0.418981 0.020833 0.071296
1 0.215625 0.184259 0.011458 0.051852
1 0.853646 0.472685 0.014583 0.073148
1 0.412500 0.255556 0.016667 0.055556
1 0.544271 0.331019 0.013542 0.058333
1 0.470052 0.815278 0.036979 0.106481
1 0.623958 0.202778 0.011458 0.048148
1 0.358594 0.334722 0.017188 0.065741
1 0.885677 0.148148 0.009896 0.040741
1 0.123438 0.596759 0.016667 0.084259
1 0.946094 0.317130 0.016146 0.063889
1 0.583854 0.120370 0.008333 0.038889
1 0.636719 0.241204 0.013021 0.050926
1 0.585156 0.232870 0.011979 0.054630
1 0.626823 0.109722 0.008854 0.036111
1 0.689323 0.204167 0.010937 0.050926
1 0.442969 0.242130 0.015104 0.054630
1 0.435937 0.365278 0.011458 0.067593
1 0.455208 0.427778 0.022917 0.070370
1 0.480469 0.202315 0.013021 0.050926
1 0.826042 0.331019 0.019792 0.062037
0 0.838281 0.505556 0.005729 0.011111
1 0.611458 0.089352 0.007292 0.032407
