1 0.663802 0.443056 0.011979 0.052778
1 0.212240 0.525926 0.014063 0.064815
1 0.097917 0.331944 0.010417 0.045370
1 0.869531 0.576389 0.025521 0.067593
1 0.328646 0.382870 0.012500 0.060185
1 0.432552 0.409259 0.014063 0.051852
1 0.451562 0.946759 0.025000 0.104630
1 0.515625 0.326389 0.008333 0.043519
1 0.270313 0.445833 0.010417 0.058333
1 0.758854 0.277315 0.008333 0.037963
1 0.090885 0.650463 0.022396 0.075000
1 0.828906 0.379167 0.017188 0.047222
1 0.486458 0.259259 0.009375 0.033333
1 0.498437 0.331944 0.009375 0.039815
1 0.483333 0.357407 0.012500 0.048148
1 0.541927 0.250000 0.009896 0.027778
1 0.592187 0.316667 0.011458 0.040741
1 0.331396 0.373292 0.009969 0.044917
1 0.354427 0.504167 0.013021 0.065741
1 0.377083 0.567130 0.014583 0.073148
1 0.378646 0.324537 0.009375 0.047222
1 0.713021 0.420370 0.012500 0.057407
0 0.818229 0.401852 0.004167 0.007407
1 0.477865 0.232407 0.007812 0.029630
