1 0.691927 0.272222 0.010937 0.048148
1 0.258594 0.385185 0.020313 0.070370
1 0.140104 0.179167 0.011458 0.050926
1 0.880729 0.448148 0.023958 0.074074
1 0.372135 0.236111 0.011979 0.055556
1 0.498958 0.270833 0.011458 0.054630
1 0.483073 0.834722 0.026562 0.113889
1 0.570312 0.178704 0.013542 0.040741
1 0.317708 0.307407 0.011458 0.059259
1 0.825781 0.134259 0.007812 0.037037
1 0.112760 0.528241 0.023438 0.076852
1 0.881771 0.260648 0.016667 0.049074
1 0.540365 0.103704 0.008854 0.037037
1 0.587760 0.197222 0.008854 0.046296
1 0.532813 0.211111 0.009375 0.051852
1 0.583229 0.105778 0.009635 0.034574
1 0.643490 0.177778 0.013021 0.042593
1 0.386458 0.225926 0.011458 0.055556
1 0.403906 0.350926 0.013021 0.061111
1 0.414844 0.404630 0.014063 0.066667
1 0.435937 0.179630 0.011458 0.050000
1 0.766927 0.274074 0.015104 0.055556
0 0.867969 0.291204 0.005729 0.010185
1 0.544531 0.080556 0.007812 0.033333
