1 0.674219 0.465741 0.011979 0.050000
1 0.291927 0.606019 0.031771 0.058333
1 0.049479 0.293519 0.013542 0.037037
1 0.869531 0.531019 0.025521 0.056481
1 0.313281 0.482870 0.018229 0.050926
1 0.404687 0.530093 0.016667 0.056481
1 0.861979 0.693981 0.021875 0.065741
1 0.532292 0.369444 0.015625 0.042593
1 0.008854 0.668056 0.018750 0.071296
1 0.659635 0.247685 0.005729 0.028704
1 0.107906 0.709787 0.025000 0.074074
1 0.736458 0.328241 0.012500 0.043519
1 0.399479 0.257870 0.009375 0.036111
1 0.470833 0.381019 0.012500 0.043519
1 0.442708 0.378704 0.020833 0.046296
1 0.411458 0.265741 0.009375 0.031481
1 0.591406 0.287963 0.016146 0.033333
1 0.335938 0.510648 0.017708 0.058333
1 0.401562 0.600926 0.023958 0.064815
1 0.876302 0.624074 0.029687 0.062963
1 0.253125 0.343519 0.011458 0.046296
1 0.899219 0.516667 0.016146 0.055556
1 0.409000 0.162713 0.006479 0.021944
