1 0.829688 0.442593 0.020833 0.048148
1 0.632776 0.629213 0.023885 0.078611
1 0.659635 0.277778 0.009896 0.035185
1 0.898438 0.406019 0.014583 0.047222
1 0.136198 0.683796 0.022396 0.080556
1 0.597917 0.531481 0.016667 0.066667
1 0.959375 0.540741 0.023958 0.066667
1 0.537240 0.397222 0.008854 0.050000
1 0.420312 0.689352 0.026042 0.082407
1 0.514583 0.285648 0.012500 0.041667
1 0.640544 0.616190 0.017245 0.077935
1 0.657813 0.321296 0.009375 0.044444
1 0.316146 0.363889 0.011458 0.048148
1 0.515885 0.468981 0.017188 0.060185
1 0.505990 0.433333 0.013021 0.053704
1 0.355990 0.341667 0.009896 0.042593
1 0.616406 0.363889 0.010937 0.048148
1 0.183594 0.684259 0.022396 0.079630
1 0.580990 0.518981 0.011979 0.062037
1 0.790104 0.500463 0.021875 0.056481
1 0.068750 0.588426 0.014583 0.076852
1 0.947396 0.443056 0.023958 0.052778
0 0.820833 0.460519 0.005208 0.008333
