1 0.612760 0.488889 0.015104 0.057407
1 0.135677 0.545370 0.024479 0.064815
1 0.177344 0.207870 0.011979 0.037963
1 0.886979 0.608796 0.026042 0.067593
1 0.234896 0.379167 0.012500 0.052778
1 0.323698 0.444444 0.017188 0.059259
1 0.631250 0.747685 0.031250 0.069444
1 0.500260 0.309259 0.008854 0.044444
1 0.113542 0.431019 0.018750 0.060185
1 0.644271 0.217130 0.010417 0.036111
1 0.224219 0.609722 0.016146 0.063889
1 0.780469 0.366204 0.014063 0.050926
1 0.391927 0.222222 0.010937 0.038889
1 0.401302 0.311111 0.008854 0.037037
1 0.400781 0.350000 0.010937 0.051852
1 0.425000 0.227315 0.008333 0.036111
1 0.511198 0.272222 0.008854 0.040741
1 0.281771 0.349074 0.009375 0.050000
1 0.343490 0.429630 0.016146 0.055556
1 0.677604 0.629167 0.017708 0.063889
1 0.293229 0.276852 0.010417 0.046296
1 0.776823 0.506481 0.014063 0.064815
1 0.471875 0.113426 0.005208 0.019444
