1 0.689844 0.414815 0.015104 0.048148
1 0.683073 0.627778 0.018229 0.077778
1 0.645833 0.269444 0.009375 0.038889
1 0.856250 0.404167 0.012500 0.043519
1 0.076042 0.632870 0.014583 0.058333
1 0.612500 0.523611 0.015625 0.069444
1 0.993276 0.547125 0.013146 0.044917
1 0.574740 0.395370 0.011979 0.046296
1 0.479687 0.658333 0.019792 0.075926
1 0.575781 0.309259 0.006771 0.038889
1 0.705208 0.610185 0.016667 0.068519
1 0.683854 0.336574 0.009375 0.047222
1 0.363021 0.359259 0.009375 0.048148
1 0.554688 0.489352 0.017708 0.063889
1 0.507552 0.426852 0.010937 0.053704
1 0.410156 0.347222 0.009896 0.044444
1 0.603125 0.362037 0.013542 0.046296
1 0.087240 0.658333 0.020313 0.074074
1 0.633854 0.494444 0.011458 0.061111
1 0.806510 0.480556 0.009896 0.057407
1 0.100260 0.532870 0.019271 0.067593
