1 0.714583 0.364815 0.014583 0.044444
1 0.526042 0.601389 0.028125 0.069444
1 0.711198 0.193056 0.008854 0.039815
1 0.871151 0.342486 0.012792 0.041306
1 0.146615 0.608796 0.024479 0.075000
1 0.548698 0.514352 0.025521 0.069444
1 0.926562 0.504167 0.019792 0.065741
1 0.475260 0.289815 0.013021 0.044444
1 0.209375 0.768519 0.043750 0.096296
1 0.431771 0.157870 0.006250 0.030556
1 0.351823 0.767593 0.022396 0.083333
1 0.573177 0.192130 0.009896 0.039815
1 0.086719 0.266667 0.015104 0.044444
1 0.479167 0.356481 0.014583 0.050000
1 0.407813 0.340278 0.018750 0.052778
1 0.143229 0.235185 0.013542 0.033333
1 0.527344 0.243056 0.013021 0.039815
1 0.200521 0.581019 0.020833 0.071296
1 0.609375 0.550463 0.021875 0.067593
1 0.880208 0.447222 0.016667 0.061111
1 0.007812 0.465741 0.016667 0.062963
1 0.871875 0.360648 0.013542 0.060185
0 0.452083 0.340741 0.008333 0.011111
1 0.002083 0.174537 0.004167 0.032407
