1 0.692708 0.437037 0.020833 0.050000
1 0.444531 0.665741 0.029687 0.068519
1 0.878125 0.260185 0.014583 0.035185
1 0.879687 0.443981 0.020833 0.054630
1 0.335677 0.538426 0.026562 0.058333
1 0.480990 0.550926 0.018229 0.062963
1 0.889062 0.569444 0.020833 0.053704
1 0.544271 0.373611 0.014583 0.045370
1 0.093750 0.744444 0.037500 0.066667
1 0.598177 0.221296 0.006771 0.029630
1 0.120833 0.801852 0.039583 0.074074
1 0.680469 0.276389 0.010937 0.041667
1 0.292969 0.264815 0.009896 0.038889
1 0.483594 0.400926 0.014063 0.048148
1 0.459375 0.372685 0.017708 0.045370
1 0.331250 0.263889 0.012500 0.031481
1 0.579427 0.281019 0.016146 0.039815
1 0.397656 0.594907 0.028646 0.063889
1 0.501042 0.574537 0.025000 0.058333
1 0.894531 0.539352 0.014063 0.045370
1 0.129167 0.424074 0.025000 0.055556
1 0.909115 0.457870 0.022396 0.052778
0 0.075000 0.749074 0.010417 0.012963
1 0.254854 0.173602 0.008698 0.025926
