1 0.432552 0.555556 0.016146 0.051852
1 0.118490 0.620833 0.016146 0.071296
1 0.079427 0.296296 0.009896 0.038889
1 0.913802 0.697685 0.022396 0.075000
1 0.110417 0.448148 0.014583 0.050000
1 0.207813 0.503241 0.020833 0.054630
1 0.274219 0.768056 0.024479 0.065741
1 0.382552 0.391204 0.009896 0.045370
1 0.065625 0.524074 0.021875 0.062963
1 0.543229 0.290278 0.008333 0.034259
1 0.189323 0.640278 0.016146 0.065741
1 0.694271 0.383333 0.012500 0.048148
1 0.285417 0.291667 0.008333 0.037037
1 0.311979 0.398148 0.011458 0.046296
1 0.293229 0.437037 0.010417 0.051852
1 0.350260 0.275463 0.007812 0.032407
1 0.409896 0.361574 0.009375 0.043519
1 0.139583 0.433333 0.012500 0.050000
1 0.233594 0.486111 0.016146 0.053704
1 0.983214 0.930194 0.033052 0.091926
1 0.284896 0.641204 0.010417 0.067593
1 0.192448 0.377315 0.013021 0.043519
1 0.516667 0.527315 0.015625 0.058333
0 0.422656 0.666204 0.008854 0.012037
1 0.381510 0.194444 0.005729 0.020370
