1 0.660937 0.468981 0.011458 0.050926
1 0.253906 0.599074 0.027604 0.061111
1 0.060677 0.288426 0.010937 0.039815
1 0.858854 0.540741 0.020833 0.059259
1 0.294010 0.480556 0.020313 0.053704
1 0.378385 0.526852 0.018229 0.057407
1 0.834115 0.708333 0.017188 0.066667
1 0.517448 0.368519 0.016146 0.037037
1 0.012760 0.631481 0.022396 0.068519
1 0.651563 0.250463 0.009375 0.030556
1 0.090104 0.707870 0.021875 0.075000
1 0.735938 0.337963 0.012500 0.044444
1 0.393490 0.259259 0.008854 0.035185
1 0.450781 0.376852 0.013021 0.046296
1 0.424740 0.381019 0.022396 0.047222
1 0.405729 0.268056 0.012500 0.032407
1 0.576823 0.291204 0.010937 0.032407
1 0.322396 0.490741 0.012500 0.057407
1 0.378125 0.589352 0.025000 0.058333
1 0.851823 0.631481 0.019271 0.059259
1 0.253125 0.340278 0.012500 0.043519
1 0.879167 0.517593 0.018750 0.057407
1 0.409724 0.162713 0.006479 0.021944
