1 0.692708 0.262037 0.015625 0.044444
1 0.261719 0.377315 0.022396 0.069444
1 0.144271 0.168981 0.012500 0.050926
1 0.881250 0.440278 0.028125 0.075000
1 0.376563 0.226389 0.014583 0.054630
1 0.502865 0.261574 0.011979 0.056481
1 0.484115 0.825926 0.029687 0.112963
1 0.575000 0.168056 0.012500 0.043519
1 0.321094 0.298148 0.013021 0.059259
1 0.832292 0.128704 0.009375 0.029630
1 0.111979 0.520370 0.019792 0.079630
1 0.888281 0.255556 0.013021 0.051852
1 0.544531 0.093519 0.007812 0.035185
1 0.595052 0.187037 0.008854 0.048148
1 0.537500 0.201389 0.010417 0.052778
1 0.590885 0.087037 0.010937 0.031481
1 0.648698 0.168981 0.013021 0.043519
1 0.390365 0.217130 0.010937 0.052778
1 0.406771 0.340741 0.011458 0.062963
1 0.418229 0.394907 0.016667 0.063889
1 0.440625 0.169444 0.011458 0.051852
1 0.773698 0.264352 0.014063 0.056481
0 0.869010 0.295370 0.005729 0.009259
1 0.550521 0.070370 0.007292 0.031481
