1 0.752344 0.417593 0.022396 0.057407
1 0.700781 0.688889 0.026562 0.092593
1 0.863281 0.412500 0.023438 0.056481
1 0.005729 0.359880 0.011458 0.051852
1 0.599219 0.533796 0.024479 0.076852
1 0.955729 0.556019 0.016667 0.075000
1 0.620313 0.373611 0.022917 0.054630
1 0.376042 0.488889 0.027083 0.075926
1 0.645573 0.290278 0.011979 0.050926
1 0.720573 0.568519 0.025521 0.074074
1 0.770052 0.318056 0.020313 0.045370
1 0.395573 0.313889 0.020313 0.051852
1 0.448958 0.471759 0.027083 0.065741
1 0.546875 0.312500 0.011458 0.047222
1 0.504687 0.274074 0.012500 0.046296
1 0.550781 0.329630 0.014063 0.050000
1 0.025000 0.382870 0.019792 0.056481
1 0.619792 0.467593 0.015625 0.072222
1 0.888021 0.612500 0.025000 0.087963
1 0.141667 0.335185 0.015625 0.051852
1 0.644792 0.374537 0.017708 0.058333
0 0.211198 0.231019 0.007812 0.012037
1 0.113630 0.174523 0.008771 0.033861
