1 0.634635 0.318519 0.015104 0.072222
1 0.390104 0.834722 0.053125 0.110185
1 0.791667 0.355093 0.017708 0.080556
1 0.385937 0.524074 0.019792 0.100000
1 0.843229 0.501852 0.027083 0.090741
1 0.545052 0.248611 0.010937 0.065741
1 0.164844 0.360185 0.017188 0.077778
1 0.601302 0.187500 0.009896 0.058333
1 0.492708 0.611111 0.026042 0.090741
1 0.716667 0.231019 0.014583 0.067593
1 0.300521 0.178241 0.016667 0.058333
1 0.323177 0.367130 0.009896 0.082407
1 0.446875 0.195370 0.013542 0.062963
1 0.477083 0.161574 0.008333 0.056481
1 0.349740 0.241204 0.014063 0.067593
1 0.315104 0.182407 0.017708 0.048148
1 0.479427 0.378704 0.017188 0.077778
1 0.431510 0.679167 0.044271 0.089815
1 0.178646 0.201852 0.011458 0.061111
1 0.359896 0.334722 0.023958 0.065741
0 0.094010 0.270833 0.007812 0.010185
1 0.058594 0.047222 0.008854 0.040741
