1 0.827344 0.450463 0.016146 0.047222
1 0.615365 0.633796 0.022396 0.078704
1 0.670052 0.279630 0.008854 0.038889
1 0.879427 0.400000 0.010937 0.040741
1 0.149740 0.694907 0.025521 0.082407
1 0.576042 0.533796 0.022917 0.067593
1 0.965365 0.554167 0.014063 0.067593
1 0.530990 0.391204 0.007812 0.045370
1 0.376302 0.672222 0.018229 0.077778
1 0.502604 0.278241 0.013542 0.041667
1 0.633073 0.627778 0.014063 0.064815
1 0.640885 0.313889 0.008854 0.044444
1 0.276302 0.367130 0.016146 0.049074
1 0.498698 0.448611 0.010937 0.056481
1 0.491406 0.432407 0.008854 0.051852
1 0.326302 0.337037 0.011979 0.044444
1 0.589844 0.363426 0.016146 0.043519
1 0.182552 0.696759 0.024479 0.078704
1 0.566667 0.533333 0.012500 0.064815
1 0.776042 0.504630 0.026042 0.055556
1 0.062760 0.562963 0.016146 0.072222
1 0.887240 0.424537 0.022396 0.049074
0 0.822656 0.474074 0.004687 0.007407
