1 0.632552 0.474074 0.016146 0.055556
1 0.157292 0.545370 0.021875 0.064815
1 0.167708 0.218056 0.011458 0.037963
1 0.889583 0.589815 0.020833 0.066667
1 0.263281 0.396296 0.014063 0.050000
1 0.337760 0.459722 0.014063 0.060185
1 0.707031 0.747685 0.024479 0.075000
1 0.510417 0.312037 0.013542 0.040741
1 0.112240 0.455093 0.018229 0.058333
1 0.654427 0.225926 0.006771 0.029630
1 0.199219 0.623611 0.016146 0.063889
1 0.782292 0.368981 0.016667 0.054630
1 0.402083 0.228241 0.009375 0.037963
1 0.412500 0.329167 0.016667 0.045370
1 0.412500 0.352315 0.015625 0.050926
1 0.429948 0.237500 0.010937 0.032407
1 0.536458 0.271296 0.012500 0.040741
1 0.308073 0.368056 0.015104 0.049074
1 0.357031 0.465278 0.014063 0.056481
1 0.739844 0.633796 0.030729 0.069444
1 0.296094 0.288889 0.011979 0.046296
1 0.811458 0.511574 0.022917 0.056481
1 0.471615 0.123148 0.005729 0.020370
