1 0.458073 0.550926 0.021354 0.051852
1 0.113021 0.624537 0.019792 0.067593
1 0.076042 0.293981 0.010417 0.039815
1 0.912500 0.699074 0.018750 0.074074
1 0.106771 0.446296 0.014583 0.051852
1 0.194531 0.508796 0.014063 0.062037
1 0.266927 0.763426 0.021354 0.078704
1 0.382292 0.390741 0.010417 0.044444
1 0.053646 0.526852 0.016667 0.059259
1 0.539844 0.288426 0.006771 0.034259
1 0.192188 0.644907 0.025000 0.063889
1 0.694531 0.385648 0.010937 0.045370
1 0.283333 0.290278 0.008333 0.037963
1 0.304948 0.400000 0.013021 0.046296
1 0.292708 0.440741 0.014583 0.053704
1 0.347917 0.276852 0.007292 0.031481
1 0.405729 0.358796 0.009375 0.043519
1 0.135677 0.427315 0.010937 0.050926
1 0.227604 0.484259 0.012500 0.057407
1 0.981995 0.932241 0.035312 0.095167
1 0.292708 0.646296 0.020833 0.062963
1 0.184115 0.377315 0.011979 0.049074
1 0.541406 0.531944 0.018229 0.056481
0 0.260937 0.733796 0.009375 0.019444
1 0.379948 0.192130 0.005729 0.019444
