1 0.821354 0.445833 0.015625 0.045370
1 0.613542 0.630556 0.025000 0.079630
1 0.664323 0.277315 0.008854 0.037963
1 0.883333 0.399537 0.011458 0.045370
1 0.148177 0.689815 0.024479 0.085185
1 0.581250 0.526852 0.014583 0.066667
1 0.958073 0.549537 0.018229 0.063889
1 0.530208 0.394907 0.008333 0.049074
1 0.390625 0.676389 0.027083 0.076852
1 0.503125 0.278704 0.012500 0.040741
1 0.630729 0.622222 0.013542 0.068519
1 0.642448 0.316204 0.011979 0.041667
1 0.284115 0.366667 0.014063 0.050000
1 0.499479 0.453241 0.018750 0.054630
1 0.492448 0.431019 0.008854 0.049074
1 0.332552 0.336574 0.011979 0.043519
1 0.594531 0.360185 0.008854 0.046296
1 0.184896 0.693519 0.026042 0.077778
1 0.567448 0.530093 0.011979 0.062037
1 0.772135 0.500000 0.024479 0.055556
1 0.061458 0.570833 0.015625 0.075000
1 0.898177 0.425926 0.018229 0.046296
0 0.818750 0.466204 0.005208 0.008333
