1 0.791927 0.474074 0.013021 0.048148
1 0.741406 0.650463 0.020313 0.071296
1 0.958594 0.320833 0.010937 0.039815
1 0.891406 0.458333 0.017188 0.055556
1 0.130208 0.413889 0.014583 0.048148
1 0.654427 0.554630 0.025521 0.066667
1 0.955208 0.586111 0.016667 0.064815
1 0.673438 0.422685 0.016667 0.050926
1 0.465625 0.532407 0.021875 0.057407
1 0.669531 0.337500 0.010937 0.041667
1 0.775260 0.600926 0.026562 0.068519
1 0.799740 0.382870 0.011979 0.039815
1 0.482031 0.358796 0.018229 0.045370
1 0.552083 0.503241 0.021875 0.058333
1 0.585938 0.375000 0.012500 0.046296
1 0.543490 0.336574 0.008854 0.037963
1 0.623698 0.379167 0.020313 0.047222
1 0.076302 0.468981 0.013021 0.054630
1 0.680469 0.502778 0.020313 0.051852
1 0.915885 0.600463 0.016146 0.069444
1 0.236979 0.391667 0.011458 0.046296
1 0.711458 0.410185 0.020833 0.044444
1 0.204669 0.240329 0.010505 0.030917
