1 0.830990 0.452315 0.015104 0.045370
1 0.617708 0.637963 0.019792 0.081481
1 0.673698 0.280093 0.008854 0.037963
1 0.879948 0.397222 0.010937 0.037037
1 0.148438 0.696759 0.025000 0.082407
1 0.579427 0.535648 0.020313 0.067593
1 0.969010 0.560648 0.013021 0.067593
1 0.532813 0.393056 0.010417 0.045370
1 0.370573 0.675000 0.019271 0.074074
1 0.502604 0.279167 0.011458 0.037963
1 0.636458 0.631944 0.016667 0.062037
1 0.641667 0.313426 0.008333 0.043519
1 0.272135 0.368981 0.009896 0.047222
1 0.498958 0.447222 0.011458 0.055556
1 0.491406 0.433796 0.008854 0.052778
1 0.323698 0.337500 0.014063 0.043519
1 0.590625 0.363889 0.014583 0.044444
1 0.178385 0.701852 0.019271 0.081481
1 0.565104 0.539815 0.013542 0.064815
1 0.779948 0.506944 0.023438 0.056481
1 0.064323 0.564352 0.017188 0.071296
1 0.884115 0.424537 0.017188 0.043519
0 0.825781 0.479167 0.004687 0.008333
