1 0.508854 0.515278 0.017708 0.052778
1 0.167187 0.618981 0.018750 0.076852
1 0.066927 0.312037 0.015104 0.042593
1 0.867969 0.659259 0.024479 0.083333
1 0.177083 0.444444 0.015625 0.057407
1 0.301563 0.489815 0.014583 0.062963
1 0.376042 0.866204 0.026042 0.087963
1 0.400000 0.349074 0.008333 0.044444
1 0.108854 0.527778 0.015625 0.064815
1 0.596875 0.269907 0.006250 0.034259
1 0.170573 0.578241 0.016146 0.065741
1 0.767969 0.363889 0.009896 0.044444
1 0.324219 0.281481 0.008854 0.037037
1 0.357292 0.361111 0.009375 0.044444
1 0.346615 0.403241 0.010937 0.049074
1 0.382031 0.254167 0.005729 0.030556
1 0.436719 0.333796 0.008854 0.041667
1 0.209115 0.421759 0.010937 0.054630
1 0.258854 0.508796 0.012500 0.058333
1 0.311979 0.641667 0.016667 0.074074
1 0.247656 0.357870 0.013021 0.047222
1 0.481250 0.476852 0.012500 0.059259
0 0.853646 0.662963 0.007292 0.011111
1 0.394271 0.200926 0.007292 0.025926
