1 0.685937 0.322685 0.010417 0.076852
1 0.391667 0.845370 0.032292 0.109259
1 0.839844 0.368056 0.019271 0.080556
1 0.390625 0.519444 0.018750 0.098148
1 0.879167 0.506944 0.020833 0.099074
1 0.609635 0.255093 0.010937 0.065741
1 0.219010 0.350463 0.020313 0.078704
1 0.680729 0.191204 0.009375 0.060185
1 0.566146 0.646759 0.017708 0.099074
1 0.774479 0.244444 0.011458 0.070370
1 0.367448 0.172222 0.007812 0.061111
1 0.380469 0.368056 0.016146 0.076852
1 0.467448 0.188889 0.011979 0.062963
1 0.536719 0.168981 0.008854 0.054630
1 0.404948 0.247222 0.013021 0.066667
1 0.398698 0.168519 0.016146 0.053704
1 0.526823 0.380093 0.011979 0.078704
1 0.392708 0.702315 0.032292 0.091667
1 0.240104 0.198611 0.008333 0.063889
1 0.385156 0.335185 0.014063 0.074074
0 0.389844 0.270370 0.005729 0.011111
1 0.129948 0.047222 0.008854 0.040741
