1 0.712760 0.432407 0.017188 0.066667
1 0.111979 0.534259 0.020833 0.077778
1 0.050521 0.217130 0.014583 0.052778
1 0.727865 0.621296 0.022396 0.081481
1 0.178385 0.352778 0.018229 0.066667
1 0.471354 0.543056 0.016667 0.073148
1 0.303646 0.831019 0.042708 0.106481
1 0.487240 0.228704 0.011979 0.050000
1 0.346615 0.440278 0.031771 0.067593
1 0.721615 0.135648 0.008854 0.039815
1 0.211458 0.548611 0.031250 0.063889
1 0.904687 0.327778 0.018750 0.062963
1 0.382552 0.148148 0.009896 0.042593
1 0.414844 0.319907 0.017188 0.062037
1 0.471354 0.311574 0.011458 0.060185
1 0.452344 0.127315 0.009896 0.034259
1 0.604688 0.229167 0.009375 0.047222
1 0.277604 0.356944 0.027083 0.065741
1 0.397135 0.425926 0.026562 0.066667
1 0.344531 0.738426 0.039062 0.084259
1 0.279427 0.236574 0.016146 0.054630
1 0.683594 0.591667 0.027604 0.085185
0 0.287500 0.857870 0.009375 0.015741
1 0.458073 0.081944 0.005729 0.021296
