1 0.672396 0.505093 0.012500 0.054630
1 0.194792 0.585185 0.014583 0.070370
1 0.084375 0.382870 0.011458 0.045370
1 0.877604 0.629167 0.017708 0.069444
1 0.309375 0.437963 0.012500 0.053704
1 0.410156 0.463889 0.009896 0.057407
1 0.440122 0.966083 0.044370 0.065370
1 0.494271 0.377315 0.013542 0.043519
1 0.246615 0.497685 0.011979 0.062037
1 0.739323 0.325463 0.007812 0.036111
1 0.091927 0.696296 0.020313 0.075926
1 0.833073 0.424537 0.015104 0.041667
1 0.454167 0.308796 0.008333 0.036111
1 0.471354 0.382407 0.009375 0.042593
1 0.462240 0.408333 0.011979 0.046296
1 0.521094 0.299074 0.008854 0.027778
1 0.572656 0.361111 0.008854 0.040741
1 0.312240 0.428704 0.008854 0.042593
1 0.336979 0.556019 0.012500 0.063889
1 0.368229 0.629167 0.014583 0.076852
1 0.358073 0.375926 0.007812 0.046296
1 0.690104 0.473148 0.011458 0.053704
0 0.818490 0.445370 0.004687 0.009259
1 0.460156 0.281019 0.008854 0.028704
