1 0.691146 0.356944 0.017708 0.069444
1 0.604688 0.773148 0.036458 0.118519
1 0.847135 0.368056 0.021354 0.075000
1 0.500260 0.523611 0.028646 0.095370
1 0.914323 0.526389 0.026562 0.091667
1 0.553646 0.294444 0.015625 0.062963
1 0.250521 0.412500 0.027083 0.078704
1 0.614323 0.214352 0.019271 0.054630
1 0.616667 0.553241 0.027083 0.086111
1 0.751302 0.245370 0.017188 0.061111
1 0.289062 0.233796 0.016667 0.058333
1 0.331510 0.408333 0.021354 0.072222
1 0.496094 0.236111 0.016146 0.064815
1 0.476042 0.192130 0.014583 0.054630
1 0.440378 0.264329 0.020193 0.064343
1 0.152604 0.251852 0.022917 0.062963
1 0.547396 0.411574 0.016667 0.080556
1 0.723698 0.626389 0.043229 0.097222
1 0.137240 0.253704 0.016146 0.064815
1 0.517448 0.327315 0.026562 0.065741
1 0.046354 0.073148 0.007292 0.033333
