1 0.504167 0.512963 0.021875 0.051852
1 0.168490 0.619444 0.020313 0.079630
1 0.068490 0.311574 0.015104 0.043519
1 0.867188 0.661111 0.023958 0.085185
1 0.176042 0.444444 0.014583 0.057407
1 0.301042 0.489352 0.012500 0.062037
1 0.375781 0.863426 0.028646 0.087963
1 0.400521 0.350000 0.008333 0.044444
1 0.110417 0.527778 0.015625 0.062963
1 0.596354 0.269444 0.006250 0.035185
1 0.172135 0.578241 0.016146 0.065741
1 0.766406 0.364352 0.009896 0.043519
1 0.324479 0.281019 0.008333 0.037963
1 0.357292 0.360648 0.009375 0.045370
1 0.346354 0.401852 0.011458 0.050000
1 0.382031 0.253704 0.005729 0.027778
1 0.436198 0.332407 0.007812 0.040741
1 0.208854 0.421759 0.010417 0.052778
1 0.259115 0.506944 0.011979 0.056481
1 0.311458 0.639815 0.015625 0.072222
1 0.247917 0.356944 0.013542 0.047222
1 0.481250 0.477315 0.012500 0.058333
0 0.853385 0.663889 0.006771 0.011111
1 0.394792 0.200926 0.007292 0.025926
