1 0.781250 0.453241 0.019792 0.049074
1 0.730208 0.657870 0.026042 0.078704
1 0.982552 0.307407 0.014063 0.042593
1 0.882292 0.443981 0.023958 0.050926
1 0.103646 0.393981 0.011458 0.047222
1 0.642708 0.541667 0.021875 0.066667
1 0.967969 0.573148 0.018229 0.062963
1 0.663542 0.405556 0.019792 0.051852
1 0.444010 0.513889 0.022396 0.061111
1 0.667188 0.324537 0.010417 0.045370
1 0.764844 0.582407 0.018229 0.066667
1 0.794271 0.361574 0.014583 0.041667
1 0.466667 0.343981 0.013542 0.047222
1 0.526563 0.490278 0.026042 0.060185
1 0.579948 0.354630 0.011979 0.046296
1 0.536979 0.318981 0.009375 0.036111
1 0.605990 0.363426 0.018229 0.047222
1 0.065625 0.439815 0.015625 0.055556
1 0.663281 0.490278 0.020313 0.054630
1 0.917188 0.600926 0.016667 0.075926
1 0.215365 0.371759 0.014063 0.049074
1 0.695312 0.398611 0.017708 0.049074
0 0.469260 0.187963 0.004562 0.006852
1 0.185883 0.222384 0.010505 0.030917
