1 0.791406 0.474074 0.013021 0.048148
1 0.741146 0.650000 0.020833 0.072222
1 0.958854 0.320370 0.011458 0.038889
1 0.891146 0.457870 0.017708 0.054630
1 0.129948 0.413889 0.014063 0.048148
1 0.653906 0.554167 0.025521 0.067593
1 0.955208 0.585648 0.016667 0.065741
1 0.673177 0.421759 0.017188 0.050926
1 0.465104 0.531944 0.020833 0.056481
1 0.669010 0.337963 0.010937 0.042593
1 0.774740 0.600926 0.026562 0.068519
1 0.799740 0.382870 0.011979 0.039815
1 0.481250 0.358796 0.017708 0.045370
1 0.551562 0.502778 0.021875 0.057407
1 0.585677 0.374537 0.013021 0.047222
1 0.543490 0.336574 0.008854 0.037963
1 0.622917 0.378704 0.019792 0.046296
1 0.076302 0.468981 0.013021 0.054630
1 0.679948 0.502315 0.020313 0.052778
1 0.915365 0.600463 0.016146 0.069444
1 0.236979 0.392130 0.011458 0.047222
1 0.710938 0.410185 0.020833 0.044444
1 0.204109 0.238829 0.010500 0.030917
