1 0.506771 0.520833 0.016667 0.076852
1 0.119531 0.577315 0.018229 0.089815
1 0.483073 0.598148 0.021354 0.077778
1 0.268750 0.554630 0.019792 0.079630
1 0.868750 0.789352 0.026042 0.100926
1 0.913802 0.470833 0.013021 0.076852
1 0.462240 0.634722 0.022396 0.086111
1 0.288021 0.404167 0.012500 0.067593
1 0.689844 0.212500 0.010937 0.047222
1 0.623698 0.401389 0.008854 0.073148
1 0.164583 0.368519 0.016667 0.062963
1 0.114323 0.457407 0.011979 0.075926
1 0.843490 0.309259 0.014063 0.055556
1 0.222396 0.274537 0.013542 0.052778
1 0.547396 0.323611 0.011458 0.056481
1 0.419792 0.325000 0.009375 0.059259
1 0.261719 0.673148 0.020313 0.092593
1 0.486719 0.221759 0.013021 0.047222
1 0.380729 0.278704 0.011458 0.053704
1 0.254427 0.184259 0.011979 0.044444
1 0.447656 0.520833 0.015104 0.080556
1 0.470833 0.401389 0.013542 0.067593
0 0.479687 0.430556 0.006250 0.011111
