1 0.505469 0.523611 0.018229 0.078704
1 0.121354 0.578241 0.020833 0.087963
1 0.480729 0.599074 0.021875 0.077778
1 0.263281 0.556944 0.016146 0.078704
1 0.866406 0.789815 0.025521 0.101852
1 0.913021 0.473611 0.017708 0.076852
1 0.458854 0.636111 0.019792 0.085185
1 0.285938 0.405093 0.012500 0.067593
1 0.687500 0.213426 0.010417 0.047222
1 0.621094 0.402315 0.008854 0.073148
1 0.162240 0.369444 0.017188 0.062963
1 0.116927 0.455093 0.016146 0.073148
1 0.841146 0.310185 0.014583 0.055556
1 0.220573 0.275926 0.013021 0.053704
1 0.544792 0.324537 0.010417 0.056481
1 0.417187 0.325926 0.009375 0.059259
1 0.261198 0.670833 0.020313 0.095370
1 0.481510 0.222222 0.011979 0.048148
1 0.378385 0.279630 0.011979 0.053704
1 0.253385 0.184722 0.009896 0.043519
1 0.448698 0.521296 0.014063 0.079630
1 0.468490 0.402315 0.013021 0.067593
0 0.477083 0.431481 0.006250 0.011111
