1 0.538021 0.516667 0.017708 0.075926
1 0.108073 0.570370 0.017188 0.088889
1 0.490625 0.595370 0.021875 0.077778
1 0.304167 0.545833 0.017708 0.080556
1 0.876823 0.787500 0.025521 0.102778
1 0.895052 0.465741 0.017188 0.072222
1 0.466667 0.632407 0.013542 0.085185
1 0.297656 0.400000 0.011979 0.068519
1 0.699219 0.211574 0.013021 0.047222
1 0.633073 0.401389 0.010937 0.069444
1 0.173437 0.364352 0.017708 0.063889
1 0.113281 0.466667 0.010937 0.074074
1 0.851823 0.307407 0.015104 0.055556
1 0.232552 0.271296 0.010937 0.053704
1 0.558594 0.320370 0.013021 0.055556
1 0.427865 0.321296 0.008854 0.059259
1 0.260156 0.669907 0.020313 0.089815
1 0.501823 0.216667 0.011979 0.048148
1 0.389844 0.273611 0.009896 0.054630
1 0.264583 0.180093 0.009375 0.043519
1 0.446354 0.522222 0.014583 0.072222
1 0.478385 0.398148 0.010937 0.066667
0 0.487500 0.427315 0.006250 0.012037
