1 0.536719 0.502315 0.017188 0.078704
1 0.105729 0.568056 0.018750 0.087963
1 0.490625 0.595370 0.021875 0.077778
1 0.302865 0.546759 0.019271 0.078704
1 0.876823 0.787500 0.025521 0.102778
1 0.892969 0.466204 0.016146 0.071296
1 0.464844 0.635648 0.014063 0.087963
1 0.298958 0.399074 0.011458 0.068519
1 0.697656 0.211574 0.010937 0.047222
1 0.633073 0.401389 0.010937 0.069444
1 0.173698 0.364352 0.017188 0.063889
1 0.117969 0.467593 0.018229 0.072222
1 0.851562 0.307407 0.014583 0.055556
1 0.232292 0.271759 0.012500 0.052778
1 0.558854 0.320370 0.012500 0.055556
1 0.428125 0.321296 0.009375 0.059259
1 0.258333 0.669907 0.019792 0.089815
1 0.501823 0.216667 0.011979 0.048148
1 0.389844 0.272222 0.011979 0.051852
1 0.264844 0.179167 0.009896 0.043519
1 0.446615 0.519907 0.010937 0.076852
1 0.477083 0.398611 0.010417 0.065741
0 0.487500 0.427315 0.006250 0.012037
