1 0.512760 0.514815 0.014063 0.077778
1 0.120052 0.573611 0.019271 0.087963
1 0.488542 0.595370 0.021875 0.077778
1 0.291406 0.548148 0.015104 0.077778
1 0.875000 0.788426 0.026042 0.102778
1 0.911198 0.468519 0.014063 0.072222
1 0.473177 0.627778 0.019271 0.085185
1 0.294531 0.400463 0.013021 0.067593
1 0.696615 0.210648 0.010937 0.047222
1 0.630208 0.399537 0.009375 0.073148
1 0.171354 0.365741 0.017708 0.062963
1 0.114062 0.459722 0.016667 0.075000
1 0.850781 0.307870 0.014063 0.054630
1 0.230208 0.271759 0.011458 0.052778
1 0.556510 0.321296 0.011979 0.055556
1 0.426042 0.322222 0.009375 0.059259
1 0.261979 0.670370 0.023958 0.088889
1 0.499219 0.216667 0.011979 0.048148
1 0.386458 0.276389 0.012500 0.054630
1 0.259635 0.181019 0.009896 0.043519
1 0.447396 0.520370 0.013542 0.077778
1 0.476562 0.398611 0.013542 0.067593
0 0.485677 0.427778 0.005729 0.011111
