1 0.534896 0.514352 0.018750 0.078704
1 0.111979 0.572222 0.016667 0.088889
1 0.490625 0.594444 0.021875 0.077778
1 0.304167 0.546759 0.017708 0.078704
1 0.876563 0.787963 0.026042 0.101852
1 0.899479 0.466667 0.015625 0.074074
1 0.469010 0.628704 0.015104 0.083333
1 0.297396 0.399537 0.012500 0.067593
1 0.700521 0.211111 0.011458 0.048148
1 0.633073 0.400926 0.010937 0.068519
1 0.173437 0.363889 0.017708 0.062963
1 0.112240 0.465741 0.013021 0.075926
1 0.852083 0.306944 0.014583 0.054630
1 0.233073 0.271296 0.009896 0.053704
1 0.558594 0.320370 0.013021 0.055556
1 0.428125 0.321296 0.009375 0.059259
1 0.261198 0.669444 0.022396 0.090741
1 0.501823 0.216667 0.011979 0.048148
1 0.390365 0.274074 0.010937 0.053704
1 0.263542 0.180093 0.010417 0.043519
1 0.447135 0.525463 0.020313 0.065741
1 0.478646 0.397685 0.012500 0.067593
0 0.487760 0.426852 0.005729 0.011111
