1 0.532292 0.517130 0.018750 0.076852
1 0.112500 0.572685 0.014583 0.087963
1 0.490885 0.594444 0.021354 0.077778
1 0.304427 0.546296 0.017188 0.077778
1 0.876823 0.787963 0.025521 0.101852
1 0.901563 0.466667 0.016667 0.074074
1 0.471615 0.628241 0.020313 0.084259
1 0.296875 0.399537 0.012500 0.067593
1 0.700521 0.210648 0.011458 0.047222
1 0.633073 0.400463 0.010937 0.069444
1 0.173437 0.364352 0.017708 0.063889
1 0.111979 0.463889 0.015625 0.075926
1 0.851823 0.306944 0.015104 0.054630
1 0.233333 0.271296 0.009375 0.053704
1 0.558854 0.320370 0.013542 0.055556
1 0.428125 0.321296 0.009375 0.059259
1 0.261719 0.669444 0.022396 0.090741
1 0.501823 0.216667 0.011979 0.048148
1 0.389844 0.274537 0.010937 0.054630
1 0.263021 0.179630 0.010417 0.044444
1 0.447656 0.525926 0.021354 0.064815
1 0.478385 0.397685 0.013021 0.067593
0 0.487760 0.426852 0.005729 0.011111
