1 0.517188 0.514352 0.011458 0.076852
1 0.120573 0.573611 0.020313 0.087963
1 0.489323 0.595370 0.021354 0.075926
1 0.296094 0.546296 0.011979 0.077778
1 0.875781 0.787963 0.026562 0.101852
1 0.909896 0.468519 0.013542 0.072222
1 0.474219 0.627778 0.019271 0.085185
1 0.295312 0.400463 0.012500 0.067593
1 0.698177 0.210185 0.010937 0.048148
1 0.631250 0.399537 0.010417 0.073148
1 0.172396 0.364815 0.017708 0.062963
1 0.114062 0.460648 0.017708 0.075000
1 0.851042 0.307407 0.014583 0.055556
1 0.231510 0.271296 0.010937 0.053704
1 0.557813 0.321296 0.012500 0.055556
1 0.426823 0.322685 0.009896 0.058333
1 0.262500 0.669907 0.023958 0.089815
1 0.500521 0.216667 0.011458 0.048148
1 0.387500 0.275926 0.012500 0.053704
1 0.261198 0.180093 0.009896 0.043519
1 0.448177 0.519907 0.013021 0.076852
1 0.477604 0.398611 0.013542 0.067593
0 0.486719 0.427315 0.005729 0.010185
