1 0.507812 0.519907 0.013542 0.076852
1 0.120573 0.575463 0.017188 0.089815
1 0.485677 0.596759 0.021354 0.076852
1 0.279687 0.550926 0.012500 0.079630
1 0.871615 0.788889 0.025521 0.101852
1 0.910677 0.468981 0.018229 0.073148
1 0.467708 0.631481 0.018750 0.087037
1 0.290885 0.402778 0.013021 0.066667
1 0.692969 0.211574 0.010937 0.047222
1 0.626823 0.400463 0.009896 0.073148
1 0.167969 0.367130 0.017188 0.063889
1 0.114844 0.458796 0.015104 0.075000
1 0.846875 0.308333 0.014583 0.055556
1 0.226042 0.273611 0.013542 0.052778
1 0.551823 0.322685 0.010937 0.056481
1 0.422656 0.324074 0.009896 0.059259
1 0.261458 0.672222 0.018750 0.090741
1 0.492969 0.219444 0.013021 0.046296
1 0.383854 0.277778 0.011458 0.053704
1 0.255729 0.182407 0.011458 0.042593
1 0.447135 0.521296 0.016146 0.077778
1 0.473958 0.400000 0.013542 0.068519
0 0.482552 0.428704 0.005729 0.011111
