1 0.520573 0.515278 0.017188 0.076852
1 0.120313 0.573611 0.021875 0.086111
1 0.489844 0.594907 0.021354 0.076852
1 0.301302 0.546759 0.018229 0.078704
1 0.876042 0.787963 0.026042 0.101852
1 0.905990 0.468519 0.019271 0.072222
1 0.474479 0.627315 0.018750 0.084259
1 0.295833 0.400463 0.012500 0.067593
1 0.698698 0.211111 0.010937 0.048148
1 0.632031 0.400000 0.009896 0.072222
1 0.172917 0.364352 0.017708 0.063889
1 0.114062 0.461111 0.018750 0.075926
1 0.851562 0.307407 0.014583 0.055556
1 0.232292 0.270833 0.010417 0.052778
1 0.558073 0.320833 0.013021 0.056481
1 0.427083 0.322222 0.009375 0.059259
1 0.262500 0.669907 0.023958 0.089815
1 0.501042 0.216667 0.011458 0.048148
1 0.388281 0.275926 0.011979 0.053704
1 0.261979 0.180093 0.010417 0.043519
1 0.448437 0.519907 0.013542 0.076852
1 0.478125 0.398611 0.013542 0.067593
0 0.486979 0.427315 0.005208 0.010185
