1 0.521875 0.523611 0.019792 0.075000
1 0.104167 0.582407 0.021875 0.085185
1 0.426042 0.616667 0.027083 0.081481
1 0.272135 0.552315 0.020313 0.073148
1 0.853125 0.796296 0.025000 0.100000
1 0.910417 0.476852 0.017708 0.075926
1 0.457552 0.631481 0.013021 0.085185
1 0.282552 0.414352 0.016146 0.062037
1 0.672656 0.215741 0.008854 0.044444
1 0.608854 0.403241 0.012500 0.069444
1 0.159115 0.371759 0.010937 0.063889
1 0.116146 0.452778 0.017708 0.072222
1 0.835417 0.311111 0.011458 0.055556
1 0.212240 0.279630 0.015104 0.050000
1 0.509375 0.325463 0.015625 0.050926
1 0.414062 0.330556 0.009375 0.057407
1 0.279427 0.648611 0.018229 0.095370
1 0.456510 0.231944 0.017188 0.039815
1 0.364844 0.281019 0.011979 0.052778
1 0.251563 0.187963 0.010417 0.042593
1 0.502083 0.493981 0.018750 0.071296
1 0.442708 0.406944 0.019792 0.060185
0 0.596094 0.422222 0.005729 0.009259
