1 0.517448 0.522685 0.014063 0.076852
1 0.116667 0.582870 0.018750 0.082407
1 0.459375 0.606019 0.023958 0.073148
1 0.251302 0.556944 0.019271 0.082407
1 0.859115 0.790278 0.026562 0.099074
1 0.909635 0.474537 0.014063 0.073148
1 0.453125 0.647685 0.018750 0.086111
1 0.282292 0.407870 0.013542 0.065741
1 0.677865 0.214815 0.010937 0.044444
1 0.613281 0.404630 0.010937 0.070370
1 0.157292 0.372222 0.015625 0.062963
1 0.117708 0.453241 0.014583 0.073148
1 0.835156 0.311111 0.014063 0.055556
1 0.215885 0.277778 0.010937 0.053704
1 0.530208 0.328241 0.021875 0.050926
1 0.412760 0.329167 0.008854 0.056481
1 0.272917 0.654630 0.021875 0.090741
1 0.471615 0.230093 0.011979 0.043519
1 0.372396 0.281944 0.012500 0.054630
1 0.252083 0.187037 0.010417 0.042593
1 0.464583 0.518056 0.025000 0.067593
1 0.458854 0.402778 0.017708 0.062963
0 0.529687 0.428241 0.006250 0.010185
