1 0.472656 0.493981 0.024479 0.073148
1 0.080469 0.562963 0.020313 0.090741
1 0.302083 0.559259 0.020833 0.072222
1 0.363281 0.483796 0.022396 0.078704
1 0.820312 0.798611 0.033333 0.102778
1 0.921354 0.457407 0.023958 0.072222
1 0.435937 0.549537 0.018750 0.078704
1 0.291927 0.383796 0.016146 0.067593
1 0.654687 0.193981 0.012500 0.043519
1 0.596875 0.352315 0.013542 0.062037
1 0.169531 0.333796 0.009896 0.063889
1 0.152344 0.413426 0.025521 0.071296
1 0.833073 0.276389 0.015104 0.052778
1 0.199219 0.250463 0.014063 0.049074
1 0.438802 0.302778 0.011979 0.053704
1 0.403906 0.313889 0.011979 0.057407
1 0.296615 0.584259 0.024479 0.087037
1 0.385417 0.211574 0.010417 0.043519
1 0.351823 0.250926 0.010937 0.050000
1 0.253646 0.164815 0.011458 0.040741
1 0.580729 0.366204 0.016667 0.056481
1 0.347656 0.391667 0.021354 0.066667
