1 0.503125 0.524074 0.022917 0.074074
1 0.079427 0.588889 0.023438 0.088889
1 0.361719 0.618981 0.028646 0.084259
1 0.310417 0.533333 0.016667 0.083333
1 0.842448 0.809722 0.024479 0.100926
1 0.922656 0.474537 0.017188 0.073148
1 0.461458 0.595833 0.021875 0.075000
1 0.283594 0.412500 0.016146 0.062037
1 0.661719 0.213889 0.015104 0.042593
1 0.597917 0.385185 0.012500 0.064815
1 0.163802 0.368519 0.013021 0.062963
1 0.114844 0.448148 0.017188 0.075926
1 0.832812 0.304630 0.011458 0.055556
1 0.199219 0.274537 0.014063 0.050926
1 0.475260 0.321759 0.015104 0.050926
1 0.409375 0.333333 0.013542 0.057407
1 0.284896 0.629630 0.018750 0.092593
1 0.422135 0.228704 0.018229 0.044444
1 0.350000 0.273148 0.011458 0.050000
1 0.247917 0.184259 0.011458 0.042593
1 0.535156 0.443519 0.019271 0.068519
1 0.399479 0.406944 0.021875 0.058333
0 0.584896 0.410185 0.005208 0.009259
