1 0.478906 0.506944 0.017188 0.073148
1 0.071094 0.572685 0.023438 0.093519
1 0.317969 0.587037 0.023438 0.079630
1 0.344010 0.500926 0.019271 0.077778
1 0.829688 0.806944 0.026042 0.102778
1 0.921875 0.465278 0.015625 0.071296
1 0.448698 0.564352 0.026562 0.073148
1 0.284115 0.398148 0.019271 0.062963
1 0.655208 0.201852 0.014583 0.042593
1 0.592187 0.368056 0.015625 0.069444
1 0.162760 0.350926 0.016146 0.061111
1 0.128385 0.430556 0.028646 0.070370
1 0.834115 0.291204 0.017188 0.050926
1 0.196354 0.260648 0.013542 0.050926
1 0.448698 0.311574 0.014063 0.050926
1 0.403906 0.325000 0.016146 0.057407
1 0.293229 0.603241 0.025000 0.086111
1 0.394792 0.220370 0.013542 0.046296
1 0.348698 0.257870 0.011979 0.049074
1 0.248438 0.173148 0.012500 0.042593
1 0.560937 0.393056 0.016667 0.067593
1 0.359375 0.399074 0.019792 0.061111
