1 0.476302 0.503241 0.016146 0.073148
1 0.071354 0.572222 0.025000 0.092593
1 0.312240 0.583333 0.019271 0.081481
1 0.348438 0.494907 0.018750 0.078704
1 0.826042 0.806481 0.020833 0.101852
1 0.920833 0.463889 0.012500 0.072222
1 0.445833 0.558796 0.030208 0.073148
1 0.284635 0.393519 0.016146 0.064815
1 0.655469 0.200463 0.013021 0.041667
1 0.593490 0.365278 0.016146 0.067593
1 0.163542 0.346759 0.016667 0.062037
1 0.130990 0.425000 0.025521 0.070370
1 0.833594 0.287963 0.016146 0.050000
1 0.195573 0.256481 0.009896 0.051852
1 0.446615 0.307870 0.019271 0.050926
1 0.402865 0.323611 0.016146 0.056481
1 0.292969 0.597222 0.024479 0.085185
1 0.393490 0.216667 0.016146 0.046296
1 0.347396 0.256019 0.011458 0.049074
1 0.249219 0.169907 0.010937 0.041667
1 0.563802 0.384259 0.020313 0.061111
1 0.355208 0.396296 0.019792 0.062963
