1 0.516406 0.522222 0.014063 0.075926
1 0.117188 0.582870 0.017708 0.082407
1 0.461719 0.606481 0.021354 0.072222
1 0.249219 0.557407 0.017188 0.081481
1 0.860156 0.789815 0.026562 0.100000
1 0.909635 0.474537 0.014063 0.073148
1 0.451562 0.644907 0.015625 0.086111
1 0.282292 0.407870 0.013542 0.065741
1 0.678385 0.214815 0.010937 0.044444
1 0.614062 0.404167 0.010417 0.071296
1 0.157031 0.372222 0.016146 0.062963
1 0.117708 0.452778 0.014583 0.072222
1 0.835156 0.311111 0.014063 0.055556
1 0.216146 0.277778 0.010417 0.053704
1 0.533073 0.328241 0.020313 0.050926
1 0.412760 0.328241 0.008854 0.056481
1 0.271094 0.656944 0.023438 0.095370
1 0.472396 0.229167 0.011458 0.045370
1 0.372656 0.281944 0.011979 0.054630
1 0.252083 0.187037 0.010417 0.042593
1 0.459375 0.520370 0.023958 0.068519
1 0.459635 0.402315 0.019271 0.062037
0 0.518229 0.429167 0.006250 0.010185
