1 0.509375 0.525000 0.014583 0.077778
1 0.119271 0.580556 0.017708 0.085185
1 0.477344 0.600463 0.021354 0.078704
1 0.250521 0.557870 0.016667 0.078704
1 0.862760 0.789815 0.025521 0.101852
1 0.911458 0.475000 0.017708 0.074074
1 0.453385 0.639815 0.016146 0.087037
1 0.282292 0.406019 0.012500 0.067593
1 0.683073 0.214352 0.010937 0.047222
1 0.617708 0.403241 0.009375 0.073148
1 0.158333 0.371296 0.017708 0.062963
1 0.117708 0.453704 0.015625 0.072222
1 0.836979 0.310185 0.014583 0.055556
1 0.217969 0.276852 0.010937 0.053704
1 0.541146 0.325926 0.010417 0.055556
1 0.413802 0.326852 0.009896 0.059259
1 0.260156 0.663426 0.029687 0.093519
1 0.476823 0.225463 0.010937 0.047222
1 0.375000 0.280556 0.011458 0.053704
1 0.251563 0.186111 0.011458 0.042593
1 0.444792 0.524074 0.014583 0.077778
1 0.464062 0.402315 0.014583 0.067593
0 0.473438 0.432407 0.006250 0.011111
