1 0.521354 0.524074 0.020833 0.075926
1 0.101823 0.582407 0.020313 0.087037
1 0.422135 0.617593 0.025521 0.081481
1 0.275000 0.551389 0.018750 0.075000
1 0.852865 0.797685 0.025521 0.100926
1 0.910937 0.476852 0.017708 0.075926
1 0.458333 0.630093 0.013542 0.084259
1 0.282552 0.414352 0.016146 0.062037
1 0.671875 0.215741 0.009375 0.044444
1 0.607812 0.403704 0.014583 0.068519
1 0.159896 0.371759 0.011458 0.063889
1 0.116146 0.453241 0.017708 0.073148
1 0.835417 0.311111 0.011458 0.055556
1 0.211198 0.279630 0.015104 0.050000
1 0.508073 0.325463 0.017188 0.052778
1 0.414062 0.331019 0.009375 0.056481
1 0.279948 0.647685 0.018229 0.095370
1 0.455469 0.232407 0.018229 0.040741
1 0.364063 0.281019 0.011458 0.052778
1 0.251563 0.187500 0.010417 0.041667
1 0.504687 0.490278 0.017708 0.067593
1 0.440885 0.407407 0.021354 0.061111
0 0.599219 0.421759 0.005729 0.008333
