1 0.507031 0.520833 0.016146 0.078704
1 0.084635 0.589352 0.024479 0.089815
1 0.379167 0.620370 0.025000 0.085185
1 0.303385 0.540278 0.019271 0.080556
1 0.846094 0.807870 0.021354 0.104630
1 0.920312 0.476852 0.014583 0.074074
1 0.463281 0.607870 0.021354 0.082407
1 0.283333 0.412963 0.015625 0.061111
1 0.667708 0.215741 0.015625 0.042593
1 0.601823 0.393056 0.013021 0.065741
1 0.162760 0.369907 0.011979 0.063889
1 0.112760 0.451852 0.013021 0.075926
1 0.832292 0.309259 0.012500 0.055556
1 0.203906 0.277315 0.017188 0.049074
1 0.483073 0.323611 0.015104 0.050926
1 0.411458 0.336111 0.011458 0.057407
1 0.283594 0.633796 0.019271 0.089815
1 0.429427 0.231944 0.015104 0.041667
1 0.353125 0.276389 0.010417 0.052778
1 0.249219 0.186111 0.011979 0.042593
1 0.531250 0.458333 0.015625 0.072222
1 0.410156 0.410185 0.019271 0.055556
0 0.586458 0.413889 0.005208 0.009259
