1 0.465365 0.486574 0.020313 0.075000
1 0.088281 0.541667 0.017188 0.085185
1 0.290365 0.540278 0.016146 0.067593
1 0.375000 0.471296 0.019792 0.068519
1 0.812500 0.796296 0.026042 0.101852
1 0.926823 0.451389 0.016146 0.073148
1 0.431510 0.541667 0.015104 0.081481
1 0.298958 0.379630 0.016667 0.064815
1 0.656250 0.190278 0.009375 0.041667
1 0.604427 0.342593 0.014063 0.051852
1 0.173698 0.326389 0.015104 0.058333
1 0.170573 0.399074 0.020313 0.068519
1 0.835156 0.272222 0.011979 0.053704
1 0.205990 0.241667 0.013021 0.050000
1 0.433333 0.299537 0.015625 0.052778
1 0.407031 0.309259 0.011979 0.055556
1 0.298438 0.576852 0.019792 0.085185
1 0.381771 0.205093 0.017708 0.045370
1 0.357812 0.242130 0.015625 0.045370
1 0.258073 0.159722 0.014063 0.039815
1 0.599479 0.349537 0.013542 0.058333
1 0.337240 0.383333 0.020313 0.064815
