1 0.488542 0.515278 0.022917 0.076852
1 0.071875 0.580556 0.025000 0.090741
1 0.331771 0.603704 0.018750 0.083333
1 0.329948 0.511574 0.018229 0.080556
1 0.832812 0.809259 0.026042 0.103704
1 0.922396 0.471296 0.023958 0.070370
1 0.454167 0.577778 0.026042 0.075926
1 0.282292 0.405556 0.014583 0.062963
1 0.657552 0.208796 0.011979 0.041667
1 0.594271 0.377315 0.022917 0.069444
1 0.162500 0.355556 0.016667 0.062963
1 0.121875 0.442130 0.029167 0.073148
1 0.834115 0.297222 0.014063 0.053704
1 0.194531 0.267130 0.015104 0.049074
1 0.458333 0.314815 0.018750 0.051852
1 0.407813 0.332870 0.016667 0.054630
1 0.288802 0.612037 0.020313 0.085185
1 0.405729 0.224074 0.017708 0.044444
1 0.347917 0.264815 0.013542 0.050000
1 0.246875 0.178704 0.012500 0.040741
1 0.550260 0.415278 0.017188 0.067593
1 0.375521 0.400926 0.020833 0.061111
0 0.585156 0.400000 0.005729 0.011111
