1 0.515625 0.522685 0.014583 0.075000
1 0.117448 0.582870 0.017188 0.082407
1 0.463802 0.606019 0.021354 0.073148
1 0.248438 0.557407 0.017708 0.081481
1 0.860156 0.789815 0.026562 0.100000
1 0.909635 0.474537 0.014063 0.073148
1 0.451302 0.643981 0.016146 0.087963
1 0.282031 0.407407 0.013021 0.066667
1 0.678906 0.214815 0.010937 0.044444
1 0.614323 0.403704 0.009896 0.072222
1 0.157031 0.372222 0.016146 0.062963
1 0.117448 0.452778 0.014063 0.072222
1 0.835156 0.311111 0.014063 0.055556
1 0.216146 0.277778 0.010417 0.053704
1 0.534115 0.328704 0.018229 0.050000
1 0.412760 0.328241 0.008854 0.056481
1 0.270052 0.658333 0.024479 0.096296
1 0.472656 0.228704 0.010937 0.046296
1 0.372656 0.281481 0.011979 0.053704
1 0.252083 0.187037 0.010417 0.042593
1 0.457813 0.521296 0.022917 0.068519
1 0.460156 0.402778 0.020313 0.062963
0 0.512500 0.429167 0.006250 0.010185
