1 0.497135 0.521296 0.025521 0.072222
1 0.077865 0.589352 0.030729 0.086111
1 0.346875 0.613426 0.026042 0.087963
1 0.318750 0.520833 0.014583 0.082407
1 0.838802 0.813889 0.030729 0.101852
1 0.921875 0.472222 0.020833 0.072222
1 0.459375 0.588889 0.023958 0.074074
1 0.282813 0.409259 0.015625 0.062963
1 0.660677 0.210648 0.016146 0.043519
1 0.596615 0.383333 0.021354 0.064815
1 0.163021 0.362500 0.015625 0.063889
1 0.118490 0.446296 0.019271 0.074074
1 0.833594 0.298148 0.008854 0.055556
1 0.195833 0.270370 0.009375 0.051852
1 0.464583 0.320370 0.014583 0.050000
1 0.407813 0.333333 0.012500 0.055556
1 0.286979 0.618981 0.019792 0.086111
1 0.411719 0.228241 0.013021 0.043519
1 0.347917 0.268056 0.010417 0.052778
1 0.246615 0.181481 0.011979 0.042593
1 0.541146 0.425463 0.020833 0.062037
1 0.388021 0.406481 0.021875 0.061111
0 0.584375 0.406481 0.005208 0.009259
