1 0.510417 0.524537 0.014583 0.076852
1 0.119792 0.581019 0.015625 0.086111
1 0.477865 0.601852 0.021354 0.074074
1 0.248958 0.557870 0.014583 0.078704
1 0.861979 0.789815 0.025000 0.101852
1 0.910937 0.475000 0.017708 0.074074
1 0.452604 0.642130 0.016667 0.089815
1 0.281771 0.406481 0.012500 0.068519
1 0.682031 0.214352 0.010937 0.047222
1 0.616667 0.403241 0.009375 0.073148
1 0.158073 0.371759 0.017188 0.062037
1 0.117708 0.453704 0.014583 0.072222
1 0.836198 0.311111 0.014063 0.055556
1 0.217708 0.277315 0.010417 0.052778
1 0.539844 0.326389 0.010937 0.054630
1 0.413281 0.326852 0.009896 0.059259
1 0.261458 0.663426 0.032292 0.093519
1 0.475521 0.226852 0.010417 0.048148
1 0.374219 0.280556 0.010937 0.053704
1 0.251823 0.186574 0.010937 0.041667
1 0.443229 0.529630 0.020833 0.074074
1 0.462240 0.401389 0.017188 0.065741
0 0.473177 0.431944 0.005729 0.010185
