1 0.481250 0.508333 0.020833 0.072222
1 0.071094 0.572685 0.023438 0.093519
1 0.320573 0.588889 0.025521 0.079630
1 0.341146 0.503241 0.019792 0.076852
1 0.830729 0.806944 0.027083 0.102778
1 0.922656 0.466204 0.017188 0.071296
1 0.449219 0.566204 0.024479 0.073148
1 0.283333 0.399537 0.019792 0.062037
1 0.655208 0.203241 0.013542 0.043519
1 0.591667 0.368981 0.015625 0.069444
1 0.161979 0.352315 0.015625 0.062037
1 0.126823 0.431944 0.029687 0.069444
1 0.834635 0.292593 0.017188 0.053704
1 0.196615 0.261574 0.015104 0.050926
1 0.449219 0.311574 0.013021 0.050926
1 0.404687 0.326389 0.015625 0.056481
1 0.292448 0.605093 0.024479 0.086111
1 0.395573 0.220833 0.013021 0.045370
1 0.349219 0.259259 0.013021 0.048148
1 0.248177 0.175000 0.011979 0.040741
1 0.559635 0.395833 0.014063 0.065741
1 0.363281 0.399537 0.020313 0.062037
