1 0.511979 0.525000 0.016667 0.075926
1 0.119010 0.581944 0.016146 0.084259
1 0.476042 0.604167 0.022917 0.071296
1 0.247656 0.557407 0.014063 0.075926
1 0.861198 0.790278 0.025521 0.100926
1 0.910677 0.475000 0.016146 0.074074
1 0.452083 0.643981 0.016667 0.087963
1 0.281771 0.406944 0.012500 0.067593
1 0.680990 0.213889 0.010937 0.046296
1 0.615625 0.403241 0.009375 0.073148
1 0.157292 0.372222 0.016667 0.062963
1 0.117448 0.453241 0.014063 0.073148
1 0.835677 0.310648 0.014063 0.056481
1 0.216927 0.277315 0.009896 0.052778
1 0.537500 0.326852 0.012500 0.053704
1 0.412760 0.326852 0.009896 0.059259
1 0.262760 0.662500 0.031771 0.095370
1 0.474219 0.227778 0.010937 0.048148
1 0.373437 0.280556 0.011458 0.053704
1 0.251823 0.187037 0.010937 0.042593
1 0.447135 0.529167 0.025521 0.073148
1 0.464323 0.402315 0.015104 0.065741
0 0.472656 0.432870 0.005729 0.010185
