1 0.340365 0.461111 0.016146 0.075926
1 0.119531 0.429167 0.017188 0.071296
1 0.181510 0.455093 0.024479 0.060185
1 0.311719 0.407407 0.013021 0.070370
1 0.712240 0.786111 0.021354 0.100000
1 0.880469 0.427315 0.018229 0.071296
1 0.308854 0.496759 0.017708 0.071296
1 0.303646 0.293981 0.019792 0.056481
1 0.604167 0.188889 0.012500 0.042593
1 0.569531 0.291204 0.016146 0.060185
1 0.205729 0.276389 0.010417 0.058333
1 0.169010 0.339352 0.020313 0.058333
1 0.813802 0.236574 0.011979 0.049074
1 0.256510 0.210648 0.009896 0.047222
1 0.345573 0.260648 0.010937 0.054630
1 0.378385 0.264815 0.010937 0.053704
1 0.280990 0.469907 0.016146 0.078704
1 0.288542 0.193981 0.008333 0.047222
1 0.485417 0.198611 0.012500 0.037963
1 0.260937 0.154167 0.011458 0.039815
1 0.566956 0.294773 0.018380 0.048806
1 0.189583 0.354167 0.014583 0.058333
0 0.611380 0.213981 0.004323 0.007222
