1 0.342448 0.461574 0.016146 0.076852
1 0.120313 0.430556 0.018750 0.070370
1 0.182292 0.455556 0.022917 0.061111
1 0.312240 0.410648 0.014063 0.069444
1 0.713281 0.786111 0.024479 0.100000
1 0.883333 0.427315 0.014583 0.071296
1 0.311458 0.496296 0.018750 0.072222
1 0.303646 0.295833 0.018750 0.056481
1 0.603125 0.188426 0.012500 0.039815
1 0.572396 0.292130 0.012500 0.060185
1 0.205990 0.276389 0.009896 0.058333
1 0.171094 0.338889 0.022396 0.061111
1 0.813542 0.237037 0.011458 0.050000
1 0.255208 0.211111 0.010417 0.048148
1 0.347135 0.262500 0.010937 0.052778
1 0.377083 0.266667 0.012500 0.051852
1 0.280729 0.474537 0.016667 0.082407
1 0.288021 0.194907 0.008333 0.047222
1 0.480729 0.199537 0.009375 0.037963
1 0.261719 0.154630 0.011979 0.040741
1 0.563021 0.295370 0.015625 0.050000
1 0.190625 0.354630 0.013542 0.061111
0 0.610312 0.213148 0.004167 0.008333
