1 0.377865 0.471759 0.020313 0.075000
1 0.124740 0.460185 0.019271 0.077778
1 0.196354 0.475463 0.018750 0.069444
1 0.335417 0.428241 0.015625 0.069444
1 0.734635 0.786574 0.031771 0.099074
1 0.897396 0.434259 0.015625 0.072222
1 0.354948 0.509722 0.019271 0.073148
1 0.304688 0.320833 0.013542 0.060185
1 0.601823 0.190741 0.013021 0.051852
1 0.590625 0.304630 0.010417 0.061111
1 0.204427 0.288889 0.016146 0.059259
1 0.192969 0.354167 0.017188 0.062037
1 0.813281 0.244907 0.010937 0.052778
1 0.235937 0.217130 0.010417 0.047222
1 0.368229 0.274537 0.011458 0.050926
1 0.377083 0.281019 0.012500 0.054630
1 0.279167 0.510648 0.017708 0.086111
1 0.294010 0.200000 0.013021 0.044444
1 0.429427 0.207870 0.011979 0.047222
1 0.261719 0.155093 0.010937 0.039815
1 0.573958 0.304167 0.011458 0.062037
1 0.216927 0.370370 0.015104 0.064815
0 0.598177 0.212500 0.004687 0.008333
