1 0.372135 0.471759 0.018229 0.073148
1 0.125521 0.455556 0.020833 0.081481
1 0.192448 0.472222 0.017188 0.072222
1 0.332292 0.425926 0.013542 0.072222
1 0.733333 0.786574 0.033333 0.097222
1 0.896615 0.431944 0.013021 0.069444
1 0.348698 0.509259 0.016146 0.074074
1 0.303906 0.317593 0.015104 0.062963
1 0.601042 0.188426 0.013542 0.049074
1 0.587240 0.302778 0.011979 0.061111
1 0.203906 0.286111 0.014063 0.055556
1 0.190104 0.349537 0.020833 0.065741
1 0.813021 0.242593 0.010417 0.053704
1 0.240625 0.215741 0.012500 0.046296
1 0.365625 0.273611 0.011458 0.052778
1 0.376302 0.279167 0.010937 0.054630
1 0.280208 0.502315 0.017708 0.076852
1 0.292708 0.200000 0.011458 0.044444
1 0.436458 0.204630 0.010417 0.042593
1 0.262240 0.154630 0.011979 0.040741
1 0.571094 0.301852 0.013021 0.059259
1 0.212760 0.370833 0.014063 0.063889
0 0.597750 0.210185 0.004687 0.008333
