1 0.404948 0.477778 0.016146 0.075926
1 0.117448 0.483333 0.020313 0.077778
1 0.216667 0.493519 0.017708 0.074074
1 0.353646 0.437500 0.016667 0.071296
1 0.758333 0.791204 0.035417 0.100926
1 0.905729 0.439352 0.013542 0.075000
1 0.383333 0.519907 0.020833 0.078704
1 0.306250 0.343981 0.016667 0.063889
1 0.614062 0.186111 0.012500 0.042593
1 0.607292 0.313426 0.016667 0.060185
1 0.202083 0.302778 0.012500 0.057407
1 0.204687 0.368519 0.026042 0.061111
1 0.815365 0.253704 0.013021 0.051852
1 0.217448 0.225463 0.010937 0.043519
1 0.385677 0.287037 0.011979 0.057407
1 0.385417 0.287500 0.012500 0.058333
1 0.281250 0.533796 0.017708 0.087963
1 0.315104 0.201389 0.016667 0.045370
1 0.401302 0.218519 0.010937 0.044444
1 0.253646 0.154630 0.010417 0.042593
1 0.589583 0.318056 0.015625 0.060185
1 0.246354 0.380093 0.017708 0.069444
0 0.602344 0.236111 0.004687 0.009259
