1 0.328646 0.453241 0.015625 0.071296
1 0.123698 0.420370 0.014063 0.066667
1 0.160938 0.460648 0.017708 0.065741
1 0.310677 0.393519 0.013021 0.072222
1 0.711719 0.792593 0.022396 0.103704
1 0.880208 0.428704 0.020833 0.068519
1 0.285677 0.493519 0.019271 0.064815
1 0.304167 0.281481 0.011458 0.053704
1 0.613542 0.195370 0.015625 0.046296
1 0.569271 0.286111 0.015625 0.051852
1 0.206250 0.275463 0.013542 0.050926
1 0.177083 0.329167 0.021875 0.056481
1 0.820312 0.234259 0.014583 0.046296
1 0.262240 0.207870 0.008854 0.045370
1 0.338021 0.254630 0.009375 0.050000
1 0.388802 0.256944 0.010937 0.050926
1 0.283854 0.445370 0.016667 0.061111
1 0.288802 0.189815 0.008854 0.044444
1 0.520052 0.199537 0.015104 0.037963
1 0.261458 0.156019 0.013542 0.039815
1 0.586979 0.281481 0.016667 0.048148
1 0.189323 0.343981 0.013021 0.058333
0 0.617826 0.214773 0.004984 0.007806
