1 0.351823 0.466204 0.019271 0.073148
1 0.123958 0.437500 0.020833 0.078704
1 0.185938 0.458333 0.017708 0.070370
1 0.318490 0.416204 0.016146 0.069444
1 0.718229 0.785648 0.025000 0.099074
1 0.887500 0.430093 0.016667 0.071296
1 0.323437 0.500926 0.017708 0.075926
1 0.302604 0.302778 0.014583 0.061111
1 0.600260 0.190278 0.011979 0.045370
1 0.576042 0.298148 0.011458 0.064815
1 0.204948 0.279630 0.011979 0.053704
1 0.178385 0.339815 0.014063 0.066667
1 0.813281 0.236574 0.011979 0.052778
1 0.252865 0.212963 0.011979 0.046296
1 0.352083 0.265278 0.010417 0.052778
1 0.376042 0.270833 0.012500 0.052778
1 0.281250 0.483333 0.019792 0.074074
1 0.288281 0.194444 0.009896 0.048148
1 0.463281 0.200463 0.011979 0.041667
1 0.262760 0.154630 0.011979 0.040741
1 0.563802 0.293519 0.016146 0.055556
1 0.194792 0.362037 0.013542 0.066667
0 0.605208 0.210741 0.004167 0.006296
