1 0.329427 0.455093 0.017188 0.073148
1 0.122135 0.422222 0.017188 0.066667
1 0.163542 0.458333 0.013542 0.068519
1 0.310156 0.395833 0.013021 0.071296
1 0.711979 0.791667 0.020833 0.103704
1 0.879948 0.428241 0.019271 0.069444
1 0.288021 0.491204 0.020833 0.067593
1 0.303385 0.282407 0.010937 0.053704
1 0.611458 0.193519 0.017708 0.048148
1 0.568750 0.285648 0.014583 0.052778
1 0.206510 0.274074 0.013021 0.053704
1 0.174479 0.331481 0.020833 0.055556
1 0.819271 0.233796 0.013542 0.047222
1 0.261719 0.208333 0.008854 0.046296
1 0.338281 0.254630 0.008854 0.051852
1 0.387240 0.259722 0.010937 0.052778
1 0.283854 0.450000 0.016667 0.068519
1 0.288021 0.189815 0.009375 0.044444
1 0.516406 0.196296 0.010937 0.033333
1 0.260677 0.155556 0.013021 0.040741
1 0.584896 0.282407 0.013542 0.048148
1 0.188542 0.344907 0.012500 0.056481
0 0.617010 0.214542 0.004833 0.008065
