1 0.438021 0.483333 0.021875 0.072222
1 0.103646 0.510185 0.020833 0.090741
1 0.250781 0.520370 0.016146 0.077778
1 0.372135 0.451852 0.017188 0.070370
1 0.783333 0.790278 0.031250 0.100926
1 0.915365 0.446296 0.017188 0.070370
1 0.406771 0.534259 0.014583 0.079630
1 0.310417 0.365741 0.016667 0.064815
1 0.638021 0.186111 0.013542 0.044444
1 0.615104 0.328704 0.020833 0.059259
1 0.185417 0.313889 0.019792 0.057407
1 0.193750 0.378704 0.025000 0.072222
1 0.822135 0.263889 0.010937 0.051852
1 0.206510 0.235185 0.013021 0.048148
1 0.408073 0.292593 0.013021 0.053704
1 0.398438 0.297222 0.010417 0.059259
1 0.287500 0.556481 0.018750 0.081481
1 0.348958 0.203241 0.011458 0.047222
1 0.373437 0.231481 0.013542 0.040741
1 0.250521 0.156481 0.010417 0.040741
1 0.603906 0.332870 0.016146 0.060185
1 0.291667 0.387037 0.019792 0.066667
0 0.608073 0.278704 0.004687 0.009259
