1 0.330729 0.455093 0.017708 0.075000
1 0.121615 0.422685 0.018229 0.067593
1 0.165885 0.455556 0.013021 0.070370
1 0.310417 0.397685 0.013542 0.069444
1 0.711458 0.790741 0.019792 0.103704
1 0.879427 0.427778 0.018229 0.070370
1 0.290625 0.489352 0.018750 0.071296
1 0.302604 0.284259 0.011458 0.053704
1 0.609896 0.192130 0.014583 0.047222
1 0.569010 0.285648 0.014063 0.054630
1 0.206510 0.273148 0.011979 0.055556
1 0.172135 0.332870 0.019271 0.052778
1 0.819010 0.233333 0.011979 0.048148
1 0.261198 0.208333 0.008854 0.046296
1 0.339062 0.254630 0.008333 0.051852
1 0.385417 0.261111 0.012500 0.051852
1 0.283333 0.456944 0.016667 0.078704
1 0.288281 0.188426 0.008854 0.045370
1 0.510677 0.197222 0.011979 0.038889
1 0.260417 0.155556 0.012500 0.040741
1 0.583854 0.281944 0.013542 0.049074
1 0.188542 0.345370 0.012500 0.057407
0 0.616198 0.214315 0.004687 0.008333
