1 0.448437 0.483333 0.017708 0.075926
1 0.100260 0.520370 0.018229 0.081481
1 0.265104 0.526389 0.020833 0.076852
1 0.375260 0.456019 0.017188 0.067593
1 0.794271 0.792593 0.018750 0.101852
1 0.917708 0.449074 0.025000 0.072222
1 0.416927 0.536111 0.022396 0.079630
1 0.307812 0.362037 0.013542 0.061111
1 0.644531 0.187963 0.013021 0.042593
1 0.611458 0.327778 0.015625 0.061111
1 0.180990 0.319907 0.016146 0.056481
1 0.189844 0.386111 0.021354 0.070370
1 0.826562 0.266667 0.014583 0.055556
1 0.205469 0.238889 0.011979 0.050000
1 0.417448 0.292593 0.009896 0.053704
1 0.402604 0.300000 0.010417 0.059259
1 0.292448 0.562037 0.018229 0.090741
1 0.359635 0.204167 0.014063 0.045370
1 0.367969 0.238426 0.017188 0.045370
1 0.253646 0.156481 0.011458 0.040741
1 0.604688 0.337500 0.013542 0.063889
1 0.306510 0.385185 0.023438 0.066667
0 0.609635 0.297685 0.004687 0.008333
