1 0.417448 0.479167 0.021354 0.073148
1 0.113281 0.495370 0.016146 0.087037
1 0.227865 0.504630 0.018229 0.075926
1 0.360417 0.443981 0.016667 0.071296
1 0.765885 0.790278 0.024479 0.100926
1 0.907552 0.443519 0.017188 0.075926
1 0.391146 0.526389 0.013542 0.076852
1 0.311979 0.349537 0.015625 0.067593
1 0.623437 0.185648 0.012500 0.045370
1 0.610938 0.318519 0.014583 0.059259
1 0.197396 0.304167 0.015625 0.058333
1 0.207552 0.372685 0.023438 0.062037
1 0.817187 0.256019 0.010417 0.054630
1 0.212240 0.230556 0.011979 0.048148
1 0.395313 0.282870 0.010417 0.056481
1 0.390885 0.295370 0.013021 0.055556
1 0.283073 0.540741 0.018229 0.081481
1 0.327865 0.201389 0.010937 0.047222
1 0.390885 0.225926 0.011979 0.042593
1 0.250521 0.156944 0.013542 0.041667
1 0.597135 0.321759 0.016146 0.058333
1 0.261198 0.383796 0.017188 0.065741
0 0.604427 0.250000 0.004687 0.009259
