1 0.379427 0.472685 0.019271 0.076852
1 0.124740 0.461574 0.019271 0.076852
1 0.197917 0.475926 0.018750 0.070370
1 0.336719 0.428704 0.016146 0.068519
1 0.735938 0.786574 0.029167 0.099074
1 0.897656 0.434722 0.016146 0.073148
1 0.357292 0.509722 0.020833 0.075000
1 0.304688 0.321759 0.013542 0.060185
1 0.602344 0.191204 0.013021 0.050926
1 0.591927 0.305093 0.010937 0.062037
1 0.204427 0.290278 0.016146 0.060185
1 0.194010 0.354167 0.017188 0.062037
1 0.813281 0.245833 0.010937 0.052778
1 0.234115 0.218056 0.010937 0.047222
1 0.369010 0.274537 0.010937 0.050926
1 0.377604 0.281481 0.013542 0.053704
1 0.278646 0.512963 0.017708 0.087037
1 0.294792 0.199537 0.013542 0.045370
1 0.427865 0.209259 0.010937 0.048148
1 0.261719 0.156019 0.010937 0.039815
1 0.574740 0.306019 0.011979 0.063889
1 0.218490 0.370370 0.016146 0.064815
0 0.598437 0.214352 0.005208 0.008333
