1 0.397396 0.475463 0.021875 0.073148
1 0.118229 0.477778 0.019792 0.085185
1 0.210156 0.489352 0.017188 0.073148
1 0.348698 0.436111 0.014063 0.070370
1 0.754427 0.789352 0.028646 0.100926
1 0.903385 0.436574 0.014063 0.073148
1 0.375260 0.518056 0.019271 0.073148
1 0.306510 0.336574 0.014063 0.062037
1 0.608854 0.186574 0.013542 0.043519
1 0.602344 0.311111 0.014063 0.059259
1 0.203385 0.299074 0.011979 0.059259
1 0.203125 0.362500 0.022917 0.063889
1 0.815104 0.250926 0.013542 0.057407
1 0.221354 0.223148 0.014583 0.046296
1 0.378906 0.283796 0.008854 0.054630
1 0.383073 0.287500 0.011979 0.056481
1 0.279948 0.524537 0.018229 0.082407
1 0.308333 0.200926 0.008333 0.046296
1 0.407552 0.215278 0.014063 0.045370
1 0.255990 0.154630 0.009896 0.042593
1 0.586198 0.311574 0.016146 0.058333
1 0.236979 0.378241 0.020833 0.067593
0 0.601302 0.228704 0.004687 0.009259
