1 0.347135 0.464815 0.016146 0.077778
1 0.122656 0.433333 0.021354 0.077778
1 0.183073 0.454630 0.018229 0.064815
1 0.315365 0.412037 0.015104 0.066667
1 0.714583 0.785648 0.027083 0.099074
1 0.885938 0.427778 0.013542 0.070370
1 0.318229 0.497222 0.017708 0.077778
1 0.302344 0.297685 0.014063 0.056481
1 0.600781 0.188426 0.013021 0.041667
1 0.574740 0.295833 0.011979 0.062037
1 0.205469 0.278704 0.011979 0.055556
1 0.176302 0.338889 0.016146 0.064815
1 0.813542 0.236574 0.011458 0.050926
1 0.253646 0.212500 0.010417 0.047222
1 0.349740 0.263889 0.010937 0.051852
1 0.376563 0.267130 0.013542 0.052778
1 0.280729 0.481019 0.018750 0.075000
1 0.288021 0.194444 0.009375 0.048148
1 0.469531 0.198611 0.015104 0.039815
1 0.262760 0.154630 0.011979 0.040741
1 0.562760 0.295370 0.016146 0.051852
1 0.192708 0.357870 0.012500 0.065741
0 0.607474 0.212269 0.003802 0.006944
