1 0.340365 0.439352 0.011979 0.069444
1 0.155469 0.436574 0.019271 0.063889
1 0.136979 0.493519 0.012500 0.070370
1 0.328385 0.385648 0.010937 0.062037
1 0.747656 0.821759 0.031771 0.102778
1 0.928646 0.437037 0.018750 0.068519
1 0.303646 0.505093 0.025000 0.069444
1 0.315104 0.284722 0.014583 0.050926
1 0.624740 0.190278 0.011979 0.045370
1 0.611719 0.284722 0.022396 0.052778
1 0.242708 0.279630 0.012500 0.051852
1 0.242448 0.327778 0.023438 0.057407
1 0.853385 0.234259 0.014063 0.050000
1 0.273958 0.212963 0.010417 0.038889
1 0.349479 0.244444 0.013542 0.044444
1 0.436979 0.259259 0.016667 0.044444
1 0.304427 0.417593 0.016146 0.070370
1 0.303646 0.187037 0.012500 0.044444
1 0.571615 0.210185 0.013021 0.050000
1 0.285156 0.152778 0.008854 0.040741
1 0.669792 0.263889 0.020833 0.040741
1 0.221094 0.340741 0.011979 0.057407
0 0.827344 0.254630 0.005729 0.009259
