1 0.341406 0.438889 0.017188 0.068519
1 0.166667 0.444907 0.016667 0.060185
1 0.126823 0.512037 0.016146 0.074074
1 0.327344 0.397685 0.013021 0.058333
1 0.765365 0.830093 0.030729 0.104630
1 0.935937 0.441667 0.021875 0.072222
1 0.316406 0.510648 0.024479 0.071296
1 0.311198 0.290278 0.016146 0.054630
1 0.624740 0.184722 0.011979 0.045370
1 0.624479 0.283796 0.017708 0.056481
1 0.257812 0.278704 0.014583 0.055556
1 0.254167 0.332407 0.018750 0.059259
1 0.856250 0.233333 0.012500 0.050000
1 0.277604 0.211574 0.012500 0.039815
1 0.355990 0.242593 0.014063 0.046296
1 0.453125 0.256944 0.014583 0.049074
1 0.309115 0.407870 0.013021 0.065741
1 0.304167 0.187500 0.013542 0.045370
1 0.577344 0.211111 0.014063 0.050000
1 0.291667 0.153241 0.010417 0.037963
1 0.699740 0.256481 0.017188 0.046296
1 0.225521 0.342130 0.013542 0.060185
0 0.852604 0.253139 0.004604 0.008074
