1 0.341927 0.438889 0.019271 0.068519
1 0.165365 0.444444 0.016146 0.061111
1 0.129167 0.506481 0.017708 0.072222
1 0.327344 0.395370 0.013021 0.059259
1 0.762500 0.826389 0.023958 0.104630
1 0.936198 0.440741 0.021354 0.068519
1 0.314844 0.508796 0.021354 0.067593
1 0.312240 0.287500 0.015104 0.054630
1 0.626042 0.186574 0.011458 0.045370
1 0.622917 0.284259 0.012500 0.055556
1 0.254427 0.277315 0.019271 0.054630
1 0.252865 0.331019 0.021354 0.056481
1 0.856510 0.232870 0.010937 0.050926
1 0.276302 0.211111 0.015104 0.040741
1 0.355469 0.241667 0.016146 0.046296
1 0.449740 0.255556 0.018229 0.048148
1 0.308594 0.410185 0.015104 0.062963
1 0.304427 0.186574 0.013021 0.045370
1 0.577083 0.210648 0.012500 0.049074
1 0.290885 0.153241 0.010937 0.037963
1 0.692969 0.257407 0.021354 0.044444
1 0.225781 0.340278 0.014063 0.060185
0 0.853406 0.253472 0.004687 0.008333
