1 0.294271 0.425926 0.017708 0.061111
1 0.099479 0.499537 0.018750 0.076852
1 0.059896 0.580093 0.015625 0.075000
1 0.295312 0.393519 0.015625 0.062963
1 0.752344 0.813426 0.041146 0.104630
1 0.893490 0.406944 0.016146 0.071296
1 0.364583 0.487037 0.026042 0.070370
1 0.248438 0.291204 0.017708 0.062037
1 0.538281 0.134722 0.008854 0.041667
1 0.557552 0.263889 0.010937 0.057407
1 0.228385 0.258796 0.015104 0.052778
1 0.216927 0.337037 0.016146 0.062963
1 0.779427 0.200000 0.015104 0.046296
1 0.238802 0.187963 0.014063 0.040741
1 0.306250 0.220370 0.010417 0.046296
1 0.434115 0.242130 0.010937 0.049074
1 0.247396 0.374537 0.016667 0.063889
1 0.227344 0.160185 0.007812 0.046296
1 0.514583 0.183333 0.012500 0.042593
1 0.239063 0.124074 0.009375 0.038889
1 0.725260 0.209722 0.015104 0.043519
1 0.175521 0.340741 0.014583 0.062963
0 0.812240 0.278241 0.005729 0.008333
