1 0.309375 0.457870 0.014583 0.071296
1 0.101302 0.577778 0.020313 0.090741
1 0.081250 0.673148 0.020833 0.075926
1 0.334896 0.426389 0.013542 0.067593
1 0.811458 0.823611 0.034375 0.102778
1 0.904687 0.406019 0.021875 0.069444
1 0.455990 0.507870 0.024479 0.075000
1 0.253125 0.329167 0.014583 0.062037
1 0.513281 0.133333 0.013021 0.038889
1 0.552344 0.281944 0.011979 0.058333
1 0.221875 0.280556 0.013542 0.057407
1 0.201042 0.372222 0.019792 0.066667
1 0.778646 0.215741 0.011458 0.042593
1 0.245052 0.203241 0.011979 0.047222
1 0.298958 0.238889 0.010417 0.050000
1 0.439323 0.264352 0.015104 0.054630
1 0.261458 0.391667 0.015625 0.061111
1 0.231250 0.164815 0.011458 0.044444
1 0.476042 0.196759 0.011458 0.049074
1 0.239583 0.132407 0.011458 0.038889
1 0.759115 0.225926 0.015104 0.044444
1 0.180208 0.379167 0.015625 0.069444
0 0.880990 0.414815 0.005729 0.009259
