1 0.341667 0.436111 0.014583 0.066667
1 0.166146 0.456019 0.019792 0.071296
1 0.118490 0.521296 0.013021 0.074074
1 0.324479 0.398148 0.016667 0.057407
1 0.766146 0.832407 0.032292 0.107407
1 0.938281 0.443056 0.022396 0.073148
1 0.328906 0.511574 0.022396 0.063889
1 0.303385 0.293519 0.016146 0.053704
1 0.616927 0.179167 0.009896 0.045370
1 0.625260 0.283796 0.010937 0.054630
1 0.263542 0.275926 0.019792 0.055556
1 0.259896 0.333796 0.016667 0.060185
1 0.850000 0.233796 0.015625 0.047222
1 0.278906 0.209722 0.017188 0.041667
1 0.357812 0.238889 0.014583 0.046296
1 0.458073 0.256019 0.018229 0.050926
1 0.306510 0.403241 0.013021 0.067593
1 0.297135 0.186574 0.011979 0.045370
1 0.578385 0.211111 0.010937 0.050000
1 0.291406 0.150000 0.008854 0.037037
1 0.715625 0.252778 0.017708 0.046296
1 0.226042 0.342130 0.014583 0.060185
0 0.847380 0.256361 0.004687 0.008333
