1 0.341667 0.439352 0.015625 0.069444
1 0.159896 0.438426 0.022917 0.065741
1 0.135417 0.496759 0.014583 0.067593
1 0.328646 0.387037 0.012500 0.062963
1 0.753125 0.820833 0.026042 0.102778
1 0.932552 0.439352 0.015104 0.069444
1 0.305990 0.507407 0.024479 0.070370
1 0.314583 0.283796 0.014583 0.050926
1 0.624740 0.188889 0.011979 0.046296
1 0.614844 0.286111 0.022396 0.055556
1 0.245833 0.278704 0.012500 0.053704
1 0.246354 0.328704 0.018750 0.057407
1 0.855208 0.232870 0.012500 0.050926
1 0.275000 0.212963 0.012500 0.038889
1 0.351823 0.244444 0.010937 0.044444
1 0.441667 0.259722 0.010417 0.043519
1 0.305729 0.415278 0.018750 0.069444
1 0.303385 0.187037 0.010937 0.044444
1 0.573438 0.211574 0.010417 0.049074
1 0.286979 0.151852 0.009375 0.037037
1 0.676302 0.263889 0.020313 0.042593
1 0.222656 0.340741 0.009896 0.057407
0 0.839063 0.254630 0.005208 0.009259
