1 0.304427 0.438426 0.017188 0.071296
1 0.099740 0.534722 0.020313 0.078704
1 0.074219 0.627778 0.021354 0.085185
1 0.316667 0.413426 0.012500 0.065741
1 0.782552 0.816204 0.030729 0.106481
1 0.904948 0.402315 0.014063 0.069444
1 0.415885 0.491667 0.024479 0.068519
1 0.250521 0.309722 0.016667 0.060185
1 0.526563 0.131481 0.009375 0.040741
1 0.554167 0.270833 0.012500 0.062037
1 0.226302 0.269907 0.011979 0.054630
1 0.213281 0.351389 0.018229 0.063889
1 0.782813 0.206481 0.012500 0.046296
1 0.246094 0.193056 0.011979 0.045370
1 0.305208 0.227315 0.011458 0.049074
1 0.442188 0.251389 0.014583 0.052778
1 0.252344 0.381481 0.011979 0.057407
1 0.230208 0.161111 0.011458 0.042593
1 0.498437 0.189352 0.013542 0.047222
1 0.241406 0.126852 0.008854 0.035185
1 0.746354 0.212500 0.015625 0.045370
1 0.178125 0.358796 0.011458 0.060185
0 0.847135 0.350000 0.005729 0.009259
