1 0.309896 0.458796 0.013542 0.069444
1 0.100781 0.584722 0.020313 0.091667
1 0.081510 0.682407 0.020313 0.081481
1 0.336979 0.429167 0.017708 0.069444
1 0.814323 0.825463 0.033854 0.102778
1 0.903125 0.405093 0.021875 0.069444
1 0.459375 0.510648 0.015625 0.073148
1 0.252865 0.331944 0.016146 0.063889
1 0.510938 0.133796 0.013542 0.037963
1 0.552083 0.282870 0.011458 0.058333
1 0.219792 0.282870 0.013542 0.060185
1 0.198177 0.375463 0.019271 0.063889
1 0.776563 0.216667 0.011458 0.044444
1 0.244010 0.206019 0.011979 0.045370
1 0.297656 0.240278 0.009896 0.050926
1 0.436458 0.265741 0.011458 0.053704
1 0.261979 0.393056 0.015625 0.063889
1 0.230729 0.165278 0.012500 0.043519
1 0.471615 0.198148 0.009896 0.046296
1 0.237760 0.132407 0.010937 0.038889
1 0.759115 0.226852 0.014063 0.042593
1 0.180990 0.383333 0.016146 0.068519
0 0.885417 0.422222 0.006250 0.009259
