1 0.305729 0.441667 0.016667 0.070370
1 0.100000 0.543056 0.019792 0.087963
1 0.076042 0.634259 0.019792 0.081481
1 0.319271 0.412963 0.013542 0.062963
1 0.786458 0.818056 0.035417 0.106481
1 0.907292 0.402778 0.014583 0.070370
1 0.424219 0.494444 0.031771 0.070370
1 0.252344 0.313426 0.018229 0.062037
1 0.525260 0.131944 0.009896 0.041667
1 0.554167 0.273611 0.012500 0.062037
1 0.226562 0.269907 0.011458 0.054630
1 0.212240 0.354167 0.017188 0.065741
1 0.783594 0.208333 0.011979 0.044444
1 0.247396 0.194444 0.013542 0.046296
1 0.304427 0.230556 0.010937 0.048148
1 0.442448 0.254630 0.013021 0.053704
1 0.254427 0.382407 0.011979 0.059259
1 0.230729 0.162037 0.013542 0.042593
1 0.496615 0.190278 0.014063 0.047222
1 0.241667 0.128704 0.009375 0.037037
1 0.749479 0.214352 0.018750 0.045370
1 0.179167 0.361574 0.011458 0.063889
0 0.852344 0.358796 0.005729 0.008333
