1 0.330469 0.432407 0.018229 0.062963
1 0.147656 0.471296 0.016146 0.070370
1 0.098437 0.545370 0.014583 0.074074
1 0.316406 0.396759 0.017188 0.060185
1 0.765625 0.832407 0.035417 0.109259
1 0.927604 0.436574 0.020833 0.071296
1 0.345313 0.508333 0.025000 0.070370
1 0.291146 0.293056 0.016667 0.058333
1 0.594010 0.164352 0.009896 0.043519
1 0.612760 0.278241 0.011979 0.052778
1 0.261979 0.269907 0.017708 0.052778
1 0.255729 0.336111 0.015625 0.061111
1 0.833073 0.224074 0.017188 0.050000
1 0.272396 0.202315 0.013542 0.039815
1 0.347656 0.233333 0.011979 0.046296
1 0.457552 0.255556 0.009896 0.046296
1 0.290625 0.391204 0.019792 0.065741
1 0.276823 0.179167 0.008854 0.041667
1 0.564323 0.201389 0.009896 0.049074
1 0.279687 0.145370 0.009375 0.042593
1 0.732812 0.236574 0.014583 0.047222
1 0.215885 0.341667 0.015104 0.061111
0 0.830208 0.246296 0.004167 0.007407
