1 0.308854 0.455556 0.015625 0.074074
1 0.101302 0.569907 0.020313 0.084259
1 0.081510 0.669907 0.021354 0.082407
1 0.333073 0.425926 0.011979 0.064815
1 0.809115 0.821759 0.031771 0.100926
1 0.906771 0.407870 0.022917 0.067593
1 0.452083 0.504167 0.025000 0.071296
1 0.252604 0.327778 0.012500 0.062963
1 0.515885 0.132870 0.011979 0.039815
1 0.552604 0.281019 0.012500 0.060185
1 0.223438 0.280093 0.013542 0.056481
1 0.203646 0.368981 0.019792 0.067593
1 0.780208 0.214815 0.012500 0.042593
1 0.245833 0.201389 0.011458 0.047222
1 0.300260 0.238426 0.010937 0.050926
1 0.440885 0.262963 0.016146 0.055556
1 0.260417 0.391204 0.015625 0.062037
1 0.230469 0.164352 0.008854 0.043519
1 0.479687 0.194907 0.012500 0.049074
1 0.240625 0.132407 0.011458 0.038889
1 0.758594 0.223148 0.016146 0.046296
1 0.179948 0.376389 0.015104 0.065741
0 0.876563 0.406019 0.006250 0.010185
