1 0.355208 0.453241 0.026042 0.075000
1 0.100000 0.606481 0.018750 0.096296
1 0.104688 0.718056 0.025000 0.097222
1 0.352865 0.389352 0.013021 0.067593
1 0.845313 0.787963 0.022917 0.100000
1 0.838281 0.322222 0.019271 0.062963
1 0.470833 0.487500 0.021875 0.078704
1 0.280469 0.284722 0.017188 0.062037
1 0.523177 0.069907 0.010937 0.043519
1 0.645573 0.247222 0.011979 0.066667
1 0.236198 0.216204 0.015104 0.052778
1 0.165885 0.327778 0.015104 0.066667
1 0.751042 0.172685 0.013542 0.050926
1 0.261458 0.141667 0.010417 0.048148
1 0.351562 0.173611 0.009375 0.049074
1 0.405208 0.196296 0.008333 0.051852
1 0.363542 0.373611 0.017708 0.073148
1 0.308594 0.095833 0.013021 0.043519
1 0.431250 0.133333 0.014583 0.046296
1 0.275781 0.062037 0.010937 0.037037
1 0.650781 0.253241 0.018229 0.056481
1 0.216146 0.337500 0.018750 0.067593
0 0.823698 0.344907 0.005729 0.010185
