1 0.322656 0.438889 0.022396 0.075926
1 0.055990 0.627315 0.029687 0.099074
1 0.047656 0.741667 0.022396 0.103704
1 0.317448 0.381019 0.015104 0.065741
1 0.811719 0.754167 0.032813 0.097222
1 0.784375 0.294907 0.011458 0.063889
1 0.460677 0.473148 0.027604 0.075926
1 0.228646 0.281481 0.014583 0.064815
1 0.464062 0.059722 0.012500 0.039815
1 0.585417 0.225000 0.016667 0.061111
1 0.189844 0.210648 0.015104 0.054630
1 0.111719 0.334722 0.017188 0.073148
1 0.690365 0.155556 0.011979 0.051852
1 0.200781 0.139352 0.014063 0.047222
1 0.295573 0.176389 0.009896 0.050926
1 0.365365 0.192130 0.009896 0.052778
1 0.311198 0.362963 0.013021 0.072222
1 0.248177 0.089815 0.010937 0.042593
1 0.380208 0.121759 0.014583 0.043519
1 0.218229 0.056019 0.011458 0.037963
1 0.609375 0.227315 0.019792 0.049074
1 0.165104 0.336574 0.013542 0.071296
0 0.643229 0.275000 0.006250 0.009259
