1 0.307031 0.432407 0.019271 0.074074
1 0.058594 0.662500 0.032813 0.106481
1 0.036458 0.780093 0.020833 0.108333
1 0.316667 0.403704 0.015625 0.070370
1 0.810677 0.749537 0.033854 0.099074
1 0.748958 0.305556 0.019792 0.053704
1 0.482292 0.476852 0.022917 0.072222
1 0.210677 0.309259 0.018229 0.066667
1 0.421094 0.074074 0.011979 0.037037
1 0.504427 0.236111 0.014063 0.061111
1 0.149219 0.243056 0.013021 0.060185
1 0.091406 0.363889 0.021354 0.074074
1 0.669271 0.166204 0.015625 0.050926
1 0.162760 0.163889 0.009896 0.050000
1 0.250781 0.206019 0.014063 0.050926
1 0.353646 0.218981 0.011458 0.056481
1 0.263281 0.368056 0.015104 0.073148
1 0.191146 0.111574 0.011458 0.047222
1 0.351823 0.141667 0.015104 0.046296
1 0.177083 0.077315 0.010417 0.036111
1 0.649479 0.198148 0.018750 0.046296
1 0.134635 0.372685 0.015104 0.075000
0 0.700000 0.316204 0.007292 0.010185
