1 0.300000 0.446759 0.018750 0.075000
1 0.067187 0.628704 0.025000 0.087037
1 0.063542 0.758796 0.033333 0.099074
1 0.332552 0.423148 0.017188 0.068519
1 0.830208 0.783796 0.021875 0.108333
1 0.815104 0.350000 0.023958 0.066667
1 0.491927 0.488889 0.024479 0.077778
1 0.230208 0.331481 0.023958 0.064815
1 0.445312 0.096296 0.009375 0.038889
1 0.511719 0.258796 0.013021 0.063889
1 0.169010 0.266667 0.020313 0.061111
1 0.121354 0.371296 0.015625 0.072222
1 0.708594 0.188426 0.014063 0.049074
1 0.192708 0.185648 0.014583 0.049074
1 0.257552 0.221759 0.010937 0.050926
1 0.385937 0.242130 0.013542 0.056481
1 0.253906 0.382407 0.016146 0.068519
1 0.198958 0.134259 0.012500 0.044444
1 0.389062 0.165741 0.014583 0.048148
1 0.198698 0.100000 0.010937 0.037037
1 0.701042 0.209259 0.015625 0.044444
1 0.153385 0.384722 0.018229 0.069444
0 0.783854 0.364352 0.005208 0.008333
