1 0.320312 0.435185 0.016667 0.077778
1 0.049740 0.630556 0.024479 0.100000
1 0.039844 0.745833 0.023438 0.102778
1 0.315365 0.380556 0.013021 0.061111
1 0.806771 0.750000 0.031250 0.098148
1 0.777604 0.291667 0.011458 0.066667
1 0.457031 0.471759 0.022396 0.076852
1 0.223698 0.282870 0.009896 0.063889
1 0.456510 0.058796 0.011979 0.039815
1 0.577865 0.225000 0.017188 0.059259
1 0.183333 0.210648 0.012500 0.056481
1 0.105208 0.337500 0.015625 0.073148
1 0.683073 0.156019 0.014063 0.049074
1 0.192708 0.140741 0.013542 0.046296
1 0.289062 0.177778 0.010417 0.051852
1 0.360938 0.192130 0.012500 0.052778
1 0.304948 0.362037 0.014063 0.072222
1 0.239844 0.089815 0.009896 0.042593
1 0.372917 0.121296 0.013542 0.042593
1 0.211719 0.055556 0.009896 0.037037
1 0.608594 0.224537 0.019271 0.050926
1 0.159375 0.337963 0.014583 0.072222
0 0.613542 0.263426 0.006250 0.008333
