1 0.347135 0.450000 0.022396 0.075926
1 0.090625 0.607870 0.017708 0.095370
1 0.093750 0.718981 0.028125 0.095370
1 0.346875 0.387037 0.011458 0.068519
1 0.838802 0.781481 0.034896 0.098148
1 0.826562 0.316204 0.018750 0.063889
1 0.466146 0.485648 0.029167 0.076852
1 0.270313 0.282870 0.016667 0.062037
1 0.512240 0.068056 0.011979 0.041667
1 0.636719 0.240741 0.011979 0.062963
1 0.228385 0.212963 0.011979 0.055556
1 0.155729 0.327778 0.012500 0.068519
1 0.740104 0.169907 0.013542 0.050926
1 0.251042 0.140741 0.010417 0.048148
1 0.341406 0.173611 0.009896 0.049074
1 0.398698 0.194444 0.011979 0.053704
1 0.355990 0.370833 0.019271 0.071296
1 0.298698 0.094907 0.011979 0.041667
1 0.421354 0.131019 0.014583 0.045370
1 0.266406 0.059259 0.008854 0.035185
1 0.642969 0.247685 0.017188 0.058333
1 0.208073 0.335648 0.013021 0.067593
0 0.810417 0.339815 0.006250 0.009259
