1 0.301823 0.432407 0.015104 0.072222
1 0.057292 0.649537 0.030208 0.099074
1 0.046615 0.778704 0.027604 0.105556
1 0.319271 0.405556 0.017708 0.070370
1 0.817187 0.749074 0.020833 0.103704
1 0.756250 0.309259 0.022917 0.053704
1 0.485677 0.473611 0.022396 0.075000
1 0.212500 0.313426 0.016667 0.065741
1 0.422917 0.075926 0.007292 0.037037
1 0.996094 0.230556 0.006771 0.044444
1 0.500521 0.237963 0.015625 0.061111
1 0.151042 0.245370 0.017708 0.061111
1 0.096354 0.367593 0.027083 0.074074
1 0.674219 0.166667 0.010937 0.048148
1 0.165104 0.165741 0.012500 0.051852
1 0.247656 0.203704 0.013021 0.051852
1 0.357552 0.220833 0.014063 0.056481
1 0.257292 0.368056 0.013542 0.067593
1 0.189062 0.113426 0.011458 0.047222
1 0.353646 0.143519 0.013542 0.048148
1 0.178646 0.079167 0.012500 0.036111
1 0.658073 0.195370 0.015104 0.048148
1 0.140104 0.375926 0.019792 0.074074
0 0.744792 0.331481 0.008333 0.009259
