1 0.297135 0.433796 0.018229 0.076852
1 0.053906 0.641667 0.027604 0.100000
1 0.055208 0.779630 0.034375 0.111111
1 0.319271 0.402315 0.018750 0.073148
1 0.820312 0.761111 0.022917 0.103704
1 0.776563 0.318519 0.018750 0.066667
1 0.490625 0.481019 0.025000 0.071296
1 0.219010 0.314352 0.022396 0.069444
1 0.427865 0.078241 0.011979 0.037963
1 0.501042 0.238889 0.014583 0.061111
1 0.151823 0.248148 0.017188 0.061111
1 0.101042 0.362037 0.020833 0.072222
1 0.683594 0.168519 0.011979 0.050000
1 0.172917 0.168981 0.017708 0.050926
1 0.245573 0.206944 0.010937 0.050926
1 0.368229 0.225000 0.018750 0.055556
1 0.254167 0.368056 0.017708 0.071296
1 0.187760 0.115278 0.010937 0.045370
1 0.362240 0.144444 0.009896 0.050000
1 0.180469 0.081481 0.010937 0.037037
1 0.671875 0.194444 0.012500 0.046296
1 0.142448 0.377778 0.019271 0.074074
0 0.757031 0.337963 0.005729 0.009259
