1 0.324219 0.440278 0.024479 0.076852
1 0.058594 0.626852 0.030729 0.098148
1 0.050521 0.741204 0.022917 0.102778
1 0.318490 0.381944 0.015104 0.067593
1 0.814323 0.756481 0.031771 0.098148
1 0.787240 0.296296 0.011979 0.064815
1 0.461458 0.473148 0.027083 0.075926
1 0.230469 0.281481 0.016146 0.064815
1 0.466927 0.059722 0.011979 0.039815
1 0.588542 0.225926 0.015625 0.061111
1 0.191927 0.211111 0.016146 0.053704
1 0.113281 0.334259 0.017188 0.072222
1 0.693490 0.156019 0.011979 0.052778
1 0.203646 0.139352 0.013542 0.047222
1 0.298177 0.175463 0.009896 0.050926
1 0.366927 0.192130 0.008854 0.052778
1 0.313281 0.362963 0.013021 0.072222
1 0.250781 0.090278 0.010937 0.041667
1 0.382031 0.121759 0.014063 0.043519
1 0.220573 0.056019 0.011979 0.037963
1 0.611198 0.228704 0.017188 0.050000
1 0.167448 0.336574 0.013021 0.071296
0 0.652865 0.277315 0.006771 0.008333
