1 0.305208 0.459722 0.012500 0.073148
1 0.080990 0.629630 0.023438 0.098148
1 0.070833 0.758333 0.028125 0.105556
1 0.339844 0.430556 0.013021 0.068519
1 0.836719 0.803704 0.028646 0.103704
1 0.847396 0.377778 0.018750 0.062963
1 0.489323 0.511111 0.015104 0.075926
1 0.240885 0.340278 0.018229 0.069444
1 0.465885 0.112963 0.010937 0.038889
1 0.526823 0.272685 0.011979 0.060185
1 0.186719 0.278241 0.017188 0.060185
1 0.145573 0.384259 0.021354 0.070370
1 0.731510 0.204167 0.010937 0.047222
1 0.213021 0.200463 0.016667 0.047222
1 0.270573 0.235648 0.009896 0.050926
1 0.405208 0.257870 0.016667 0.054630
1 0.260156 0.392593 0.016146 0.066667
1 0.209635 0.150926 0.009896 0.044444
1 0.411979 0.183796 0.010417 0.047222
1 0.213802 0.117130 0.009896 0.037963
1 0.725260 0.221759 0.015104 0.045370
1 0.163281 0.397222 0.018229 0.072222
0 0.810677 0.388889 0.005729 0.009259
