1 0.300781 0.432870 0.014063 0.073148
1 0.057031 0.646296 0.029687 0.098148
1 0.049479 0.780093 0.031250 0.106481
1 0.319271 0.404630 0.017708 0.070370
1 0.817969 0.750463 0.020313 0.104630
1 0.761719 0.310185 0.018229 0.055556
1 0.487240 0.473611 0.024479 0.075000
1 0.213542 0.313426 0.017708 0.065741
1 0.423438 0.075926 0.007292 0.037037
1 0.996094 0.230556 0.006771 0.044444
1 0.500781 0.237500 0.016146 0.060185
1 0.151042 0.245833 0.017708 0.060185
1 0.097135 0.366204 0.026562 0.075000
1 0.675260 0.167593 0.009896 0.048148
1 0.166667 0.166204 0.014583 0.050926
1 0.247135 0.203704 0.011979 0.051852
1 0.358594 0.221759 0.014063 0.056481
1 0.256771 0.368056 0.013542 0.067593
1 0.188802 0.113889 0.011979 0.046296
1 0.354948 0.143981 0.011979 0.047222
1 0.178906 0.079167 0.011979 0.036111
1 0.661198 0.194444 0.015104 0.048148
1 0.141406 0.375926 0.020313 0.074074
0 0.750000 0.333796 0.005208 0.008333
