1 0.306250 0.431019 0.019792 0.073148
1 0.058333 0.661111 0.032292 0.105556
1 0.038281 0.778241 0.021354 0.106481
1 0.317708 0.404630 0.016667 0.070370
1 0.811458 0.748611 0.031250 0.100926
1 0.750000 0.306481 0.020833 0.053704
1 0.482812 0.475926 0.021875 0.074074
1 0.210938 0.309722 0.018750 0.067593
1 0.421354 0.074537 0.010417 0.036111
1 0.502865 0.236574 0.015104 0.060185
1 0.149479 0.243056 0.013542 0.060185
1 0.092708 0.365278 0.022917 0.075000
1 0.670312 0.165741 0.014583 0.050000
1 0.162760 0.164352 0.009896 0.050926
1 0.250000 0.206019 0.013542 0.050926
1 0.354427 0.218981 0.011979 0.056481
1 0.261719 0.368519 0.015104 0.072222
1 0.190625 0.112500 0.011458 0.047222
1 0.352344 0.142130 0.016146 0.047222
1 0.177083 0.077315 0.010417 0.034259
1 0.651042 0.197685 0.018750 0.045370
1 0.134896 0.373148 0.014583 0.074074
0 0.708594 0.318056 0.007812 0.010185
