1 0.364323 0.470370 0.018229 0.083333
1 0.132031 0.610185 0.018229 0.101852
1 0.131771 0.738426 0.027083 0.100926
1 0.371875 0.419907 0.018750 0.075000
1 0.865625 0.850463 0.040625 0.104630
1 0.874219 0.344444 0.018229 0.068519
1 0.457552 0.522685 0.026562 0.084259
1 0.310156 0.292593 0.011979 0.068519
1 0.569271 0.085185 0.010417 0.037037
1 0.675521 0.268519 0.012500 0.061111
1 0.265104 0.234722 0.015625 0.062037
1 0.198958 0.337963 0.015625 0.070370
1 0.798958 0.181481 0.009375 0.050000
1 0.296094 0.152778 0.017188 0.046296
1 0.384896 0.177778 0.009375 0.050000
1 0.429948 0.207870 0.010937 0.054630
1 0.388542 0.397685 0.016667 0.075000
1 0.346094 0.101389 0.008854 0.045370
1 0.466406 0.146759 0.008854 0.047222
1 0.320052 0.070370 0.009896 0.037037
1 0.678906 0.282407 0.016146 0.062963
1 0.246354 0.351389 0.019792 0.069444
0 0.853646 0.359259 0.006250 0.009259
