1 0.332031 0.471759 0.018229 0.080556
1 0.116146 0.572222 0.018750 0.100000
1 0.119531 0.701389 0.022396 0.100926
1 0.349740 0.392593 0.014063 0.074074
1 0.834635 0.882407 0.020313 0.112963
1 0.854167 0.341204 0.013542 0.063889
1 0.407031 0.529167 0.025521 0.082407
1 0.317708 0.279167 0.015625 0.063889
1 0.582031 0.092130 0.011979 0.039815
1 0.636979 0.288426 0.018750 0.067593
1 0.261979 0.232407 0.010417 0.062963
1 0.201302 0.333796 0.017188 0.073148
1 0.782031 0.183796 0.014063 0.052778
1 0.296094 0.152778 0.008854 0.050000
1 0.384115 0.172222 0.008854 0.051852
1 0.435417 0.197222 0.010417 0.053704
1 0.388281 0.408796 0.020313 0.075000
1 0.363802 0.098611 0.010937 0.043519
1 0.474219 0.143981 0.010937 0.050926
1 0.330469 0.076852 0.010937 0.040741
1 0.672396 0.272222 0.014583 0.066667
1 0.238021 0.332870 0.014583 0.069444
0 0.782292 0.235648 0.005208 0.010185
