1 0.369271 0.472222 0.021875 0.083333
1 0.133333 0.610648 0.016667 0.099074
1 0.134115 0.736574 0.028646 0.100926
1 0.374740 0.419907 0.017188 0.073148
1 0.865104 0.848611 0.040625 0.104630
1 0.876563 0.345833 0.019792 0.065741
1 0.460156 0.520833 0.022396 0.086111
1 0.310937 0.292593 0.010417 0.068519
1 0.570052 0.086111 0.008854 0.037037
1 0.677604 0.265278 0.012500 0.052778
1 0.266927 0.235648 0.018229 0.060185
1 0.201563 0.337500 0.016667 0.069444
1 0.800260 0.181944 0.008854 0.052778
1 0.297135 0.152778 0.016146 0.046296
1 0.387500 0.178241 0.009375 0.049074
1 0.431771 0.208333 0.011458 0.055556
1 0.390625 0.396759 0.013542 0.073148
1 0.347656 0.101389 0.009896 0.045370
1 0.466927 0.147222 0.008854 0.046296
1 0.321094 0.071296 0.009896 0.037037
1 0.682031 0.281944 0.015104 0.063889
1 0.248438 0.351389 0.019792 0.069444
0 0.854688 0.360185 0.005208 0.009259
