1 0.332292 0.470833 0.017708 0.082407
1 0.109635 0.569444 0.020313 0.100000
1 0.111979 0.713426 0.022917 0.106481
1 0.342708 0.399537 0.014583 0.073148
1 0.836979 0.877778 0.041667 0.112963
1 0.852083 0.332407 0.015625 0.066667
1 0.409896 0.526852 0.017708 0.088889
1 0.305990 0.280093 0.013021 0.067593
1 0.572396 0.086111 0.010417 0.040741
1 0.641927 0.281944 0.022396 0.067593
1 0.251302 0.234259 0.015104 0.061111
1 0.191667 0.335648 0.012500 0.075000
1 0.778646 0.178704 0.020833 0.048148
1 0.285938 0.151389 0.010417 0.050926
1 0.376563 0.169444 0.009375 0.051852
1 0.427344 0.198611 0.013021 0.054630
1 0.382031 0.404630 0.016146 0.075926
1 0.350781 0.096296 0.009896 0.044444
1 0.468490 0.139815 0.009896 0.048148
1 0.320312 0.071759 0.009375 0.037963
1 0.670573 0.270370 0.017188 0.061111
1 0.229167 0.337963 0.014583 0.068519
0 0.784375 0.253704 0.005208 0.009259
