1 0.334375 0.470370 0.018750 0.079630
1 0.112760 0.585648 0.025521 0.102778
1 0.108333 0.723148 0.023958 0.101852
1 0.341927 0.408796 0.015104 0.075000
1 0.839583 0.868519 0.021875 0.111111
1 0.851823 0.329630 0.020313 0.066667
1 0.417448 0.524537 0.020313 0.089815
1 0.301302 0.286574 0.017188 0.067593
1 0.569271 0.083333 0.012500 0.040741
1 0.647396 0.277315 0.018750 0.067593
1 0.248438 0.231019 0.012500 0.062037
1 0.186198 0.339815 0.015104 0.074074
1 0.779687 0.175926 0.010417 0.050000
1 0.282031 0.147685 0.008854 0.050926
1 0.371615 0.169907 0.009896 0.052778
1 0.422917 0.201389 0.012500 0.052778
1 0.379427 0.406019 0.018229 0.078704
1 0.343490 0.094444 0.009896 0.044444
1 0.464062 0.138889 0.008333 0.048148
1 0.314063 0.069444 0.010417 0.038889
1 0.666927 0.275000 0.013021 0.059259
1 0.225260 0.343519 0.015104 0.072222
0 0.794271 0.275926 0.005208 0.009259
