1 0.325521 0.452778 0.018750 0.081481
1 0.138021 0.509722 0.019792 0.087963
1 0.132292 0.648148 0.022917 0.090741
1 0.366667 0.356481 0.014583 0.068519
1 0.807552 0.883333 0.023438 0.111111
1 0.848698 0.348611 0.017188 0.071296
1 0.375000 0.506019 0.018750 0.084259
1 0.341927 0.260648 0.016146 0.065741
1 0.590885 0.094444 0.008854 0.040741
1 0.611979 0.278241 0.016667 0.063889
1 0.287500 0.218519 0.010417 0.059259
1 0.227865 0.303704 0.016146 0.068519
1 0.788542 0.189352 0.017708 0.043519
1 0.318490 0.143981 0.009896 0.049074
1 0.399219 0.163426 0.008854 0.050926
1 0.456250 0.189352 0.010417 0.052778
1 0.395573 0.400000 0.015104 0.075926
1 0.389844 0.094907 0.010937 0.039815
1 0.476823 0.141204 0.013021 0.047222
1 0.347917 0.079630 0.011458 0.042593
1 0.664062 0.258796 0.016667 0.060185
1 0.250260 0.305556 0.015104 0.064815
0 0.764062 0.207870 0.005208 0.010185
