1 0.323958 0.450926 0.018750 0.079630
1 0.138802 0.507870 0.020313 0.086111
1 0.130990 0.646296 0.022396 0.090741
1 0.367188 0.354167 0.013542 0.071296
1 0.804167 0.881481 0.031250 0.111111
1 0.846875 0.348148 0.020833 0.070370
1 0.372135 0.503241 0.019271 0.087963
1 0.342187 0.257870 0.015625 0.065741
1 0.590365 0.093056 0.008854 0.041667
1 0.608073 0.277315 0.014063 0.065741
1 0.287760 0.218519 0.011979 0.057407
1 0.229167 0.301852 0.015625 0.066667
1 0.784635 0.187963 0.019271 0.044444
1 0.319271 0.143056 0.010417 0.047222
1 0.398438 0.162500 0.008333 0.049074
1 0.456510 0.187963 0.009896 0.053704
1 0.395313 0.399074 0.014583 0.075926
1 0.390625 0.093056 0.010417 0.041667
1 0.475260 0.139352 0.011979 0.047222
1 0.347917 0.078704 0.010417 0.042593
1 0.661198 0.258796 0.013021 0.060185
1 0.249219 0.304167 0.014063 0.065741
0 0.760156 0.206481 0.004687 0.009259
