1 0.344792 0.474074 0.023958 0.079630
1 0.118229 0.591204 0.021875 0.097222
1 0.115104 0.733333 0.031250 0.103704
1 0.349479 0.412963 0.017708 0.075926
1 0.845833 0.860185 0.041667 0.105556
1 0.855469 0.329630 0.016146 0.061111
1 0.429427 0.524537 0.020313 0.087963
1 0.301042 0.284259 0.016667 0.070370
1 0.565625 0.082407 0.007292 0.038889
1 0.655729 0.270833 0.012500 0.065741
1 0.250521 0.234722 0.015625 0.060185
1 0.185677 0.337500 0.015104 0.075000
1 0.785417 0.176389 0.018750 0.049074
1 0.282031 0.149537 0.010937 0.049074
1 0.373698 0.170370 0.009896 0.051852
1 0.420573 0.201389 0.009896 0.054630
1 0.379688 0.400926 0.018750 0.077778
1 0.340885 0.094444 0.009896 0.044444
1 0.463021 0.138889 0.007292 0.048148
1 0.313021 0.068056 0.008333 0.039815
1 0.667969 0.273611 0.010937 0.065741
1 0.228646 0.347685 0.015625 0.073148
0 0.820312 0.314815 0.006250 0.009259
