1 0.331510 0.472685 0.015104 0.078704
1 0.109635 0.575463 0.023438 0.100926
1 0.108854 0.719907 0.021875 0.102778
1 0.341406 0.405556 0.014063 0.079630
1 0.833594 0.873148 0.035937 0.111111
1 0.852083 0.331019 0.014583 0.063889
1 0.413281 0.521759 0.017188 0.089815
1 0.302604 0.284259 0.015625 0.066667
1 0.570833 0.085185 0.012500 0.038889
1 0.641927 0.280556 0.018229 0.066667
1 0.249219 0.232870 0.014063 0.062037
1 0.188021 0.337037 0.013542 0.072222
1 0.779167 0.175926 0.016667 0.051852
1 0.282813 0.148148 0.008333 0.051852
1 0.373177 0.169444 0.008854 0.051852
1 0.423698 0.199537 0.013021 0.054630
1 0.380469 0.406019 0.018229 0.078704
1 0.345833 0.093981 0.009375 0.045370
1 0.465885 0.138889 0.008854 0.048148
1 0.316146 0.069907 0.010417 0.039815
1 0.667969 0.272685 0.014063 0.063889
1 0.225521 0.338889 0.014583 0.072222
0 0.789062 0.264815 0.005208 0.009259
