1 0.360156 0.470833 0.017188 0.084259
1 0.129167 0.606944 0.018750 0.102778
1 0.128125 0.738426 0.028125 0.100926
1 0.365625 0.415278 0.014583 0.071296
1 0.864062 0.851389 0.032292 0.106481
1 0.869271 0.337963 0.020833 0.064815
1 0.454427 0.522685 0.026562 0.084259
1 0.308073 0.294907 0.015104 0.067593
1 0.567969 0.084259 0.013021 0.037037
1 0.670573 0.269907 0.013021 0.062037
1 0.259896 0.233796 0.010417 0.063889
1 0.194792 0.337037 0.012500 0.072222
1 0.796875 0.182407 0.016667 0.048148
1 0.292708 0.150926 0.015625 0.048148
1 0.382292 0.175926 0.010417 0.051852
1 0.427865 0.208333 0.010937 0.055556
1 0.386979 0.399074 0.020833 0.075926
1 0.344531 0.100463 0.008854 0.045370
1 0.465365 0.145370 0.007812 0.046296
1 0.318229 0.069907 0.010417 0.037963
1 0.675260 0.282407 0.017188 0.062963
1 0.240625 0.349074 0.017708 0.072222
0 0.852344 0.358333 0.005729 0.009259
