1 0.351562 0.475463 0.025000 0.080556
1 0.122396 0.590741 0.021875 0.100000
1 0.119531 0.735185 0.025521 0.107407
1 0.355469 0.410648 0.015104 0.075000
1 0.851562 0.854630 0.025000 0.109259
1 0.857812 0.333796 0.022917 0.062037
1 0.438281 0.518056 0.016146 0.089815
1 0.303385 0.292130 0.016146 0.069444
1 0.567448 0.082870 0.011979 0.037963
1 0.661458 0.268981 0.011458 0.062037
1 0.252344 0.234722 0.011979 0.060185
1 0.190104 0.336574 0.016667 0.073148
1 0.791146 0.178704 0.017708 0.046296
1 0.285156 0.147685 0.008854 0.050926
1 0.376823 0.172685 0.008854 0.050926
1 0.422135 0.203704 0.013021 0.055556
1 0.384375 0.400926 0.022917 0.075926
1 0.341667 0.095833 0.009375 0.045370
1 0.463802 0.139815 0.007812 0.048148
1 0.314844 0.067593 0.008854 0.040741
1 0.670052 0.274537 0.010937 0.065741
1 0.232031 0.344907 0.014063 0.075000
0 0.843490 0.346296 0.006771 0.011111
