1 0.334375 0.466667 0.016667 0.077778
1 0.126042 0.551389 0.018750 0.102778
1 0.128906 0.684259 0.021354 0.096296
1 0.358073 0.383796 0.013021 0.076852
1 0.834635 0.889815 0.036979 0.107407
1 0.858073 0.345833 0.018229 0.065741
1 0.400000 0.518056 0.020833 0.080556
1 0.330469 0.273611 0.016146 0.063889
1 0.590365 0.094907 0.014063 0.041667
1 0.631250 0.288889 0.012500 0.066667
1 0.275781 0.229630 0.014063 0.059259
1 0.215104 0.324074 0.012500 0.070370
1 0.789323 0.187963 0.009896 0.050000
1 0.308854 0.152778 0.010417 0.048148
1 0.395313 0.170370 0.008333 0.050000
1 0.447917 0.197222 0.010417 0.055556
1 0.396615 0.407870 0.017188 0.075000
1 0.377865 0.100926 0.009896 0.040741
1 0.481510 0.145370 0.011979 0.048148
1 0.342187 0.080093 0.010417 0.041667
1 0.675781 0.270833 0.013021 0.062037
1 0.246875 0.326852 0.015625 0.072222
0 0.785417 0.221296 0.005208 0.009259
