1 0.334115 0.466204 0.015104 0.076852
1 0.127344 0.548611 0.019271 0.102778
1 0.129427 0.681944 0.021354 0.099074
1 0.359375 0.380556 0.012500 0.075926
1 0.833073 0.890278 0.035937 0.106481
1 0.858333 0.346296 0.015625 0.064815
1 0.398958 0.518056 0.018750 0.078704
1 0.332031 0.273148 0.016146 0.062963
1 0.591406 0.095370 0.013021 0.040741
1 0.630990 0.288426 0.013021 0.069444
1 0.276823 0.228241 0.013021 0.060185
1 0.216667 0.323148 0.011458 0.072222
1 0.790365 0.187963 0.008854 0.050000
1 0.309896 0.152315 0.010417 0.049074
1 0.396354 0.170370 0.008333 0.050000
1 0.449479 0.195833 0.010417 0.054630
1 0.396354 0.406944 0.015625 0.075000
1 0.379427 0.100000 0.009896 0.040741
1 0.482031 0.145833 0.010937 0.047222
1 0.343750 0.080093 0.010417 0.041667
1 0.676302 0.270370 0.014063 0.062963
1 0.247917 0.325463 0.015625 0.073148
0 0.785937 0.219444 0.005208 0.009259
