1 0.377604 0.474074 0.025000 0.081481
1 0.137500 0.607407 0.017708 0.096296
1 0.141146 0.732407 0.028125 0.100000
1 0.379688 0.415278 0.010417 0.069444
1 0.872396 0.841667 0.022917 0.105556
1 0.884896 0.348611 0.023958 0.067593
1 0.473177 0.512037 0.013021 0.083333
1 0.316927 0.296759 0.011979 0.065741
1 0.572656 0.087037 0.010937 0.038889
1 0.682552 0.267593 0.016146 0.057407
1 0.269792 0.233796 0.015625 0.058333
1 0.205990 0.338426 0.017188 0.069444
1 0.803125 0.186574 0.014583 0.052778
1 0.301302 0.152778 0.009896 0.048148
1 0.391667 0.181019 0.010417 0.049074
1 0.437240 0.210648 0.007812 0.054630
1 0.396615 0.395370 0.011979 0.072222
1 0.351042 0.104167 0.011458 0.045370
1 0.469271 0.148148 0.010417 0.046296
1 0.323177 0.072685 0.008854 0.036111
1 0.687500 0.285185 0.016667 0.061111
1 0.250781 0.350463 0.017188 0.071296
0 0.856510 0.361574 0.005729 0.008333
