1 0.318229 0.448148 0.013542 0.081481
1 0.141406 0.497222 0.020313 0.096296
1 0.129427 0.635185 0.020313 0.100000
1 0.368229 0.342130 0.013542 0.069444
1 0.794531 0.881019 0.034896 0.104630
1 0.841146 0.349537 0.013542 0.067593
1 0.364063 0.498148 0.015625 0.079630
1 0.344531 0.254630 0.016146 0.062963
1 0.589583 0.093981 0.012500 0.037963
1 0.601042 0.269907 0.017708 0.065741
1 0.290365 0.215741 0.014063 0.059259
1 0.233333 0.294444 0.012500 0.068519
1 0.777604 0.187037 0.015625 0.046296
1 0.321615 0.138889 0.009896 0.050000
1 0.397135 0.159259 0.008854 0.050000
1 0.457813 0.181944 0.011458 0.054630
1 0.395313 0.398148 0.017708 0.075926
1 0.393229 0.090741 0.012500 0.040741
1 0.471094 0.137500 0.011979 0.049074
1 0.349219 0.077778 0.008854 0.040741
1 0.654687 0.253704 0.017708 0.061111
1 0.248438 0.293056 0.013542 0.063889
0 0.751042 0.203704 0.005208 0.009259
