1 0.336979 0.470833 0.018750 0.084259
1 0.116406 0.593519 0.022396 0.098148
1 0.108594 0.728704 0.026562 0.109259
1 0.345573 0.408796 0.018229 0.073148
1 0.844531 0.864352 0.028646 0.108333
1 0.853385 0.329167 0.015104 0.065741
1 0.424219 0.528241 0.026562 0.086111
1 0.300260 0.283333 0.016146 0.068519
1 0.566146 0.083333 0.010417 0.038889
1 0.650260 0.273148 0.017188 0.064815
1 0.248698 0.231019 0.010937 0.063889
1 0.184375 0.339815 0.014583 0.074074
1 0.782031 0.176852 0.016146 0.048148
1 0.282813 0.148611 0.011458 0.049074
1 0.371354 0.169907 0.009375 0.052778
1 0.421094 0.199537 0.008854 0.056481
1 0.378646 0.403704 0.017708 0.079630
1 0.341406 0.094907 0.008854 0.045370
1 0.463542 0.138889 0.010417 0.048148
1 0.312240 0.068056 0.009896 0.039815
1 0.667448 0.277315 0.013021 0.063889
1 0.227344 0.345370 0.017188 0.068519
0 0.803906 0.290741 0.005729 0.009259
