1 0.332552 0.472685 0.016146 0.078704
1 0.110156 0.578704 0.023438 0.101852
1 0.108594 0.720833 0.022396 0.100926
1 0.341667 0.406944 0.013542 0.078704
1 0.835156 0.871296 0.031771 0.111111
1 0.852344 0.330556 0.016146 0.064815
1 0.414583 0.522222 0.018750 0.090741
1 0.302083 0.285648 0.016667 0.067593
1 0.570573 0.084722 0.013021 0.039815
1 0.642969 0.280093 0.017188 0.065741
1 0.248958 0.232870 0.013542 0.062037
1 0.186979 0.337963 0.013542 0.072222
1 0.779687 0.175926 0.013542 0.051852
1 0.282552 0.147222 0.007812 0.051852
1 0.372656 0.169907 0.008854 0.052778
1 0.422917 0.200000 0.012500 0.053704
1 0.379948 0.406019 0.018229 0.078704
1 0.344792 0.093981 0.009375 0.045370
1 0.465104 0.138426 0.008333 0.049074
1 0.315625 0.069444 0.010417 0.038889
1 0.667188 0.273611 0.013542 0.062037
1 0.225000 0.342593 0.014583 0.077778
0 0.790625 0.268056 0.005208 0.010185
