1 0.377344 0.473611 0.024479 0.080556
1 0.137760 0.607407 0.018229 0.096296
1 0.141927 0.732407 0.028646 0.100000
1 0.380469 0.412037 0.009896 0.066667
1 0.874479 0.840741 0.020833 0.105556
1 0.885938 0.349537 0.020833 0.065741
1 0.475260 0.512500 0.011979 0.082407
1 0.317708 0.297222 0.013542 0.064815
1 0.572656 0.087037 0.011979 0.038889
1 0.683594 0.268981 0.016146 0.060185
1 0.270052 0.232870 0.015104 0.058333
1 0.206250 0.338426 0.016667 0.069444
1 0.803646 0.187963 0.015625 0.051852
1 0.301302 0.152778 0.009896 0.048148
1 0.391667 0.181944 0.009375 0.049074
1 0.437760 0.210648 0.008854 0.054630
1 0.397656 0.395833 0.014063 0.073148
1 0.351562 0.105093 0.011458 0.045370
1 0.469792 0.148611 0.012500 0.047222
1 0.323437 0.074074 0.009375 0.035185
1 0.688281 0.285185 0.019271 0.061111
1 0.251302 0.350463 0.016146 0.071296
0 0.856510 0.362037 0.005729 0.009259
