1 0.372135 0.458333 0.017188 0.079630
1 0.122135 0.600463 0.016146 0.097222
1 0.128906 0.719444 0.022396 0.096296
1 0.373958 0.401852 0.019792 0.062963
1 0.859635 0.814815 0.035937 0.100000
1 0.866927 0.343056 0.016146 0.063889
1 0.476302 0.496759 0.019271 0.075000
1 0.303125 0.290278 0.009375 0.063889
1 0.551823 0.079630 0.007812 0.040741
1 0.671354 0.253241 0.012500 0.056481
1 0.261458 0.223611 0.017708 0.054630
1 0.192969 0.332407 0.014063 0.066667
1 0.783594 0.180093 0.010937 0.050926
1 0.289844 0.148148 0.015104 0.046296
1 0.377344 0.177778 0.009896 0.048148
1 0.427865 0.204167 0.010937 0.052778
1 0.384896 0.382870 0.014583 0.069444
1 0.334896 0.100463 0.008333 0.045370
1 0.453125 0.139352 0.008333 0.049074
1 0.304167 0.068056 0.009375 0.034259
1 0.675781 0.267130 0.013021 0.062037
1 0.241146 0.343981 0.015625 0.069444
0 0.841146 0.353704 0.005208 0.009259
