1 0.333854 0.470833 0.021875 0.078704
1 0.114323 0.573611 0.019271 0.099074
1 0.116667 0.705556 0.023958 0.096296
1 0.346875 0.398611 0.014583 0.076852
1 0.838021 0.878241 0.023958 0.113889
1 0.853385 0.336574 0.021354 0.065741
1 0.409375 0.532407 0.027083 0.085185
1 0.313281 0.278241 0.014063 0.065741
1 0.578385 0.088889 0.014063 0.040741
1 0.638542 0.286574 0.012500 0.065741
1 0.258073 0.234259 0.011979 0.061111
1 0.198177 0.335185 0.016146 0.070370
1 0.779427 0.182407 0.013021 0.050000
1 0.292969 0.153241 0.010937 0.049074
1 0.381250 0.171759 0.008333 0.050926
1 0.432031 0.200000 0.010937 0.055556
1 0.386198 0.406019 0.015104 0.075000
1 0.358854 0.098611 0.010417 0.043519
1 0.471615 0.143056 0.009896 0.049074
1 0.327344 0.074074 0.009896 0.038889
1 0.671094 0.272685 0.015104 0.062037
1 0.234896 0.337037 0.013542 0.070370
0 0.782292 0.242593 0.005208 0.009259
