1 0.358333 0.454167 0.026042 0.075000
1 0.103125 0.606019 0.019792 0.097222
1 0.108073 0.718056 0.024479 0.097222
1 0.354687 0.391204 0.014583 0.065741
1 0.847396 0.791204 0.018750 0.100926
1 0.842708 0.324074 0.017708 0.064815
1 0.471354 0.488426 0.018750 0.080556
1 0.283854 0.285648 0.016667 0.062037
1 0.526563 0.070833 0.010417 0.043519
1 0.648698 0.248611 0.011979 0.065741
1 0.239063 0.217130 0.016667 0.052778
1 0.169531 0.328704 0.015104 0.066667
1 0.755208 0.173611 0.012500 0.050926
1 0.264844 0.142130 0.010937 0.047222
1 0.354687 0.174074 0.009375 0.050000
1 0.408333 0.196759 0.008333 0.052778
1 0.365625 0.374537 0.015625 0.073148
1 0.311719 0.096296 0.011979 0.042593
1 0.434115 0.134259 0.014063 0.046296
1 0.279167 0.062500 0.010417 0.037963
1 0.654427 0.255556 0.018229 0.057407
1 0.219271 0.338426 0.019792 0.067593
0 0.825521 0.345370 0.006250 0.009259
