1 0.318490 0.448611 0.013021 0.078704
1 0.140885 0.500000 0.020313 0.096296
1 0.129427 0.637500 0.020313 0.100926
1 0.367969 0.343056 0.013021 0.069444
1 0.796875 0.881019 0.035417 0.106481
1 0.842187 0.349537 0.013542 0.067593
1 0.365365 0.498611 0.016146 0.080556
1 0.344271 0.255556 0.016667 0.062963
1 0.589583 0.093519 0.012500 0.038889
1 0.601823 0.271296 0.017188 0.068519
1 0.289844 0.216204 0.014063 0.058333
1 0.232292 0.295833 0.012500 0.069444
1 0.780469 0.187037 0.018229 0.046296
1 0.320833 0.139352 0.009375 0.049074
1 0.397396 0.159722 0.009375 0.050926
1 0.457813 0.182407 0.011458 0.055556
1 0.395052 0.399074 0.017188 0.075926
1 0.392708 0.090278 0.011458 0.041667
1 0.471354 0.137963 0.010417 0.048148
1 0.348698 0.077778 0.008854 0.040741
1 0.655729 0.255093 0.015625 0.062037
1 0.248438 0.294444 0.013542 0.064815
0 0.752344 0.204167 0.004687 0.008333
