1 0.331250 0.472685 0.014583 0.080556
1 0.109635 0.573148 0.023438 0.101852
1 0.109375 0.718519 0.021875 0.103704
1 0.341927 0.404167 0.014063 0.078704
1 0.833594 0.874537 0.039062 0.110185
1 0.851562 0.331481 0.012500 0.062963
1 0.411979 0.522685 0.016667 0.089815
1 0.303385 0.282870 0.015104 0.065741
1 0.571354 0.085648 0.011458 0.037963
1 0.641927 0.281019 0.019271 0.065741
1 0.249479 0.234722 0.014583 0.062037
1 0.188802 0.336574 0.013021 0.073148
1 0.778385 0.175926 0.019271 0.050000
1 0.283333 0.149074 0.008333 0.050000
1 0.373958 0.169907 0.008333 0.052778
1 0.424740 0.199074 0.013021 0.055556
1 0.380990 0.406481 0.018229 0.079630
1 0.346875 0.094444 0.009375 0.044444
1 0.466406 0.138889 0.009896 0.048148
1 0.316927 0.070370 0.009896 0.038889
1 0.668750 0.271759 0.014583 0.063889
1 0.226042 0.337500 0.014583 0.069444
0 0.787760 0.261574 0.004687 0.008333
