1 0.314583 0.436574 0.016667 0.082407
1 0.150521 0.474537 0.022917 0.091667
1 0.132812 0.609259 0.020833 0.092593
1 0.373698 0.327315 0.015104 0.065741
1 0.776302 0.876852 0.026562 0.111111
1 0.834635 0.351852 0.014063 0.072222
1 0.353385 0.486574 0.019271 0.080556
1 0.354687 0.247685 0.016667 0.062037
1 0.591927 0.094907 0.011979 0.037963
1 0.592448 0.265278 0.016146 0.060185
1 0.296615 0.207407 0.009896 0.059259
1 0.242448 0.283796 0.015104 0.067593
1 0.761198 0.184259 0.019271 0.042593
1 0.332031 0.134259 0.008854 0.048148
1 0.401302 0.153241 0.008854 0.050926
1 0.463542 0.177315 0.009375 0.050926
1 0.395833 0.389815 0.016667 0.075926
1 0.397396 0.089815 0.011458 0.038889
1 0.467187 0.133796 0.010417 0.045370
1 0.358333 0.077315 0.010417 0.039815
1 0.645052 0.245833 0.017188 0.060185
1 0.254688 0.282407 0.012500 0.064815
0 0.741667 0.200000 0.005208 0.009259
