1 0.327083 0.413426 0.013542 0.075000
1 0.173958 0.431019 0.019792 0.082407
1 0.152604 0.546296 0.018750 0.083333
1 0.392969 0.298148 0.013021 0.062963
1 0.733073 0.866667 0.036979 0.111111
1 0.825521 0.361111 0.012500 0.068519
1 0.345833 0.458796 0.015625 0.076852
1 0.389062 0.233333 0.015625 0.061111
1 0.631510 0.109259 0.009896 0.040741
1 0.576042 0.258796 0.011458 0.063889
1 0.321875 0.207407 0.014583 0.059259
1 0.283073 0.262963 0.016146 0.061111
1 0.718490 0.178704 0.021354 0.048148
1 0.366667 0.135185 0.013542 0.044444
1 0.425000 0.151389 0.009375 0.045370
1 0.486198 0.170833 0.011979 0.052778
1 0.406250 0.363426 0.014583 0.073148
1 0.414062 0.098148 0.011458 0.038889
1 0.469010 0.134722 0.008854 0.045370
1 0.390885 0.085648 0.011979 0.037963
1 0.633073 0.234722 0.014063 0.054630
1 0.298438 0.250463 0.018750 0.058333
0 0.693490 0.199074 0.004687 0.009259
