1 0.316146 0.440741 0.018750 0.077778
1 0.147656 0.483796 0.022396 0.086111
1 0.130729 0.621296 0.020833 0.094444
1 0.371354 0.334259 0.014583 0.072222
1 0.782552 0.876389 0.031771 0.117593
1 0.837500 0.350926 0.020833 0.068519
1 0.358594 0.489352 0.022396 0.082407
1 0.349740 0.249537 0.014063 0.063889
1 0.590104 0.093519 0.008333 0.038889
1 0.594792 0.265741 0.014583 0.066667
1 0.294010 0.210185 0.013021 0.059259
1 0.236979 0.289352 0.014583 0.067593
1 0.768750 0.184259 0.016667 0.042593
1 0.326562 0.136574 0.009375 0.049074
1 0.399479 0.155093 0.008333 0.049074
1 0.460156 0.181019 0.009896 0.049074
1 0.393750 0.391667 0.015625 0.075926
1 0.397396 0.090741 0.015625 0.038889
1 0.467448 0.134722 0.007812 0.047222
1 0.353646 0.076852 0.010417 0.038889
1 0.646875 0.251852 0.013542 0.061111
1 0.251302 0.288889 0.013021 0.066667
0 0.744271 0.201852 0.005208 0.009259
