1 0.323437 0.422222 0.018750 0.074074
1 0.167187 0.449074 0.020833 0.081481
1 0.145313 0.578241 0.021875 0.093519
1 0.386458 0.312037 0.013542 0.068519
1 0.753385 0.873148 0.030729 0.118519
1 0.832292 0.356944 0.020833 0.069444
1 0.351042 0.471296 0.021875 0.081481
1 0.375521 0.237963 0.014583 0.061111
1 0.610677 0.100926 0.010937 0.038889
1 0.584115 0.259259 0.019271 0.064815
1 0.311198 0.206481 0.009896 0.059259
1 0.260937 0.274074 0.020833 0.068519
1 0.737500 0.181019 0.013542 0.049074
1 0.352344 0.131944 0.008854 0.047222
1 0.415104 0.150926 0.009375 0.048148
1 0.477604 0.171759 0.010417 0.050926
1 0.403125 0.374074 0.017708 0.070370
1 0.407031 0.093056 0.011979 0.037963
1 0.466927 0.134259 0.011979 0.046296
1 0.380208 0.081481 0.011458 0.038889
1 0.638542 0.241667 0.014583 0.062963
1 0.279167 0.262963 0.013542 0.061111
0 0.719271 0.200000 0.006250 0.011111
