1 0.357812 0.376852 0.016667 0.064815
1 0.212760 0.366667 0.024479 0.062963
1 0.185677 0.420833 0.022396 0.062037
1 0.418490 0.280556 0.016146 0.057407
1 0.652604 0.806944 0.018750 0.106481
1 0.792448 0.356481 0.017188 0.064815
1 0.353646 0.409722 0.021875 0.067593
1 0.424740 0.220833 0.016146 0.050926
1 0.695573 0.150926 0.013021 0.040741
1 0.550781 0.248148 0.018229 0.055556
1 0.335677 0.197685 0.014063 0.047222
1 0.304948 0.245370 0.023438 0.061111
1 0.658594 0.207407 0.008854 0.048148
1 0.395313 0.166667 0.010417 0.037037
1 0.442188 0.176852 0.016667 0.038889
1 0.517708 0.192130 0.016667 0.045370
1 0.420312 0.330556 0.018750 0.066667
1 0.445052 0.133796 0.011979 0.037963
1 0.500260 0.156019 0.015104 0.043519
1 0.406250 0.113889 0.011458 0.031481
1 0.645052 0.208333 0.010937 0.046296
1 0.288281 0.209259 0.014063 0.048148
1 0.017969 0.240278 0.017188 0.056481
0 0.419010 0.149537 0.006771 0.010185
