1 0.315104 0.434259 0.016667 0.081481
1 0.153646 0.467130 0.023958 0.086111
1 0.134375 0.606019 0.020833 0.089815
1 0.375521 0.326389 0.014583 0.067593
1 0.771094 0.875463 0.023438 0.112037
1 0.833854 0.351389 0.020833 0.073148
1 0.351042 0.483333 0.017708 0.085185
1 0.357292 0.244444 0.015625 0.064815
1 0.594271 0.096296 0.008333 0.037037
1 0.588802 0.262963 0.011979 0.064815
1 0.298438 0.209259 0.012500 0.057407
1 0.246354 0.281944 0.013542 0.065741
1 0.758073 0.183796 0.018229 0.041667
1 0.335677 0.134259 0.009896 0.046296
1 0.403385 0.152315 0.008854 0.050926
1 0.466406 0.177778 0.009896 0.053704
1 0.396875 0.387500 0.015625 0.073148
1 0.398958 0.089352 0.012500 0.039815
1 0.466406 0.133333 0.008854 0.044444
1 0.361719 0.077778 0.009896 0.040741
1 0.643229 0.247222 0.013542 0.059259
1 0.258594 0.282407 0.014063 0.062963
0 0.740625 0.200463 0.005208 0.010185
