1 0.328906 0.407407 0.018229 0.072222
1 0.177083 0.421296 0.019792 0.081481
1 0.155990 0.528704 0.018229 0.081481
1 0.396354 0.294907 0.013542 0.063889
1 0.718750 0.864815 0.027083 0.112963
1 0.821615 0.362037 0.022396 0.068519
1 0.345313 0.454167 0.017708 0.082407
1 0.395313 0.229167 0.014583 0.060185
1 0.640104 0.112963 0.009375 0.040741
1 0.572135 0.257870 0.017188 0.062037
1 0.323698 0.204630 0.010937 0.057407
1 0.287760 0.257407 0.020313 0.062963
1 0.708073 0.181944 0.015104 0.049074
1 0.368229 0.135185 0.008333 0.046296
1 0.427083 0.151389 0.008333 0.045370
1 0.488542 0.169907 0.008333 0.049074
1 0.407292 0.356944 0.018750 0.067593
1 0.416406 0.100000 0.008854 0.042593
1 0.470052 0.135185 0.007812 0.044444
1 0.395573 0.086574 0.009896 0.041667
1 0.631510 0.227315 0.014063 0.052778
1 0.304427 0.245833 0.014063 0.056481
0 0.684375 0.199074 0.005208 0.009259
