1 0.351042 0.376389 0.016667 0.062037
1 0.205208 0.375926 0.022917 0.070370
1 0.181510 0.431944 0.023438 0.067593
1 0.414323 0.281944 0.017188 0.054630
1 0.650781 0.816667 0.025521 0.116667
1 0.789583 0.359722 0.014583 0.069444
1 0.350521 0.414352 0.019792 0.063889
1 0.420052 0.222685 0.014063 0.050926
1 0.686719 0.145370 0.008854 0.044444
1 0.547656 0.250463 0.011979 0.058333
1 0.329948 0.200926 0.015104 0.048148
1 0.300000 0.246759 0.019792 0.060185
1 0.653385 0.202778 0.008854 0.044444
1 0.391667 0.162963 0.015625 0.040741
1 0.437240 0.175000 0.011979 0.038889
1 0.510156 0.188426 0.011979 0.047222
1 0.414323 0.332870 0.017188 0.063889
1 0.439844 0.128704 0.011979 0.038889
1 0.491146 0.153704 0.012500 0.044444
1 0.402344 0.111111 0.006771 0.031481
1 0.638021 0.208796 0.010417 0.045370
1 0.288281 0.209722 0.015104 0.045370
1 0.007292 0.243056 0.012500 0.054630
