1 0.323698 0.420370 0.016146 0.077778
1 0.169010 0.444907 0.021354 0.087963
1 0.146875 0.567593 0.020833 0.085185
1 0.389062 0.306944 0.014583 0.063889
1 0.749219 0.872685 0.031771 0.113889
1 0.829948 0.358796 0.014063 0.071296
1 0.348698 0.468981 0.020313 0.078704
1 0.380208 0.237963 0.015625 0.061111
1 0.616667 0.103241 0.010417 0.039815
1 0.581510 0.260648 0.014063 0.063889
1 0.314323 0.207407 0.010937 0.057407
1 0.267448 0.270370 0.017188 0.064815
1 0.733073 0.181019 0.021354 0.047222
1 0.357031 0.132870 0.008854 0.045370
1 0.418229 0.150926 0.008333 0.046296
1 0.480208 0.173611 0.008333 0.050926
1 0.404167 0.371759 0.017708 0.076852
1 0.409635 0.095370 0.010937 0.038889
1 0.467969 0.135648 0.007812 0.047222
1 0.383854 0.082870 0.009375 0.036111
1 0.638542 0.237500 0.013542 0.056481
1 0.285156 0.260185 0.014063 0.059259
0 0.710417 0.199074 0.005208 0.009259
