1 0.325000 0.416667 0.016667 0.077778
1 0.171354 0.439352 0.022917 0.087963
1 0.148438 0.564352 0.018750 0.089815
1 0.389844 0.306481 0.014063 0.064815
1 0.742969 0.871759 0.022396 0.110185
1 0.830208 0.358796 0.017708 0.075000
1 0.346615 0.466667 0.016146 0.081481
1 0.382812 0.235185 0.014583 0.062963
1 0.621615 0.104630 0.009896 0.040741
1 0.580729 0.260185 0.014583 0.066667
1 0.315885 0.209259 0.013021 0.055556
1 0.273438 0.269444 0.013542 0.064815
1 0.727865 0.181481 0.014063 0.048148
1 0.359896 0.134259 0.012500 0.044444
1 0.421094 0.151389 0.008854 0.045370
1 0.482812 0.172685 0.009375 0.050926
1 0.405469 0.367130 0.017188 0.073148
1 0.410938 0.096296 0.011458 0.038889
1 0.468490 0.135185 0.009896 0.048148
1 0.386719 0.083796 0.008854 0.034259
1 0.637760 0.237963 0.009896 0.057407
1 0.289323 0.257407 0.014063 0.062963
0 0.704167 0.200000 0.005208 0.009259
