1 0.355990 0.376852 0.017188 0.066667
1 0.210938 0.369444 0.025000 0.066667
1 0.185417 0.423148 0.023958 0.062963
1 0.416406 0.281019 0.015104 0.056481
1 0.651823 0.807870 0.020313 0.106481
1 0.791406 0.356944 0.018229 0.065741
1 0.352865 0.411111 0.021354 0.068519
1 0.423438 0.221759 0.015625 0.052778
1 0.692969 0.150000 0.011979 0.040741
1 0.549740 0.248611 0.017188 0.056481
1 0.334375 0.197222 0.015625 0.046296
1 0.303906 0.245370 0.023438 0.061111
1 0.656771 0.206481 0.008333 0.048148
1 0.393750 0.165741 0.011458 0.038889
1 0.441406 0.176389 0.016146 0.039815
1 0.515625 0.191204 0.016667 0.045370
1 0.418750 0.331944 0.018750 0.067593
1 0.443750 0.132870 0.012500 0.037963
1 0.497917 0.155556 0.014583 0.042593
1 0.405990 0.114352 0.011979 0.032407
1 0.643229 0.208333 0.010417 0.046296
1 0.287500 0.210185 0.012500 0.048148
1 0.014844 0.240741 0.017188 0.057407
0 0.425000 0.148148 0.005208 0.009259
