1 0.331250 0.391204 0.015625 0.073148
1 0.183073 0.396759 0.021354 0.076852
1 0.166146 0.476852 0.018750 0.074074
1 0.405990 0.282407 0.016146 0.059259
1 0.675781 0.852315 0.030729 0.119444
1 0.802083 0.362037 0.014583 0.070370
1 0.346094 0.429167 0.018229 0.073148
1 0.410156 0.226389 0.020313 0.054630
1 0.664844 0.128704 0.009896 0.042593
1 0.555208 0.249074 0.013542 0.061111
1 0.325000 0.207407 0.010417 0.051852
1 0.294531 0.248148 0.015104 0.061111
1 0.664583 0.186574 0.019792 0.041667
1 0.380469 0.146759 0.015104 0.045370
1 0.431771 0.157407 0.010417 0.042593
1 0.500260 0.176852 0.011979 0.040741
1 0.404427 0.341667 0.016146 0.066667
1 0.426823 0.112500 0.009896 0.039815
1 0.473698 0.141667 0.008854 0.046296
1 0.402344 0.100926 0.009896 0.031481
1 0.632031 0.204167 0.015104 0.049074
1 0.305729 0.222222 0.019792 0.046296
