1 0.320052 0.427315 0.016146 0.082407
1 0.163281 0.456019 0.020313 0.089815
1 0.140885 0.587500 0.019271 0.087963
1 0.382292 0.315741 0.013542 0.064815
1 0.759115 0.875926 0.032813 0.107407
1 0.832812 0.355093 0.016667 0.071296
1 0.350000 0.476852 0.015625 0.079630
1 0.368490 0.240741 0.014063 0.062963
1 0.603385 0.097685 0.011979 0.039815
1 0.585417 0.260648 0.011458 0.063889
1 0.308854 0.208333 0.014583 0.057407
1 0.256250 0.275463 0.016667 0.065741
1 0.744792 0.178704 0.018750 0.046296
1 0.347135 0.132407 0.011979 0.048148
1 0.411458 0.150926 0.008333 0.046296
1 0.473698 0.174537 0.011979 0.052778
1 0.402865 0.375000 0.019271 0.074074
1 0.404687 0.092130 0.013542 0.037963
1 0.467187 0.134259 0.007292 0.046296
1 0.373958 0.079630 0.010417 0.040741
1 0.640104 0.243056 0.017708 0.058333
1 0.272917 0.271759 0.015625 0.062037
0 0.731510 0.200463 0.005729 0.010185
