1 0.324219 0.418981 0.016146 0.078704
1 0.169792 0.444444 0.021875 0.090741
1 0.147396 0.566667 0.019792 0.085185
1 0.389323 0.306944 0.015104 0.063889
1 0.747656 0.872685 0.028646 0.112037
1 0.829688 0.358796 0.014583 0.073148
1 0.347656 0.468981 0.018229 0.078704
1 0.380990 0.237500 0.015104 0.062037
1 0.618229 0.103704 0.010417 0.040741
1 0.580990 0.261111 0.014063 0.064815
1 0.314844 0.208796 0.011979 0.056481
1 0.269271 0.269907 0.016667 0.063889
1 0.731771 0.181019 0.019792 0.047222
1 0.358073 0.133333 0.009896 0.044444
1 0.419271 0.150926 0.008333 0.046296
1 0.480990 0.173611 0.008854 0.050926
1 0.404687 0.369907 0.017708 0.076852
1 0.410156 0.095833 0.011979 0.037963
1 0.467969 0.135648 0.007812 0.047222
1 0.384896 0.083796 0.009375 0.034259
1 0.638281 0.237963 0.011979 0.057407
1 0.286719 0.260185 0.014063 0.061111
0 0.708333 0.199537 0.005208 0.010185
