1 0.386979 0.372222 0.017708 0.064815
1 0.228125 0.351389 0.026042 0.063889
1 0.191667 0.395370 0.019792 0.068519
1 0.441667 0.281481 0.015625 0.055556
1 0.676042 0.782407 0.020833 0.103704
1 0.827083 0.353704 0.014583 0.061111
1 0.366406 0.405556 0.017188 0.070370
1 0.444792 0.216667 0.012500 0.050000
1 0.740885 0.167593 0.014063 0.042593
1 0.569271 0.246296 0.013542 0.057407
1 0.364323 0.186111 0.011979 0.040741
1 0.313281 0.248148 0.016146 0.055556
1 0.703385 0.222685 0.013021 0.058333
1 0.415885 0.175000 0.013021 0.046296
1 0.452865 0.187037 0.011979 0.044444
1 0.551042 0.199537 0.014583 0.049074
1 0.442448 0.325463 0.019271 0.065741
1 0.474479 0.144444 0.012500 0.042593
1 0.537760 0.164352 0.013021 0.045370
1 0.420312 0.119907 0.010417 0.032407
1 0.703906 0.222685 0.013021 0.058333
1 0.286198 0.197222 0.011979 0.050000
1 0.068490 0.233796 0.018229 0.050926
0 0.388542 0.168519 0.004167 0.007407
