1 0.416667 0.390278 0.015625 0.063889
1 0.226042 0.368981 0.020833 0.065741
1 0.196094 0.382870 0.015104 0.056481
1 0.457031 0.310648 0.011979 0.049074
1 0.712500 0.763889 0.020833 0.109259
1 0.869271 0.370370 0.012500 0.062963
1 0.380469 0.421759 0.011979 0.067593
1 0.453646 0.239352 0.014583 0.050926
1 0.766927 0.212037 0.014063 0.042593
1 0.596354 0.264815 0.010417 0.048148
1 0.392708 0.204167 0.017708 0.039815
1 0.311198 0.276852 0.021354 0.051852
1 0.764323 0.264815 0.011979 0.051852
1 0.437240 0.206944 0.013021 0.039815
1 0.462760 0.213426 0.009896 0.041667
1 0.570833 0.233796 0.015625 0.045370
1 0.459375 0.344907 0.013542 0.060185
1 0.499479 0.180093 0.009375 0.041667
1 0.547917 0.202315 0.011458 0.041667
1 0.435937 0.152778 0.009375 0.033333
1 0.775781 0.262963 0.009896 0.051852
1 0.283333 0.212500 0.011458 0.039815
1 0.095573 0.260185 0.015104 0.042593
0 0.494427 0.174722 0.004573 0.006019
