1 0.382292 0.370833 0.017708 0.069444
1 0.225000 0.355093 0.020833 0.065741
1 0.192188 0.396296 0.017708 0.062963
1 0.438542 0.278241 0.015625 0.052778
1 0.671615 0.787037 0.023438 0.112963
1 0.821354 0.354167 0.013542 0.067593
1 0.364323 0.405093 0.018229 0.067593
1 0.442708 0.215741 0.014583 0.050000
1 0.733594 0.162500 0.010937 0.039815
1 0.564844 0.244907 0.016146 0.058333
1 0.360677 0.187500 0.016146 0.047222
1 0.314063 0.244444 0.022917 0.059259
1 0.697396 0.215741 0.011458 0.051852
1 0.413802 0.173611 0.014063 0.043519
1 0.452083 0.183796 0.013542 0.043519
1 0.545573 0.197222 0.010937 0.046296
1 0.438021 0.325463 0.015625 0.062037
1 0.471354 0.140741 0.011458 0.042593
1 0.531771 0.160648 0.011458 0.039815
1 0.419271 0.116204 0.011458 0.032407
1 0.690365 0.214352 0.009896 0.052778
1 0.288802 0.197685 0.016146 0.047222
1 0.061719 0.231944 0.020313 0.050926
0 0.368229 0.178241 0.004167 0.008333
