1 0.372396 0.371759 0.019792 0.067593
1 0.221615 0.361111 0.026562 0.066667
1 0.190625 0.405556 0.022917 0.061111
1 0.426823 0.277778 0.010937 0.051852
1 0.660937 0.797222 0.023958 0.109259
1 0.804427 0.353241 0.019271 0.067593
1 0.358594 0.406481 0.015104 0.068519
1 0.433594 0.216667 0.016146 0.050000
1 0.715365 0.154630 0.011979 0.040741
1 0.557031 0.245833 0.017188 0.058333
1 0.350000 0.188889 0.017708 0.046296
1 0.310156 0.240741 0.017188 0.062963
1 0.675781 0.214352 0.008854 0.049074
1 0.405729 0.168056 0.012500 0.039815
1 0.448437 0.178704 0.016667 0.042593
1 0.532031 0.190741 0.010937 0.048148
1 0.429948 0.326389 0.016146 0.065741
1 0.457552 0.134722 0.011979 0.043519
1 0.514844 0.155556 0.011979 0.046296
1 0.414940 0.116759 0.013036 0.023148
1 0.663281 0.209722 0.014063 0.047222
1 0.289844 0.201389 0.017188 0.047222
1 0.038281 0.233796 0.014063 0.056481
0 0.377344 0.167593 0.005729 0.009259
