1 0.366406 0.374074 0.016146 0.068519
1 0.217708 0.363889 0.021875 0.061111
1 0.189062 0.414815 0.022917 0.068519
1 0.425000 0.278704 0.015625 0.055556
1 0.657292 0.801852 0.019792 0.114815
1 0.799740 0.355093 0.013021 0.067593
1 0.355729 0.406944 0.016667 0.065741
1 0.428125 0.218519 0.011458 0.051852
1 0.708333 0.153704 0.011458 0.040741
1 0.554688 0.247685 0.011458 0.058333
1 0.345833 0.191667 0.015625 0.046296
1 0.307552 0.243056 0.015104 0.063889
1 0.668750 0.212963 0.012500 0.048148
1 0.401562 0.167130 0.019792 0.039815
1 0.444792 0.177315 0.013542 0.039815
1 0.526563 0.191667 0.011458 0.044444
1 0.424740 0.328704 0.013021 0.061111
1 0.452865 0.133333 0.013021 0.040741
1 0.508594 0.155556 0.011979 0.044444
1 0.410417 0.115278 0.011458 0.034259
1 0.656250 0.209722 0.012500 0.045370
1 0.288281 0.204167 0.013021 0.047222
1 0.030729 0.236574 0.014583 0.058333
0 0.392266 0.159375 0.005729 0.008954
