1 0.414844 0.390278 0.014063 0.065741
1 0.226302 0.366204 0.020313 0.065741
1 0.194792 0.381481 0.016667 0.057407
1 0.457292 0.306019 0.013542 0.047222
1 0.708854 0.766667 0.021875 0.109259
1 0.868229 0.369907 0.011458 0.063889
1 0.379948 0.420370 0.013021 0.066667
1 0.453906 0.238426 0.015104 0.050926
1 0.766927 0.210648 0.011979 0.043519
1 0.596615 0.261574 0.013021 0.049074
1 0.391927 0.201389 0.019271 0.039815
1 0.312760 0.274537 0.018229 0.054630
1 0.760677 0.262037 0.013021 0.051852
1 0.434896 0.205556 0.015625 0.040741
1 0.461719 0.212500 0.009896 0.041667
1 0.572396 0.232407 0.014583 0.046296
1 0.458854 0.343981 0.013542 0.058333
1 0.498958 0.175926 0.009375 0.042593
1 0.549740 0.199074 0.014063 0.040741
1 0.433854 0.150000 0.010417 0.035185
1 0.772656 0.259722 0.009896 0.050926
1 0.283073 0.210185 0.013021 0.040741
1 0.096354 0.257870 0.016667 0.045370
0 0.493229 0.175926 0.004167 0.007407
