1 0.389323 0.375000 0.014063 0.066667
1 0.227865 0.352778 0.025521 0.064815
1 0.191927 0.387963 0.021354 0.061111
1 0.445833 0.284259 0.016667 0.057407
1 0.678906 0.781019 0.018229 0.104630
1 0.831771 0.356019 0.011458 0.063889
1 0.368490 0.406019 0.019271 0.069444
1 0.448177 0.218519 0.013021 0.050000
1 0.745573 0.172685 0.013021 0.043519
1 0.573438 0.248148 0.014583 0.061111
1 0.367448 0.187037 0.010937 0.040741
1 0.314844 0.249537 0.020313 0.056481
1 0.709896 0.232870 0.011458 0.052778
1 0.418229 0.179630 0.015625 0.044444
1 0.454948 0.188426 0.015104 0.037963
1 0.554688 0.202778 0.011458 0.048148
1 0.444271 0.325926 0.018750 0.061111
1 0.478385 0.149074 0.013021 0.042593
1 0.540104 0.168981 0.009375 0.043519
1 0.421875 0.121759 0.009375 0.032407
1 0.710417 0.232870 0.011458 0.052778
1 0.286198 0.194907 0.015104 0.045370
1 0.071875 0.234259 0.015625 0.051852
0 0.403385 0.165278 0.004687 0.008333
