1 0.425260 0.396759 0.018229 0.063889
1 0.228385 0.365741 0.011979 0.062963
1 0.216667 0.380556 0.012500 0.057407
1 0.458073 0.323148 0.016146 0.055556
1 0.730990 0.754630 0.021354 0.107407
1 0.886979 0.377778 0.013542 0.064815
1 0.389062 0.425000 0.016667 0.066667
1 0.455990 0.247222 0.016146 0.046296
1 0.770573 0.226852 0.015104 0.040741
1 0.601042 0.276389 0.011458 0.047222
1 0.398438 0.216667 0.013542 0.042593
1 0.323958 0.287963 0.010417 0.050000
1 0.790625 0.279167 0.011458 0.050926
1 0.460938 0.210648 0.011458 0.037963
1 0.473958 0.227315 0.012500 0.045370
1 0.574740 0.247685 0.017188 0.047222
1 0.473958 0.354167 0.013542 0.062037
1 0.510417 0.196759 0.010417 0.037963
1 0.546615 0.213889 0.009896 0.044444
1 0.454948 0.165741 0.010937 0.037037
1 0.800000 0.280093 0.010417 0.052778
1 0.292969 0.222222 0.010937 0.038889
1 0.103073 0.273648 0.016667 0.050926
0 0.507250 0.190880 0.003625 0.006019
