1 0.412500 0.389815 0.012500 0.064815
1 0.228906 0.363889 0.021354 0.066667
1 0.194271 0.382407 0.016667 0.059259
1 0.457031 0.300000 0.014063 0.042593
1 0.704427 0.769907 0.023438 0.100926
1 0.865885 0.370370 0.011979 0.059259
1 0.379688 0.418056 0.015625 0.069444
1 0.455208 0.235185 0.016667 0.048148
1 0.767969 0.206481 0.011979 0.042593
1 0.597396 0.260185 0.014583 0.050000
1 0.392188 0.199537 0.016667 0.039815
1 0.314844 0.268981 0.016146 0.058333
1 0.755990 0.258796 0.011979 0.050926
1 0.433073 0.204167 0.015104 0.043519
1 0.460677 0.211111 0.010937 0.040741
1 0.572135 0.230093 0.010937 0.045370
1 0.457552 0.342593 0.015104 0.061111
1 0.497396 0.171296 0.011458 0.044444
1 0.554167 0.196296 0.014583 0.038889
1 0.432812 0.146296 0.011458 0.037037
1 0.767448 0.256019 0.008854 0.050926
1 0.285938 0.208796 0.010417 0.041667
1 0.096094 0.252778 0.017188 0.046296
0 0.492023 0.179306 0.004568 0.006019
