1 0.385156 0.370833 0.018229 0.067593
1 0.226823 0.352778 0.024479 0.066667
1 0.191146 0.396296 0.016667 0.064815
1 0.439063 0.279630 0.014583 0.051852
1 0.673698 0.784722 0.022396 0.110185
1 0.823958 0.353241 0.015625 0.065741
1 0.364844 0.405556 0.016146 0.068519
1 0.444271 0.214352 0.014583 0.049074
1 0.737500 0.164815 0.012500 0.040741
1 0.566927 0.244444 0.015104 0.057407
1 0.363021 0.186111 0.014583 0.042593
1 0.314063 0.245833 0.019792 0.056481
1 0.701432 0.221051 0.011719 0.051417
1 0.414323 0.174537 0.009896 0.045370
1 0.451302 0.185648 0.008854 0.043519
1 0.548438 0.197685 0.013542 0.049074
1 0.440104 0.326389 0.017708 0.065741
1 0.472135 0.142593 0.009896 0.042593
1 0.534896 0.162963 0.012500 0.044444
1 0.420297 0.122870 0.010937 0.030556
1 0.698177 0.218056 0.013021 0.056481
1 0.286979 0.197685 0.012500 0.049074
1 0.065365 0.232870 0.020313 0.050926
0 0.378646 0.172222 0.004167 0.007407
