1 0.442188 0.406481 0.018750 0.062963
1 0.245573 0.374537 0.011979 0.052778
1 0.249479 0.388889 0.017708 0.051852
1 0.471094 0.335185 0.015104 0.055556
1 0.758854 0.750000 0.019792 0.103704
1 0.915104 0.390741 0.014583 0.064815
1 0.405208 0.430556 0.014583 0.064815
1 0.479427 0.256481 0.011979 0.046296
1 0.778125 0.244444 0.013542 0.042593
1 0.619792 0.291204 0.013542 0.050926
1 0.417969 0.233796 0.013021 0.043519
1 0.348698 0.294907 0.011979 0.052778
1 0.831510 0.301852 0.009896 0.053704
1 0.495833 0.222222 0.009375 0.042593
1 0.501823 0.238889 0.009896 0.042593
1 0.588542 0.264352 0.014583 0.049074
1 0.502344 0.362963 0.011979 0.059259
1 0.536198 0.208333 0.009896 0.040741
1 0.553646 0.227778 0.010417 0.044444
1 0.484375 0.182870 0.010417 0.037963
1 0.831250 0.301852 0.009375 0.053704
1 0.313021 0.234722 0.012500 0.039815
1 0.122917 0.290741 0.012500 0.050000
0 0.533370 0.217593 0.003417 0.006148
