1 0.429948 0.414352 0.014063 0.063889
1 0.240625 0.384259 0.012500 0.061111
1 0.278385 0.400000 0.015104 0.059259
1 0.443490 0.348148 0.013021 0.055556
1 0.764583 0.712037 0.020833 0.090741
1 0.934115 0.401389 0.017188 0.056481
1 0.391927 0.428241 0.021354 0.062037
1 0.497917 0.255556 0.010417 0.042593
1 0.736198 0.251852 0.017188 0.038889
1 0.655990 0.302778 0.010937 0.051852
1 0.411719 0.263426 0.017188 0.043519
1 0.352344 0.309722 0.016146 0.049074
1 0.870833 0.323148 0.013542 0.050000
1 0.520573 0.228704 0.010937 0.037037
1 0.545573 0.250463 0.011979 0.039815
1 0.581510 0.279167 0.010937 0.047222
1 0.522656 0.373148 0.011979 0.061111
1 0.551302 0.218056 0.009896 0.036111
1 0.535417 0.240741 0.010417 0.042593
1 0.503125 0.202315 0.011458 0.034259
1 0.852865 0.330093 0.014063 0.052778
1 0.317969 0.266667 0.010937 0.042593
1 0.125000 0.321296 0.009375 0.048148
0 0.547396 0.231574 0.003125 0.005000
