1 0.400781 0.379167 0.018229 0.065741
1 0.227865 0.356019 0.022396 0.067593
1 0.190625 0.382870 0.019792 0.058333
1 0.451562 0.291667 0.013542 0.057407
1 0.686198 0.777315 0.025521 0.099074
1 0.844792 0.359259 0.015625 0.061111
1 0.372917 0.412037 0.016667 0.070370
1 0.451823 0.225000 0.015104 0.050000
1 0.757552 0.184259 0.014063 0.044444
1 0.582292 0.251389 0.013542 0.056481
1 0.378385 0.188426 0.013021 0.037963
1 0.313802 0.253704 0.015104 0.062963
1 0.728906 0.241204 0.009896 0.050926
1 0.424479 0.189815 0.016667 0.044444
1 0.456510 0.195370 0.011979 0.042593
1 0.564844 0.212500 0.014063 0.049074
1 0.448958 0.332407 0.019792 0.061111
1 0.485677 0.159722 0.009896 0.041667
1 0.549219 0.180556 0.011979 0.040741
1 0.424979 0.132417 0.010937 0.037037
1 0.734375 0.231944 0.008333 0.050926
1 0.284896 0.199537 0.012500 0.045370
1 0.082812 0.238889 0.013542 0.050000
0 0.441667 0.171759 0.004167 0.008333
