1 0.408333 0.384259 0.015625 0.070370
1 0.227083 0.365278 0.013542 0.065741
1 0.193229 0.384722 0.015625 0.063889
1 0.455469 0.298611 0.014063 0.049074
1 0.696875 0.775926 0.021875 0.111111
1 0.858333 0.364815 0.013542 0.068519
1 0.376563 0.417130 0.015625 0.067593
1 0.455729 0.231019 0.017708 0.049074
1 0.765104 0.198148 0.011458 0.042593
1 0.592969 0.255556 0.014063 0.050000
1 0.388021 0.193519 0.014583 0.042593
1 0.314583 0.261574 0.015625 0.063889
1 0.743490 0.254167 0.013021 0.050926
1 0.429167 0.199537 0.015625 0.045370
1 0.460156 0.204630 0.010937 0.044444
1 0.571094 0.223148 0.017188 0.046296
1 0.453906 0.338889 0.015104 0.061111
1 0.492188 0.168981 0.009375 0.041667
1 0.553125 0.187963 0.017708 0.037037
1 0.428906 0.138889 0.010937 0.035185
1 0.753646 0.245370 0.009375 0.053704
1 0.286458 0.204167 0.009375 0.043519
1 0.092708 0.246296 0.018750 0.050000
0 0.472917 0.187963 0.004167 0.009259
