1 0.448698 0.416204 0.015104 0.060185
1 0.252344 0.383796 0.014063 0.060185
1 0.277865 0.395833 0.014063 0.056481
1 0.471875 0.346759 0.012500 0.052778
1 0.775781 0.738426 0.020313 0.095370
1 0.939844 0.403241 0.015104 0.062037
1 0.410417 0.433333 0.015625 0.066667
1 0.500781 0.259259 0.009896 0.046296
1 0.774479 0.255556 0.012500 0.042593
1 0.641406 0.304630 0.017188 0.048148
1 0.430990 0.253704 0.015104 0.046296
1 0.366146 0.306481 0.018750 0.048148
1 0.869531 0.317593 0.011979 0.051852
1 0.522656 0.228704 0.010937 0.038889
1 0.525260 0.253704 0.015104 0.038889
1 0.596615 0.278704 0.010937 0.048148
1 0.525000 0.373611 0.012500 0.060185
1 0.554427 0.216204 0.008854 0.030556
1 0.553646 0.240741 0.014583 0.040741
1 0.507552 0.198611 0.014063 0.037963
1 0.858594 0.323611 0.009896 0.052778
1 0.323437 0.256481 0.012500 0.037037
1 0.135156 0.307407 0.010937 0.051852
