1 0.439844 0.414352 0.017188 0.063889
1 0.245052 0.385648 0.021354 0.056481
1 0.278125 0.396759 0.014583 0.060185
1 0.458594 0.345833 0.017188 0.054630
1 0.770312 0.725000 0.018750 0.100000
1 0.937760 0.402315 0.014063 0.060185
1 0.399219 0.430556 0.011979 0.061111
1 0.499740 0.256481 0.008854 0.046296
1 0.754948 0.253704 0.014063 0.042593
1 0.647917 0.303704 0.016667 0.050000
1 0.421094 0.256944 0.011979 0.047222
1 0.360156 0.305556 0.010937 0.051852
1 0.871354 0.320833 0.012500 0.050926
1 0.522917 0.228241 0.012500 0.039815
1 0.534896 0.251852 0.014583 0.037037
1 0.589063 0.278704 0.013542 0.048148
1 0.523958 0.374537 0.012500 0.060185
1 0.550781 0.217593 0.009896 0.035185
1 0.544531 0.239815 0.009896 0.042593
1 0.505208 0.198148 0.009375 0.040741
1 0.854688 0.327315 0.014583 0.052778
1 0.318229 0.261574 0.013542 0.039815
1 0.128906 0.315741 0.013021 0.050000
