1 0.446875 0.411574 0.018750 0.062037
1 0.251042 0.376389 0.009375 0.054630
1 0.258594 0.389815 0.013021 0.057407
1 0.475781 0.338889 0.017188 0.055556
1 0.766667 0.748148 0.019792 0.094444
1 0.923958 0.396296 0.014583 0.061111
1 0.411979 0.431944 0.018750 0.065741
1 0.487240 0.258333 0.011979 0.046296
1 0.782292 0.247222 0.017708 0.042593
1 0.628646 0.294444 0.013542 0.051852
1 0.424740 0.239815 0.013021 0.044444
1 0.357292 0.297685 0.012500 0.052778
1 0.844141 0.302870 0.007552 0.048333
1 0.505990 0.225463 0.009896 0.041667
1 0.510677 0.243981 0.010937 0.043519
1 0.592969 0.270833 0.011979 0.047222
1 0.511458 0.368056 0.012500 0.062037
1 0.544531 0.210648 0.010937 0.037963
1 0.557031 0.230556 0.015104 0.042593
1 0.492969 0.188426 0.009896 0.037963
1 0.841406 0.306944 0.011979 0.056481
1 0.318490 0.242130 0.009896 0.039815
1 0.130208 0.296759 0.016667 0.049074
0 0.540703 0.223565 0.002448 0.004537
