1 0.438542 0.404630 0.016667 0.064815
1 0.245052 0.374074 0.014063 0.057407
1 0.242708 0.387500 0.016667 0.052778
1 0.467708 0.334259 0.012500 0.055556
1 0.753646 0.750463 0.019792 0.104630
1 0.909635 0.388889 0.013021 0.062963
1 0.400781 0.428704 0.014063 0.062963
1 0.474479 0.253241 0.012500 0.045370
1 0.775260 0.239815 0.011979 0.040741
1 0.613802 0.288889 0.016146 0.050000
1 0.413542 0.231481 0.013542 0.044444
1 0.342448 0.292130 0.014063 0.052778
1 0.823438 0.297685 0.011458 0.052778
1 0.489063 0.219907 0.009375 0.041667
1 0.495833 0.235648 0.010417 0.043519
1 0.585156 0.260185 0.016146 0.046296
1 0.496615 0.361111 0.013021 0.059259
1 0.530729 0.206019 0.009375 0.041667
1 0.551823 0.225463 0.011979 0.045370
1 0.478125 0.179630 0.011458 0.037037
1 0.823958 0.297685 0.010417 0.052778
1 0.308854 0.232407 0.010417 0.040741
1 0.117188 0.287963 0.010417 0.050000
0 0.527406 0.216500 0.003365 0.006056
