1 0.425521 0.413889 0.014583 0.061111
1 0.238021 0.388889 0.014583 0.059259
1 0.278385 0.403241 0.016146 0.058333
1 0.435417 0.349537 0.012500 0.054630
1 0.761979 0.703704 0.019792 0.096296
1 0.932292 0.401852 0.021875 0.061111
1 0.383854 0.428241 0.014583 0.062037
1 0.496615 0.254630 0.009896 0.040741
1 0.723437 0.254630 0.010417 0.040741
1 0.660677 0.308333 0.015104 0.050000
1 0.407813 0.266204 0.012500 0.047222
1 0.350781 0.314352 0.019271 0.049074
1 0.867188 0.325000 0.009375 0.050000
1 0.518490 0.228241 0.008854 0.036111
1 0.553125 0.251852 0.013542 0.040741
1 0.576562 0.280556 0.010417 0.046296
1 0.520833 0.374537 0.012500 0.060185
1 0.549479 0.218519 0.010417 0.033333
1 0.528906 0.240741 0.013021 0.040741
1 0.502083 0.205093 0.010417 0.036111
1 0.850260 0.331944 0.007812 0.052778
1 0.319010 0.271759 0.011979 0.043519
1 0.123438 0.324074 0.011458 0.053704
0 0.545768 0.232963 0.003776 0.005926
