1 0.407031 0.444907 0.013021 0.060185
1 0.269010 0.452315 0.013021 0.063889
1 0.305469 0.472222 0.019271 0.057407
1 0.380990 0.401852 0.016146 0.051852
1 0.719792 0.668981 0.026042 0.078704
1 0.923698 0.435185 0.010937 0.055556
1 0.367448 0.462037 0.014063 0.059259
1 0.493750 0.300463 0.009375 0.045370
1 0.691667 0.290741 0.012500 0.038889
1 0.696354 0.350463 0.011458 0.049074
1 0.394531 0.336574 0.011979 0.045370
1 0.377083 0.366204 0.014583 0.047222
1 0.863281 0.375463 0.016146 0.049074
1 0.537760 0.276296 0.009896 0.036296
1 0.634115 0.295370 0.009896 0.038889
1 0.558854 0.313889 0.014583 0.038889
1 0.531771 0.404630 0.011458 0.055556
1 0.547656 0.269907 0.010937 0.032407
1 0.566927 0.286574 0.007812 0.030556
1 0.507292 0.256019 0.011458 0.039815
1 0.815885 0.384259 0.008854 0.051852
1 0.399479 0.341667 0.013542 0.050000
1 0.140365 0.380556 0.009896 0.051852
0 0.610417 0.302778 0.004167 0.009259
