1 0.417187 0.459722 0.015625 0.058333
1 0.297396 0.468981 0.022917 0.065741
1 0.326823 0.490278 0.015104 0.058333
1 0.404427 0.416204 0.010937 0.050926
1 0.700781 0.672685 0.016146 0.080556
1 0.915104 0.449074 0.010417 0.055556
1 0.392708 0.475463 0.016667 0.056481
1 0.502865 0.313889 0.014063 0.042593
1 0.723698 0.307870 0.009896 0.036111
1 0.696875 0.356944 0.010417 0.049074
1 0.415885 0.353704 0.010937 0.046296
1 0.403125 0.378704 0.013542 0.042593
1 0.895312 0.380093 0.010417 0.047222
1 0.536458 0.291667 0.011458 0.035185
1 0.644531 0.312037 0.010937 0.037037
1 0.587240 0.325463 0.009896 0.039815
1 0.548698 0.412963 0.017188 0.053704
1 0.571354 0.282870 0.013542 0.036111
1 0.607812 0.306019 0.010417 0.036111
1 0.526302 0.268981 0.011979 0.037963
1 0.799219 0.394444 0.016146 0.051852
1 0.431771 0.352315 0.008333 0.047222
1 0.154948 0.389815 0.011979 0.048148
0 0.645312 0.327778 0.004167 0.007407
