1 0.409896 0.423611 0.013542 0.062037
1 0.247396 0.408796 0.011458 0.062037
1 0.285677 0.426852 0.013021 0.059259
1 0.402865 0.365741 0.014063 0.053704
1 0.753906 0.683796 0.019271 0.093519
1 0.932292 0.412037 0.020833 0.057407
1 0.369271 0.438889 0.013542 0.061111
1 0.487760 0.267593 0.015104 0.040741
1 0.684115 0.262037 0.009896 0.038889
1 0.683073 0.325926 0.014063 0.051852
1 0.395052 0.288426 0.010937 0.047222
1 0.347656 0.335185 0.010937 0.053704
1 0.858073 0.343519 0.015104 0.050000
1 0.522576 0.242185 0.012036 0.032481
1 0.589844 0.263889 0.008854 0.040741
1 0.562500 0.291667 0.008333 0.046296
1 0.520573 0.387037 0.013021 0.061111
1 0.544531 0.232870 0.010937 0.039815
1 0.518776 0.253380 0.013594 0.035833
1 0.491927 0.221759 0.008854 0.039815
1 0.839323 0.354167 0.018229 0.052778
1 0.342187 0.298611 0.009375 0.045370
1 0.120573 0.345833 0.009896 0.052778
0 0.543536 0.251426 0.003031 0.004741
