1 0.417708 0.459722 0.011458 0.060185
1 0.298958 0.469907 0.022917 0.065741
1 0.329688 0.492593 0.017708 0.057407
1 0.406510 0.418056 0.014063 0.050926
1 0.696875 0.674074 0.019792 0.079630
1 0.913281 0.453704 0.009896 0.055556
1 0.395313 0.478704 0.019792 0.053704
1 0.504948 0.314352 0.014063 0.041667
1 0.727344 0.309259 0.013021 0.037037
1 0.695833 0.356944 0.012500 0.049074
1 0.419792 0.351852 0.010417 0.046296
1 0.408073 0.380093 0.011979 0.043519
1 0.900521 0.380093 0.010417 0.047222
1 0.538281 0.293056 0.010937 0.034259
1 0.647135 0.313889 0.011979 0.037037
1 0.589844 0.326389 0.011979 0.037963
1 0.550781 0.412963 0.014063 0.053704
1 0.575781 0.284259 0.010937 0.035185
1 0.610677 0.307407 0.006771 0.037037
1 0.529948 0.268981 0.008854 0.037963
1 0.796875 0.393056 0.011458 0.050926
1 0.435417 0.352778 0.009375 0.048148
1 0.157031 0.390741 0.015104 0.048148
0 0.649505 0.330648 0.003698 0.006296
