1 0.418490 0.460648 0.011979 0.062037
1 0.301563 0.468981 0.017708 0.063889
1 0.330990 0.495833 0.016146 0.056481
1 0.408854 0.418981 0.015625 0.049074
1 0.695833 0.675926 0.019792 0.079630
1 0.910937 0.456481 0.011458 0.055556
1 0.398177 0.480093 0.019271 0.050926
1 0.505990 0.316204 0.011979 0.043519
1 0.729427 0.310185 0.013021 0.038889
1 0.694531 0.356944 0.014063 0.049074
1 0.423177 0.351389 0.010937 0.045370
1 0.411458 0.383333 0.012500 0.048148
1 0.904167 0.379630 0.014583 0.048148
1 0.539323 0.294444 0.011979 0.035185
1 0.649740 0.315278 0.014063 0.037963
1 0.593229 0.327778 0.013542 0.038889
1 0.555469 0.412963 0.009896 0.053704
1 0.579688 0.283796 0.009375 0.034259
1 0.614062 0.308333 0.008333 0.038889
1 0.533073 0.268519 0.008854 0.038889
1 0.792969 0.392593 0.008854 0.051852
1 0.439063 0.352315 0.012500 0.049074
1 0.158073 0.391667 0.015104 0.048148
0 0.652982 0.332245 0.003776 0.005417
