1 0.407552 0.446759 0.013021 0.060185
1 0.273438 0.454630 0.013542 0.066667
1 0.307812 0.474074 0.015625 0.057407
1 0.385156 0.403241 0.011979 0.052778
1 0.715625 0.668056 0.021875 0.078704
1 0.922656 0.437037 0.009896 0.053704
1 0.371354 0.463426 0.011458 0.058333
1 0.494531 0.302778 0.008854 0.044444
1 0.696354 0.292130 0.008333 0.037963
1 0.696354 0.351852 0.010417 0.048148
1 0.396354 0.340278 0.012500 0.047222
1 0.379427 0.367593 0.017188 0.046296
1 0.866927 0.374537 0.015104 0.047222
1 0.536979 0.279907 0.009375 0.034630
1 0.635156 0.297685 0.008854 0.037963
1 0.563021 0.315278 0.012500 0.039815
1 0.533594 0.407407 0.011979 0.055556
1 0.549219 0.271759 0.014063 0.036111
1 0.573177 0.286574 0.008854 0.032407
1 0.508854 0.259259 0.013542 0.038889
1 0.812500 0.386574 0.014583 0.052778
1 0.403906 0.343519 0.008854 0.048148
1 0.143229 0.383333 0.012500 0.050000
0 0.615104 0.307870 0.004167 0.008333
