1 0.407552 0.446296 0.013021 0.061111
1 0.272396 0.453704 0.012500 0.066667
1 0.307031 0.474074 0.017188 0.057407
1 0.384115 0.402778 0.013021 0.051852
1 0.716667 0.668056 0.023958 0.078704
1 0.923177 0.436111 0.009896 0.053704
1 0.370312 0.462963 0.011458 0.057407
1 0.494010 0.301852 0.008854 0.044444
1 0.695052 0.291667 0.009896 0.038889
1 0.696354 0.351389 0.011458 0.049074
1 0.395573 0.339352 0.011979 0.047222
1 0.378385 0.367130 0.016146 0.047222
1 0.865625 0.375000 0.015625 0.048148
1 0.536719 0.278565 0.009896 0.035463
1 0.635156 0.297222 0.008854 0.038889
1 0.561719 0.314352 0.013021 0.039815
1 0.533073 0.406481 0.011979 0.055556
1 0.548177 0.271296 0.013021 0.035185
1 0.571094 0.286111 0.008854 0.033333
1 0.508333 0.258333 0.013542 0.038889
1 0.813542 0.385648 0.012500 0.052778
1 0.402344 0.343056 0.009896 0.049074
1 0.142187 0.381944 0.011458 0.050926
0 0.613542 0.306019 0.004167 0.008333
