1 0.408594 0.448148 0.014063 0.059259
1 0.275521 0.456944 0.014583 0.065741
1 0.310156 0.475463 0.013021 0.056481
1 0.387240 0.404630 0.011979 0.053704
1 0.714323 0.668519 0.019271 0.079630
1 0.921875 0.438889 0.010417 0.053704
1 0.373177 0.465278 0.013021 0.058333
1 0.494792 0.303704 0.009375 0.044444
1 0.699219 0.293981 0.007812 0.039815
1 0.695833 0.352315 0.009375 0.047222
1 0.397917 0.342130 0.011458 0.049074
1 0.381510 0.368981 0.017188 0.047222
1 0.869531 0.376852 0.011979 0.048148
1 0.536719 0.282546 0.010937 0.033056
1 0.635677 0.299074 0.007812 0.037037
1 0.565365 0.315278 0.014063 0.039815
1 0.534896 0.408796 0.012500 0.056481
1 0.551042 0.272685 0.013542 0.036111
1 0.578385 0.290278 0.011979 0.036111
1 0.510938 0.261111 0.011458 0.038889
1 0.810937 0.387963 0.018750 0.051852
1 0.407031 0.343981 0.009896 0.049074
1 0.144531 0.383333 0.014063 0.050000
0 0.618490 0.310185 0.004687 0.007407
