1 0.407031 0.443981 0.013021 0.060185
1 0.266406 0.451852 0.014063 0.062963
1 0.304427 0.469444 0.018229 0.057407
1 0.378906 0.400463 0.017188 0.050926
1 0.722135 0.668981 0.024479 0.080556
1 0.923698 0.433796 0.011979 0.056481
1 0.365365 0.462037 0.015104 0.061111
1 0.493490 0.298611 0.009896 0.045370
1 0.689844 0.289352 0.011979 0.037963
1 0.696094 0.349537 0.011979 0.049074
1 0.394531 0.331944 0.011979 0.043519
1 0.375260 0.363889 0.011979 0.048148
1 0.859635 0.375926 0.014063 0.048148
1 0.539062 0.274537 0.008333 0.034259
1 0.632812 0.292130 0.009375 0.039815
1 0.555990 0.312500 0.016146 0.039815
1 0.530729 0.404167 0.011458 0.056481
1 0.546875 0.268519 0.009375 0.031481
1 0.563802 0.281944 0.006771 0.026852
1 0.505208 0.254167 0.010417 0.039815
1 0.817448 0.382870 0.008854 0.052778
1 0.396875 0.337037 0.014583 0.053704
1 0.138542 0.380093 0.009375 0.049074
0 0.606771 0.300463 0.004167 0.008333
