1 0.427604 0.413426 0.014583 0.063889
1 0.238542 0.387037 0.014583 0.061111
1 0.278125 0.401852 0.015625 0.059259
1 0.439323 0.348148 0.013021 0.055556
1 0.763281 0.707407 0.020313 0.096296
1 0.932552 0.401389 0.020313 0.060185
1 0.387240 0.428241 0.018229 0.060185
1 0.496875 0.254167 0.009375 0.041667
1 0.728646 0.253241 0.009375 0.041667
1 0.658854 0.306481 0.013542 0.051852
1 0.409896 0.265741 0.016667 0.044444
1 0.350781 0.312500 0.019271 0.049074
1 0.868490 0.324074 0.010937 0.050000
1 0.519271 0.228241 0.009375 0.036111
1 0.549479 0.250463 0.014583 0.039815
1 0.578646 0.279167 0.011458 0.047222
1 0.521354 0.373148 0.012500 0.059259
1 0.550521 0.218519 0.009375 0.035185
1 0.531250 0.240741 0.012500 0.044444
1 0.502344 0.204167 0.010937 0.036111
1 0.851042 0.331019 0.009375 0.052778
1 0.318490 0.270370 0.011979 0.044444
1 0.123958 0.322685 0.011458 0.052778
0 0.546419 0.232407 0.003516 0.005556
