1 0.420573 0.494907 0.014063 0.062037
1 0.366927 0.488426 0.017188 0.062037
1 0.316406 0.572222 0.015104 0.062963
1 0.493750 0.444907 0.015625 0.056481
1 0.663542 0.731944 0.018750 0.086111
1 0.908594 0.492593 0.014063 0.059259
1 0.471615 0.509259 0.014063 0.057407
1 0.543750 0.350463 0.013542 0.047222
1 0.757812 0.321296 0.012500 0.040741
1 0.685156 0.374537 0.009896 0.043519
1 0.491667 0.361111 0.013542 0.042593
1 0.461198 0.412500 0.017188 0.054630
1 0.941927 0.381481 0.010937 0.050000
1 0.575521 0.309722 0.010417 0.039815
1 0.666146 0.343519 0.009375 0.042593
1 0.654687 0.352315 0.011458 0.043519
1 0.586719 0.417130 0.011979 0.049074
1 0.620052 0.299537 0.009896 0.037963
1 0.667708 0.320370 0.007292 0.025926
1 0.579948 0.282870 0.007812 0.034259
1 0.733594 0.392130 0.015104 0.045370
1 0.496094 0.365741 0.009896 0.046296
1 0.172917 0.406481 0.016667 0.051852
0 0.851562 0.384259 0.005208 0.009259
