1 0.413802 0.495370 0.013021 0.057407
1 0.350781 0.487037 0.021354 0.064815
1 0.320573 0.558796 0.014063 0.067593
1 0.476042 0.443981 0.013542 0.052778
1 0.663802 0.718519 0.020313 0.085185
1 0.905208 0.486574 0.012500 0.058333
1 0.456250 0.508333 0.011458 0.055556
1 0.535677 0.349537 0.010937 0.045370
1 0.753385 0.325463 0.016146 0.039815
1 0.687500 0.373148 0.008333 0.042593
1 0.476042 0.367593 0.012500 0.044444
1 0.449740 0.413426 0.013021 0.054630
1 0.948177 0.385648 0.014063 0.047222
1 0.569792 0.312037 0.008333 0.037037
1 0.671354 0.343056 0.009375 0.043519
1 0.648958 0.352778 0.013542 0.046296
1 0.581510 0.419907 0.009896 0.050926
1 0.614062 0.303241 0.010417 0.039815
1 0.657813 0.332407 0.008333 0.042593
1 0.571615 0.283759 0.007500 0.037037
1 0.735938 0.395370 0.013542 0.048148
1 0.488542 0.368519 0.008333 0.046296
1 0.171615 0.409259 0.017188 0.053704
0 0.813021 0.381019 0.005208 0.008333
