1 0.413542 0.485648 0.012500 0.063889
1 0.334896 0.483796 0.015625 0.062037
1 0.328385 0.536574 0.010937 0.060185
1 0.454948 0.440278 0.015104 0.054630
1 0.671094 0.702778 0.019271 0.079630
1 0.900521 0.477778 0.015625 0.057407
1 0.440885 0.500000 0.014063 0.061111
1 0.525000 0.340741 0.011458 0.046296
1 0.748437 0.325463 0.014583 0.041667
1 0.685417 0.364815 0.013542 0.044444
1 0.461458 0.364815 0.013542 0.050000
1 0.443490 0.406481 0.010937 0.055556
1 0.942708 0.385185 0.008333 0.046296
1 0.560677 0.310185 0.011979 0.037037
1 0.672135 0.336574 0.007812 0.039815
1 0.636198 0.348148 0.010937 0.044444
1 0.576302 0.419444 0.009896 0.053704
1 0.606771 0.298148 0.012500 0.040741
1 0.644531 0.332407 0.008854 0.044444
1 0.563141 0.284218 0.008344 0.038602
1 0.746615 0.391204 0.014063 0.050926
1 0.476562 0.364815 0.013542 0.048148
1 0.167969 0.405556 0.010937 0.051852
