1 0.436458 0.484259 0.014583 0.064815
1 0.395833 0.479167 0.011458 0.063889
1 0.314844 0.593056 0.015104 0.073148
1 0.524219 0.440278 0.014063 0.058333
1 0.673177 0.741204 0.020313 0.091667
1 0.926302 0.492130 0.011979 0.062037
1 0.508073 0.506944 0.017188 0.062037
1 0.567448 0.341667 0.010937 0.048148
1 0.772396 0.298148 0.010417 0.038889
1 0.682031 0.362037 0.010937 0.053704
1 0.522656 0.346759 0.009896 0.047222
1 0.484896 0.398148 0.014583 0.055556
1 0.919531 0.353241 0.014063 0.043519
1 0.584115 0.294444 0.007812 0.038889
1 0.650521 0.325926 0.008333 0.046296
1 0.663021 0.335185 0.009375 0.048148
1 0.603385 0.400000 0.010937 0.050000
1 0.633073 0.278704 0.009896 0.037037
1 0.685156 0.306019 0.009896 0.043519
1 0.602083 0.260185 0.010417 0.035185
1 0.748958 0.372685 0.011458 0.047222
1 0.513542 0.350463 0.011458 0.049074
1 0.184375 0.384722 0.015625 0.052778
0 0.905208 0.369444 0.005208 0.009259
