1 0.416927 0.481481 0.011979 0.062963
1 0.325781 0.477778 0.015104 0.057407
1 0.334635 0.522222 0.013021 0.059259
1 0.440365 0.434259 0.014063 0.053704
1 0.680990 0.692593 0.018229 0.081481
1 0.897396 0.470833 0.015625 0.054630
1 0.430729 0.493056 0.012500 0.058333
1 0.520052 0.332870 0.008854 0.045370
1 0.746094 0.318519 0.008854 0.044444
1 0.688802 0.359259 0.011979 0.050000
1 0.451042 0.362037 0.013542 0.050000
1 0.434375 0.397222 0.012500 0.050000
1 0.935677 0.381481 0.008854 0.046296
1 0.554948 0.306157 0.009896 0.035833
1 0.671875 0.330556 0.011458 0.040741
1 0.623437 0.342130 0.012500 0.041667
1 0.572135 0.418519 0.018229 0.053704
1 0.601042 0.294444 0.011458 0.040741
1 0.634115 0.324537 0.009896 0.043519
1 0.553805 0.280380 0.010870 0.034870
1 0.761198 0.392593 0.010937 0.046296
1 0.466667 0.359722 0.012500 0.049074
1 0.165625 0.401389 0.010417 0.050926
