1 0.435937 0.485185 0.013542 0.062963
1 0.393750 0.479630 0.017708 0.066667
1 0.315885 0.586574 0.015104 0.063889
1 0.522135 0.439352 0.014063 0.058333
1 0.671875 0.735648 0.020833 0.089815
1 0.923958 0.490741 0.013542 0.062963
1 0.504948 0.506019 0.015104 0.058333
1 0.565365 0.343519 0.013021 0.050000
1 0.770312 0.301389 0.012500 0.039815
1 0.681771 0.363889 0.010417 0.050000
1 0.520573 0.346759 0.011979 0.049074
1 0.484115 0.398148 0.017188 0.055556
1 0.923177 0.355093 0.011979 0.045370
1 0.584115 0.296296 0.008854 0.038889
1 0.652865 0.330093 0.008854 0.045370
1 0.662240 0.338426 0.008854 0.047222
1 0.601823 0.404167 0.010937 0.050926
1 0.632031 0.281944 0.009896 0.036111
1 0.684375 0.310648 0.007292 0.043519
1 0.600000 0.261111 0.009375 0.035185
1 0.745573 0.376389 0.014063 0.047222
1 0.511979 0.351852 0.009375 0.046296
1 0.184635 0.387500 0.013021 0.054630
0 0.899479 0.371759 0.005208 0.010185
