1 0.427865 0.489352 0.014063 0.062037
1 0.382812 0.483796 0.015625 0.062037
1 0.315104 0.581481 0.011458 0.064815
1 0.510938 0.443981 0.017708 0.058333
1 0.666927 0.738426 0.020313 0.089815
1 0.915104 0.491667 0.015625 0.064815
1 0.490885 0.510648 0.020313 0.062037
1 0.555469 0.347222 0.013021 0.048148
1 0.764062 0.310185 0.012500 0.038889
1 0.681771 0.367593 0.010417 0.050000
1 0.510417 0.355093 0.008333 0.049074
1 0.474740 0.406481 0.015104 0.055556
1 0.929948 0.368519 0.015104 0.048148
1 0.581771 0.303241 0.010417 0.039815
1 0.659635 0.341667 0.009896 0.050000
1 0.660443 0.346787 0.009125 0.045519
1 0.597135 0.409259 0.013021 0.051852
1 0.627083 0.289815 0.008333 0.038889
1 0.676823 0.318519 0.010937 0.044444
1 0.591667 0.276852 0.008333 0.025926
1 0.741667 0.383333 0.010417 0.044444
1 0.506250 0.358333 0.012500 0.050000
1 0.179427 0.396759 0.017188 0.052778
0 0.881250 0.378704 0.005208 0.009259
