1 0.419531 0.476389 0.014063 0.073148
1 0.316406 0.473611 0.018229 0.060185
1 0.335938 0.510185 0.010417 0.055556
1 0.429427 0.426852 0.011979 0.050000
1 0.688281 0.687500 0.017188 0.082407
1 0.901042 0.462963 0.011458 0.057407
1 0.420813 0.488255 0.010354 0.053306
1 0.514062 0.325926 0.011458 0.044444
1 0.741927 0.317593 0.011979 0.040741
1 0.691667 0.357407 0.010417 0.051852
1 0.441927 0.357870 0.009896 0.047222
1 0.427344 0.390278 0.011979 0.045370
1 0.925781 0.380556 0.008854 0.046296
1 0.549219 0.299537 0.010937 0.036111
1 0.662500 0.323148 0.010417 0.040741
1 0.613021 0.336574 0.011458 0.037963
1 0.566406 0.415278 0.009896 0.052778
1 0.593229 0.289815 0.011458 0.038889
1 0.626302 0.318981 0.008854 0.043519
1 0.548034 0.273593 0.009089 0.035352
1 0.775521 0.391667 0.012500 0.051852
1 0.457552 0.356944 0.010937 0.047222
1 0.164844 0.397222 0.013021 0.050000
0 0.668750 0.341204 0.004167 0.008333
