1 0.359375 0.442130 0.015625 0.069444
1 0.307292 0.459722 0.022917 0.062037
1 0.176823 0.670833 0.019271 0.087963
1 0.418490 0.420833 0.013021 0.067593
1 0.599740 0.755556 0.021354 0.101852
1 0.826823 0.432870 0.016146 0.069444
1 0.453125 0.500000 0.015625 0.068519
1 0.486458 0.298611 0.012500 0.052778
1 0.654948 0.197222 0.008854 0.040741
1 0.571615 0.307870 0.013021 0.058333
1 0.419010 0.284722 0.013021 0.052778
1 0.374219 0.346759 0.013021 0.058333
1 0.795573 0.272222 0.015104 0.044444
1 0.466406 0.220833 0.008854 0.045370
1 0.495052 0.251389 0.008854 0.049074
1 0.532031 0.267130 0.013021 0.049074
1 0.489323 0.350926 0.013021 0.062963
1 0.526302 0.190741 0.009896 0.044444
1 0.563281 0.224074 0.009896 0.046296
1 0.507552 0.169444 0.010937 0.038889
1 0.652083 0.307870 0.011458 0.050926
1 0.401302 0.298148 0.010937 0.051852
1 0.046875 0.325926 0.014583 0.059259
0 0.790104 0.365278 0.005208 0.010185
