1 0.385937 0.454630 0.013542 0.074074
1 0.277865 0.512037 0.019271 0.077778
1 0.183333 0.751852 0.027083 0.098148
1 0.436719 0.443056 0.014063 0.069444
1 0.648698 0.803704 0.022396 0.109259
1 0.821094 0.441204 0.019271 0.052778
1 0.469271 0.535185 0.020833 0.075926
1 0.512760 0.328241 0.014063 0.060185
1 0.671354 0.195833 0.009375 0.041667
1 0.602604 0.318056 0.012500 0.060185
1 0.421094 0.296759 0.011979 0.056481
1 0.378125 0.364352 0.019792 0.063889
1 0.831771 0.284722 0.011458 0.049074
1 0.474740 0.228241 0.008854 0.043519
1 0.509115 0.261111 0.016146 0.040741
1 0.526302 0.273148 0.011979 0.051852
1 0.497656 0.370370 0.014063 0.064815
1 0.539062 0.191204 0.012500 0.039815
1 0.566667 0.225463 0.008333 0.047222
1 0.528646 0.161111 0.010417 0.037037
1 0.665625 0.317593 0.011458 0.055556
1 0.407292 0.312037 0.011458 0.059259
1 0.064844 0.318056 0.015104 0.056481
0 0.780729 0.462963 0.005208 0.009259
