1 0.363542 0.449074 0.013542 0.068519
1 0.296354 0.476852 0.022917 0.064815
1 0.171094 0.701389 0.018229 0.089815
1 0.417187 0.431481 0.012500 0.068519
1 0.609635 0.779167 0.024479 0.102778
1 0.829427 0.439352 0.017188 0.067593
1 0.456771 0.517130 0.014583 0.071296
1 0.490104 0.307870 0.014583 0.049074
1 0.655208 0.196759 0.008333 0.039815
1 0.578646 0.312963 0.011458 0.059259
1 0.414583 0.289815 0.011458 0.053704
1 0.370573 0.355556 0.014063 0.061111
1 0.810156 0.278704 0.011979 0.042593
1 0.466667 0.225000 0.009375 0.046296
1 0.495573 0.255556 0.009896 0.050000
1 0.524219 0.270833 0.013021 0.049074
1 0.487240 0.358333 0.014063 0.064815
1 0.525000 0.192130 0.010417 0.043519
1 0.559115 0.225000 0.009896 0.048148
1 0.510417 0.168519 0.011458 0.038889
1 0.652865 0.312963 0.010937 0.053704
1 0.399219 0.305093 0.011979 0.052778
1 0.045312 0.328704 0.015625 0.061111
0 0.798438 0.418056 0.005208 0.010185
