1 0.359375 0.441204 0.015625 0.067593
1 0.308073 0.459259 0.021354 0.062963
1 0.177083 0.667130 0.019792 0.087963
1 0.419010 0.418519 0.013021 0.062963
1 0.598958 0.753241 0.020833 0.100926
1 0.826302 0.432870 0.016146 0.069444
1 0.452604 0.499537 0.015625 0.069444
1 0.485938 0.296759 0.012500 0.050926
1 0.654948 0.197222 0.008854 0.040741
1 0.570833 0.307407 0.013542 0.059259
1 0.419531 0.284722 0.013021 0.052778
1 0.374740 0.345833 0.013021 0.058333
1 0.794531 0.271759 0.015104 0.045370
1 0.466406 0.220833 0.008854 0.045370
1 0.495052 0.250926 0.008854 0.048148
1 0.532813 0.266667 0.012500 0.050000
1 0.489323 0.350463 0.013021 0.062037
1 0.526563 0.190741 0.010417 0.044444
1 0.563802 0.223611 0.009896 0.047222
1 0.507552 0.169444 0.010937 0.038889
1 0.651823 0.307407 0.010937 0.051852
1 0.401823 0.298148 0.010937 0.051852
1 0.047396 0.325926 0.014583 0.059259
0 0.789323 0.361111 0.004687 0.009259
