1 0.411198 0.456019 0.015104 0.063889
1 0.372396 0.458796 0.015625 0.065741
1 0.250781 0.628241 0.017188 0.076852
1 0.485938 0.424074 0.012500 0.059259
1 0.643490 0.760648 0.023438 0.100926
1 0.893229 0.467130 0.013542 0.069444
1 0.499479 0.500000 0.014583 0.066667
1 0.540885 0.313426 0.014063 0.052778
1 0.727344 0.235648 0.008854 0.039815
1 0.630469 0.330093 0.010937 0.058333
1 0.487500 0.305556 0.012500 0.050000
1 0.445052 0.362037 0.010937 0.057407
1 0.861458 0.300926 0.016667 0.044444
1 0.531250 0.248148 0.008333 0.040741
1 0.568490 0.279167 0.008854 0.045370
1 0.607812 0.292130 0.011458 0.050926
1 0.556510 0.368519 0.014063 0.061111
1 0.593750 0.223148 0.010417 0.044444
1 0.638802 0.255093 0.009896 0.047222
1 0.570312 0.205556 0.012500 0.038889
1 0.710677 0.331944 0.013021 0.054630
1 0.470313 0.316667 0.010417 0.051852
1 0.123698 0.344907 0.014063 0.056481
0 0.848437 0.325926 0.005208 0.009259
