1 0.369271 0.439815 0.013542 0.068519
1 0.323698 0.451389 0.020313 0.063889
1 0.194271 0.649537 0.018750 0.084259
1 0.432552 0.413889 0.010937 0.066667
1 0.603906 0.755093 0.022396 0.102778
1 0.839323 0.438889 0.015104 0.072222
1 0.459635 0.491204 0.013021 0.065741
1 0.495573 0.298148 0.014063 0.053704
1 0.669271 0.203704 0.008333 0.040741
1 0.579427 0.307870 0.010937 0.058333
1 0.433073 0.285648 0.011979 0.054630
1 0.388802 0.345833 0.013021 0.058333
1 0.802083 0.273611 0.014583 0.045370
1 0.478906 0.224074 0.008854 0.044444
1 0.508854 0.255093 0.010417 0.049074
1 0.548958 0.268519 0.011458 0.048148
1 0.502344 0.352315 0.013021 0.060185
1 0.540104 0.196759 0.011458 0.045370
1 0.579688 0.229167 0.009375 0.047222
1 0.520833 0.176389 0.011458 0.037963
1 0.662240 0.307870 0.009896 0.052778
1 0.415625 0.298148 0.010417 0.053704
1 0.063281 0.329630 0.016146 0.057407
0 0.796615 0.331481 0.004687 0.009259
