1 0.404427 0.453241 0.015104 0.069444
1 0.364323 0.456019 0.017188 0.065741
1 0.239844 0.634722 0.017188 0.084259
1 0.476302 0.423148 0.013021 0.064815
1 0.637500 0.756944 0.023958 0.099074
1 0.884375 0.463426 0.013542 0.069444
1 0.493750 0.497685 0.015625 0.063889
1 0.533854 0.309259 0.011458 0.051852
1 0.717708 0.228704 0.008333 0.040741
1 0.622396 0.325463 0.011458 0.056481
1 0.478125 0.301852 0.013542 0.053704
1 0.435937 0.358333 0.012500 0.059259
1 0.851562 0.297685 0.020833 0.047222
1 0.523177 0.243981 0.008854 0.041667
1 0.558073 0.274074 0.007812 0.046296
1 0.599479 0.287963 0.014583 0.048148
1 0.547656 0.364815 0.013021 0.059259
1 0.585677 0.218981 0.010937 0.043519
1 0.629167 0.251389 0.009375 0.045370
1 0.562500 0.199537 0.011458 0.037963
1 0.703906 0.327778 0.011979 0.051852
1 0.461198 0.312037 0.010937 0.051852
1 0.113802 0.340741 0.014063 0.059259
0 0.838281 0.321296 0.004687 0.009259
