1 0.359635 0.439352 0.015104 0.067593
1 0.310156 0.456481 0.019271 0.068519
1 0.179427 0.655556 0.020313 0.077778
1 0.420573 0.416667 0.013021 0.062963
1 0.596875 0.751852 0.021875 0.100000
1 0.826562 0.435185 0.015625 0.070370
1 0.451562 0.495833 0.014583 0.073148
1 0.486458 0.296296 0.014583 0.051852
1 0.655990 0.197685 0.008854 0.041667
1 0.569010 0.305556 0.014063 0.061111
1 0.420833 0.284259 0.012500 0.053704
1 0.377083 0.344444 0.013542 0.055556
1 0.793490 0.269444 0.014063 0.048148
1 0.467187 0.219444 0.008333 0.042593
1 0.495833 0.251389 0.009375 0.047222
1 0.534375 0.265278 0.011458 0.052778
1 0.490625 0.348148 0.013542 0.055556
1 0.527865 0.191667 0.010937 0.044444
1 0.565885 0.223611 0.009896 0.047222
1 0.508333 0.169907 0.010417 0.037963
1 0.651563 0.305093 0.010417 0.054630
1 0.402604 0.297685 0.010417 0.054630
1 0.048698 0.325463 0.015104 0.058333
0 0.787500 0.346759 0.005208 0.010185
