1 0.391146 0.450000 0.015625 0.068519
1 0.351042 0.456019 0.021875 0.071296
1 0.222917 0.637500 0.014583 0.075000
1 0.459115 0.422222 0.013021 0.064815
1 0.625260 0.750000 0.022396 0.100000
1 0.866927 0.449537 0.014063 0.071296
1 0.481250 0.496759 0.016667 0.071296
1 0.520052 0.305556 0.013021 0.051852
1 0.698958 0.218519 0.008333 0.040741
1 0.605990 0.318981 0.013021 0.060185
1 0.460677 0.296759 0.011979 0.052778
1 0.417708 0.353241 0.012500 0.058333
1 0.829167 0.292593 0.022917 0.048148
1 0.505469 0.235648 0.007812 0.041667
1 0.538542 0.266667 0.009375 0.048148
1 0.580208 0.280093 0.014583 0.050926
1 0.530208 0.358333 0.011458 0.053704
1 0.567969 0.210648 0.009896 0.043519
1 0.610417 0.241667 0.009375 0.046296
1 0.547135 0.188426 0.009896 0.036111
1 0.688021 0.319907 0.011458 0.052778
1 0.443490 0.307407 0.010937 0.055556
1 0.095052 0.335648 0.016146 0.056481
0 0.820052 0.313889 0.004687 0.009259
