1 0.393490 0.454630 0.016146 0.068519
1 0.278906 0.517593 0.016146 0.079630
1 0.188542 0.758333 0.030208 0.098148
1 0.446875 0.443981 0.017708 0.071296
1 0.658073 0.809722 0.025521 0.110185
1 0.813802 0.439815 0.022396 0.053704
1 0.473177 0.535185 0.018229 0.079630
1 0.520312 0.329630 0.013542 0.062963
1 0.679427 0.192130 0.009896 0.043519
1 0.609896 0.317593 0.012500 0.062963
1 0.426302 0.297222 0.011979 0.055556
1 0.381510 0.361111 0.015104 0.062963
1 0.836979 0.283796 0.011458 0.052778
1 0.480469 0.226852 0.010937 0.042593
1 0.511719 0.261574 0.018229 0.039815
1 0.531771 0.271759 0.012500 0.052778
1 0.504167 0.370370 0.014583 0.061111
1 0.544531 0.189815 0.010937 0.038889
1 0.572135 0.222222 0.008854 0.046296
1 0.535677 0.158333 0.010937 0.038889
1 0.671094 0.318056 0.010937 0.058333
1 0.411719 0.312500 0.010937 0.058333
1 0.071094 0.312963 0.013021 0.057407
0 0.779427 0.459259 0.005729 0.011111
