1 0.369010 0.455093 0.016146 0.073148
1 0.282813 0.494907 0.022917 0.067593
1 0.172135 0.726852 0.021354 0.085185
1 0.419792 0.442593 0.013542 0.072222
1 0.624219 0.797685 0.023438 0.106481
1 0.822396 0.441667 0.028125 0.064815
1 0.462500 0.527778 0.013542 0.070370
1 0.496615 0.321759 0.014063 0.056481
1 0.657552 0.197222 0.008854 0.040741
1 0.588281 0.317130 0.011979 0.058333
1 0.413542 0.295370 0.012500 0.055556
1 0.368229 0.362037 0.013542 0.062963
1 0.819271 0.282870 0.012500 0.049074
1 0.466927 0.229630 0.010937 0.044444
1 0.498698 0.259722 0.011979 0.047222
1 0.519010 0.273148 0.010937 0.050000
1 0.488542 0.367130 0.013542 0.062037
1 0.527344 0.192130 0.008854 0.043519
1 0.557031 0.227315 0.010937 0.047222
1 0.516406 0.165741 0.008854 0.038889
1 0.655990 0.316667 0.010937 0.053704
1 0.399740 0.310185 0.013021 0.055556
1 0.048958 0.326852 0.016667 0.061111
0 0.803646 0.462963 0.006250 0.011111
