1 0.360938 0.446759 0.014583 0.069444
1 0.302344 0.473611 0.021354 0.071296
1 0.173958 0.682870 0.016667 0.084259
1 0.417187 0.430556 0.013542 0.068519
1 0.605208 0.775000 0.025000 0.105556
1 0.830208 0.438889 0.019792 0.066667
1 0.454688 0.510185 0.015625 0.077778
1 0.488281 0.305093 0.013021 0.052778
1 0.655469 0.197222 0.008854 0.040741
1 0.576302 0.310185 0.011979 0.061111
1 0.416667 0.288889 0.012500 0.053704
1 0.372656 0.350926 0.013021 0.055556
1 0.802083 0.275463 0.016667 0.045370
1 0.467187 0.222222 0.010417 0.042593
1 0.495312 0.254167 0.010417 0.047222
1 0.527344 0.268519 0.011979 0.053704
1 0.488281 0.356019 0.014063 0.058333
1 0.525521 0.191667 0.010417 0.044444
1 0.560937 0.225000 0.010417 0.046296
1 0.509115 0.168981 0.011979 0.037963
1 0.652344 0.309722 0.010937 0.054630
1 0.400260 0.304167 0.010937 0.058333
1 0.045833 0.328241 0.014583 0.060185
0 0.794531 0.393056 0.005729 0.010185
