1 0.359375 0.443056 0.015625 0.071296
1 0.306771 0.462037 0.023958 0.064815
1 0.176302 0.673148 0.019271 0.085185
1 0.418229 0.421759 0.013542 0.067593
1 0.600521 0.758796 0.021875 0.104630
1 0.827604 0.432870 0.016667 0.069444
1 0.453125 0.500463 0.015625 0.067593
1 0.486979 0.300000 0.013542 0.053704
1 0.654948 0.197222 0.008854 0.040741
1 0.572656 0.307870 0.011979 0.058333
1 0.418490 0.285185 0.013021 0.053704
1 0.373698 0.348148 0.013021 0.059259
1 0.796875 0.272685 0.013542 0.045370
1 0.466927 0.221759 0.008854 0.045370
1 0.495052 0.251852 0.008854 0.050000
1 0.531250 0.267130 0.012500 0.049074
1 0.489063 0.352315 0.013542 0.062037
1 0.526302 0.190741 0.009896 0.044444
1 0.563021 0.225000 0.010417 0.046296
1 0.507552 0.168981 0.010937 0.037963
1 0.652083 0.307870 0.011458 0.050926
1 0.401302 0.298611 0.010937 0.052778
1 0.046615 0.326852 0.014063 0.059259
0 0.791146 0.369907 0.005208 0.010185
