1 0.409635 0.450463 0.018229 0.073148
1 0.284115 0.518981 0.026562 0.082407
1 0.195052 0.758333 0.022396 0.096296
1 0.466927 0.441204 0.018229 0.071296
1 0.680990 0.803704 0.025521 0.105556
1 0.816927 0.435648 0.020313 0.058333
1 0.480469 0.535648 0.020313 0.080556
1 0.538021 0.327778 0.015625 0.064815
1 0.699479 0.184259 0.009375 0.042593
1 0.627604 0.311574 0.010417 0.062037
1 0.438802 0.292130 0.018229 0.060185
1 0.391927 0.356944 0.015104 0.062037
1 0.851823 0.281019 0.011979 0.049074
1 0.492188 0.221759 0.014583 0.041667
1 0.516406 0.255556 0.016146 0.038889
1 0.545573 0.264352 0.009896 0.052778
1 0.517969 0.367593 0.014063 0.064815
1 0.555729 0.183333 0.011458 0.037037
1 0.589063 0.215741 0.010417 0.046296
1 0.551562 0.149537 0.011458 0.039815
1 0.686719 0.312963 0.010937 0.057407
1 0.425260 0.305556 0.013021 0.061111
1 0.088802 0.300463 0.018229 0.056481
0 0.782031 0.456481 0.005729 0.011111
