1 0.366927 0.453241 0.015104 0.067593
1 0.284896 0.492130 0.017708 0.069444
1 0.169010 0.723611 0.021354 0.095370
1 0.418490 0.438889 0.015104 0.066667
1 0.619271 0.791204 0.022917 0.104630
1 0.823958 0.443519 0.025000 0.064815
1 0.459635 0.526389 0.011979 0.075000
1 0.493229 0.318981 0.013542 0.060185
1 0.655990 0.197222 0.008854 0.040741
1 0.585156 0.317593 0.013021 0.061111
1 0.412500 0.294907 0.011458 0.052778
1 0.367188 0.358796 0.013542 0.062037
1 0.817187 0.281944 0.012500 0.052778
1 0.466667 0.227778 0.011458 0.044444
1 0.496354 0.256944 0.010417 0.049074
1 0.520052 0.273148 0.011979 0.051852
1 0.487500 0.364352 0.013542 0.056481
1 0.525521 0.191667 0.010417 0.044444
1 0.556771 0.226852 0.009375 0.046296
1 0.514062 0.165278 0.008333 0.039815
1 0.654167 0.315741 0.011458 0.057407
1 0.398177 0.310648 0.010937 0.056481
1 0.046875 0.328704 0.018750 0.061111
0 0.805469 0.453241 0.005729 0.010185
