1 0.435417 0.393519 0.023958 0.068519
1 0.294531 0.471296 0.022396 0.075926
1 0.176042 0.720833 0.023958 0.099074
1 0.516667 0.386111 0.021875 0.072222
1 0.734115 0.790278 0.030729 0.113889
1 0.832031 0.383796 0.015104 0.071296
1 0.465365 0.491204 0.019271 0.086111
1 0.569271 0.292130 0.020833 0.063889
1 0.775000 0.141667 0.014583 0.042593
1 0.687760 0.278704 0.017188 0.061111
1 0.432552 0.231481 0.013021 0.057407
1 0.408073 0.311111 0.023438 0.055556
1 0.914583 0.264815 0.014583 0.055556
1 0.457813 0.180556 0.016667 0.033333
1 0.451302 0.205093 0.015104 0.047222
1 0.597396 0.225926 0.016667 0.055556
1 0.578125 0.351389 0.018750 0.071296
1 0.553385 0.131481 0.015104 0.037037
1 0.627344 0.168056 0.013021 0.041667
1 0.585156 0.088426 0.014063 0.037963
1 0.767188 0.287500 0.012500 0.063889
1 0.429167 0.281481 0.019792 0.057407
1 0.166667 0.223611 0.010417 0.054630
0 0.532813 0.158333 0.007292 0.011111
