1 0.387500 0.388426 0.014583 0.067593
1 0.266927 0.443056 0.016146 0.071296
1 0.160938 0.675463 0.020833 0.097222
1 0.479948 0.385185 0.019271 0.066667
1 0.691146 0.767593 0.022917 0.109259
1 0.834635 0.406019 0.014063 0.067593
1 0.444531 0.493981 0.017188 0.082407
1 0.529687 0.296759 0.016667 0.060185
1 0.751563 0.175000 0.016667 0.046296
1 0.656250 0.294907 0.011458 0.062037
1 0.392969 0.237500 0.013021 0.047222
1 0.346875 0.303241 0.017708 0.054630
1 0.894792 0.298611 0.015625 0.058333
1 0.360529 0.214963 0.016630 0.046759
1 0.364063 0.211574 0.020833 0.049074
1 0.575521 0.248611 0.016667 0.050926
1 0.547135 0.377315 0.023438 0.067593
1 0.491146 0.152315 0.017708 0.041667
1 0.571094 0.191204 0.021354 0.047222
1 0.542245 0.107157 0.014260 0.038370
1 0.809115 0.325000 0.015104 0.062963
1 0.351823 0.287037 0.015104 0.055556
1 0.171094 0.234259 0.009896 0.051852
0 0.361927 0.195028 0.005594 0.007963
