1 0.392448 0.388889 0.016146 0.066667
1 0.271615 0.448148 0.018229 0.077778
1 0.162500 0.678704 0.020833 0.088889
1 0.484896 0.387963 0.018750 0.070370
1 0.695312 0.772222 0.025000 0.101852
1 0.836198 0.404630 0.019271 0.070370
1 0.446875 0.495833 0.015625 0.078704
1 0.533333 0.296759 0.014583 0.060185
1 0.756510 0.171759 0.015104 0.047222
1 0.662240 0.293519 0.016146 0.061111
1 0.401302 0.235648 0.019271 0.047222
1 0.355729 0.307407 0.020833 0.055556
1 0.897656 0.297685 0.009896 0.056481
1 0.371016 0.214005 0.014958 0.045380
1 0.374740 0.214352 0.016146 0.047222
1 0.579688 0.248611 0.017708 0.052778
1 0.551823 0.377778 0.019271 0.066667
1 0.497917 0.151852 0.012500 0.044444
1 0.579688 0.187963 0.019792 0.044444
1 0.546354 0.107407 0.012500 0.035185
1 0.806771 0.322222 0.014583 0.062963
1 0.361979 0.285648 0.016667 0.052778
1 0.171875 0.232407 0.009375 0.051852
0 0.375000 0.182407 0.005208 0.009259
