1 0.424740 0.390278 0.020313 0.067593
1 0.288802 0.465741 0.022396 0.079630
1 0.171615 0.709259 0.022396 0.094444
1 0.508333 0.386111 0.018750 0.068519
1 0.721615 0.787037 0.026562 0.107407
1 0.833594 0.387963 0.014063 0.072222
1 0.458854 0.491667 0.018750 0.083333
1 0.561198 0.292593 0.019271 0.061111
1 0.769792 0.150463 0.013542 0.041667
1 0.682552 0.281944 0.017188 0.063889
1 0.426563 0.233796 0.011458 0.052778
1 0.394792 0.311574 0.021875 0.060185
1 0.910156 0.273611 0.018229 0.056481
1 0.439844 0.195370 0.016146 0.040741
1 0.431510 0.211111 0.013021 0.042593
1 0.592969 0.233333 0.014063 0.055556
1 0.573958 0.362037 0.017708 0.066667
1 0.540365 0.135648 0.016146 0.036111
1 0.617448 0.170370 0.015104 0.037037
1 0.578206 0.096032 0.013953 0.031639
1 0.775000 0.295370 0.012500 0.062963
1 0.413021 0.283796 0.013542 0.054630
1 0.171354 0.225463 0.010417 0.054630
0 0.486458 0.146759 0.006250 0.010185
