1 0.472917 0.402315 0.020833 0.071296
1 0.321615 0.482870 0.015104 0.084259
1 0.220833 0.727315 0.020833 0.106481
1 0.537500 0.397685 0.019792 0.073148
1 0.762500 0.797222 0.022917 0.111111
1 0.842969 0.390741 0.019271 0.068519
1 0.508333 0.495370 0.027083 0.079630
1 0.605469 0.295833 0.013021 0.065741
1 0.795312 0.137500 0.012500 0.041667
1 0.708594 0.273611 0.016146 0.063889
1 0.479948 0.237037 0.016146 0.050000
1 0.445833 0.309722 0.010417 0.065741
1 0.932031 0.250000 0.014063 0.057407
1 0.525000 0.179167 0.015625 0.047222
1 0.529427 0.204167 0.019271 0.045370
1 0.615885 0.220370 0.022396 0.055556
1 0.591146 0.336574 0.013542 0.067593
1 0.603906 0.131944 0.016146 0.037963
1 0.662760 0.163426 0.016146 0.045370
1 0.621354 0.089815 0.011458 0.033333
1 0.766927 0.280093 0.016146 0.060185
1 0.489583 0.270833 0.023958 0.052778
1 0.172396 0.225463 0.012500 0.054630
0 0.754854 0.333745 0.009771 0.015102
