1 0.355208 0.386574 0.014583 0.063889
1 0.246615 0.431944 0.019271 0.075000
1 0.153125 0.645833 0.020833 0.086111
1 0.451562 0.390741 0.017708 0.068519
1 0.661719 0.748611 0.028646 0.095370
1 0.821615 0.423148 0.017188 0.068519
1 0.428125 0.497222 0.014583 0.074074
1 0.495833 0.303241 0.014583 0.058333
1 0.728646 0.194907 0.013542 0.045370
1 0.627083 0.306019 0.015625 0.060185
1 0.359635 0.250000 0.018229 0.048148
1 0.295052 0.306944 0.014063 0.058333
1 0.882552 0.322685 0.015104 0.056481
1 0.302604 0.237500 0.014583 0.043519
1 0.320573 0.233796 0.009896 0.047222
1 0.549219 0.262500 0.013021 0.052778
1 0.511979 0.389815 0.017708 0.066667
1 0.453125 0.171759 0.015625 0.041667
1 0.530208 0.206019 0.016667 0.047222
1 0.508073 0.120833 0.010937 0.036111
1 0.828385 0.348148 0.010937 0.066667
1 0.300260 0.288889 0.019271 0.053704
1 0.158854 0.256019 0.018750 0.039815
0 0.295792 0.266398 0.004167 0.007407
