1 0.434896 0.429167 0.012500 0.073148
1 0.296615 0.518981 0.017188 0.084259
1 0.209375 0.756481 0.025000 0.098148
1 0.493750 0.423148 0.015625 0.068519
1 0.718750 0.808333 0.018750 0.109259
1 0.822917 0.425000 0.017708 0.064815
1 0.492969 0.523148 0.017188 0.079630
1 0.574479 0.321759 0.017708 0.063889
1 0.738542 0.165741 0.009375 0.042593
1 0.659635 0.296759 0.011979 0.063889
1 0.463021 0.277778 0.017708 0.051852
1 0.413021 0.338426 0.014583 0.065741
1 0.882292 0.267593 0.011458 0.051852
1 0.508073 0.205093 0.015104 0.041667
1 0.523958 0.238426 0.018750 0.039815
1 0.572396 0.248148 0.022917 0.055556
1 0.546615 0.357407 0.014063 0.066667
1 0.577344 0.163426 0.016146 0.041667
1 0.619271 0.195833 0.010417 0.047222
1 0.582812 0.123148 0.010417 0.035185
1 0.716927 0.300463 0.011979 0.060185
1 0.451562 0.291204 0.012500 0.060185
1 0.119010 0.270833 0.014063 0.056481
0 0.798958 0.445833 0.006250 0.010185
