1 0.246354 0.413426 0.013542 0.050926
1 0.134375 0.441204 0.012500 0.063889
1 0.112760 0.554167 0.018229 0.067593
1 0.328906 0.431481 0.018229 0.040741
1 0.493750 0.703241 0.025000 0.082407
1 0.842448 0.604167 0.025521 0.076852
1 0.341667 0.556019 0.019792 0.060185
1 0.336198 0.382870 0.011979 0.056481
1 0.646615 0.326389 0.009896 0.045370
1 0.557813 0.409259 0.012500 0.061111
1 0.239063 0.340278 0.012500 0.054630
1 0.163021 0.385185 0.015625 0.055556
1 0.948958 0.475000 0.014583 0.055556
1 0.176302 0.347685 0.011979 0.045370
1 0.311458 0.291667 0.008333 0.038889
1 0.502344 0.366667 0.010937 0.051852
1 0.362500 0.410648 0.012500 0.049074
1 0.386719 0.316204 0.013021 0.049074
1 0.484896 0.339352 0.012500 0.050926
1 0.465417 0.209259 0.006667 0.037037
1 0.935417 0.491204 0.017708 0.063889
1 0.027906 0.394537 0.011510 0.050926
1 0.133594 0.389815 0.010937 0.050000
