1 0.284896 0.398148 0.012500 0.061111
1 0.201302 0.418056 0.014063 0.063889
1 0.126562 0.591204 0.020833 0.078704
1 0.394792 0.410185 0.016667 0.064815
1 0.599740 0.711111 0.023438 0.092593
1 0.802344 0.493056 0.014063 0.067593
1 0.391927 0.520370 0.019271 0.072222
1 0.414323 0.332407 0.015104 0.055556
1 0.667969 0.252778 0.013021 0.046296
1 0.555990 0.344444 0.010937 0.057407
1 0.278125 0.300926 0.017708 0.053704
1 0.220052 0.315741 0.021354 0.050000
1 0.889062 0.390741 0.014583 0.061111
1 0.206771 0.305556 0.010417 0.046296
1 0.252344 0.258333 0.009896 0.042593
1 0.499740 0.305556 0.008854 0.051852
1 0.436198 0.392130 0.020313 0.060185
1 0.383333 0.233333 0.012500 0.046296
1 0.459635 0.259722 0.011979 0.045370
1 0.439323 0.157870 0.008854 0.036111
1 0.859635 0.407407 0.015104 0.064815
1 0.167448 0.330093 0.020313 0.043519
1 0.140599 0.313889 0.021823 0.044444
0 0.136458 0.348611 0.006250 0.010185
