1 0.304688 0.391204 0.018750 0.062037
1 0.209896 0.417593 0.020833 0.066667
1 0.131510 0.602315 0.021354 0.080556
1 0.408073 0.401389 0.011979 0.063889
1 0.615625 0.720833 0.022917 0.100926
1 0.802865 0.468519 0.017188 0.064815
1 0.403646 0.509722 0.020833 0.071296
1 0.435937 0.322685 0.014583 0.056481
1 0.685156 0.235648 0.008854 0.045370
1 0.574740 0.328704 0.023438 0.057407
1 0.297917 0.283333 0.019792 0.053704
1 0.236979 0.306481 0.018750 0.055556
1 0.883594 0.367130 0.010937 0.060185
1 0.231771 0.281944 0.012500 0.050926
1 0.266146 0.247685 0.014583 0.043519
1 0.511198 0.290741 0.010937 0.053704
1 0.456771 0.393981 0.015625 0.067593
1 0.399219 0.212500 0.017188 0.045370
1 0.473438 0.242130 0.012500 0.047222
1 0.457292 0.145833 0.011458 0.036111
1 0.851823 0.389352 0.013021 0.063889
1 0.208333 0.311574 0.017708 0.047222
1 0.152083 0.288889 0.014583 0.035185
0 0.184635 0.303241 0.005729 0.010185
