1 0.254167 0.422685 0.016667 0.056481
1 0.149740 0.443056 0.026562 0.060185
1 0.111979 0.567593 0.018750 0.068519
1 0.346094 0.430093 0.013021 0.054630
1 0.516667 0.711574 0.022917 0.087963
1 0.842969 0.593056 0.018229 0.078704
1 0.356771 0.555093 0.017708 0.071296
1 0.354427 0.382870 0.017188 0.056481
1 0.652865 0.323148 0.013021 0.048148
1 0.567969 0.406481 0.019271 0.061111
1 0.245312 0.343056 0.011458 0.045370
1 0.163542 0.381481 0.015625 0.051852
1 0.948177 0.469444 0.017188 0.061111
1 0.174219 0.344444 0.010937 0.046296
1 0.303125 0.291667 0.011458 0.040741
1 0.507292 0.363889 0.011458 0.053704
1 0.373958 0.412037 0.012500 0.053704
1 0.388021 0.312037 0.011458 0.048148
1 0.481771 0.335185 0.012500 0.050000
1 0.460417 0.208796 0.010417 0.034259
1 0.932813 0.486111 0.015625 0.066667
1 0.045867 0.393130 0.010141 0.050926
1 0.130159 0.391019 0.016724 0.049481
