1 0.276042 0.402778 0.016667 0.059259
1 0.198958 0.415741 0.021875 0.059259
1 0.126823 0.581481 0.022396 0.075926
1 0.386719 0.418519 0.015104 0.061111
1 0.586458 0.709259 0.022917 0.092593
1 0.801562 0.510185 0.017708 0.068519
1 0.385156 0.528704 0.023438 0.072222
1 0.400521 0.342593 0.014583 0.055556
1 0.660677 0.267130 0.008854 0.045370
1 0.547135 0.355556 0.016146 0.057407
1 0.264323 0.309722 0.017188 0.052778
1 0.204687 0.324537 0.021875 0.045370
1 0.897135 0.403241 0.014063 0.060185
1 0.188542 0.315741 0.011458 0.044444
1 0.247396 0.263426 0.010417 0.041667
1 0.494531 0.315741 0.018229 0.053704
1 0.423698 0.398148 0.020313 0.059259
1 0.376823 0.246759 0.014063 0.047222
1 0.452083 0.275000 0.011458 0.048148
1 0.429948 0.166667 0.007812 0.031481
1 0.866406 0.420833 0.016146 0.065741
1 0.138021 0.340278 0.021875 0.047222
1 0.125260 0.330556 0.011979 0.050000
0 0.110417 0.349537 0.005208 0.010185
