1 0.301563 0.391667 0.015625 0.062963
1 0.209375 0.418519 0.020833 0.068519
1 0.130990 0.601389 0.021354 0.082407
1 0.407292 0.402315 0.012500 0.065741
1 0.614583 0.719444 0.022917 0.098148
1 0.802604 0.470370 0.017708 0.066667
1 0.402865 0.510185 0.020313 0.070370
1 0.434375 0.323611 0.015625 0.056481
1 0.684115 0.236574 0.009896 0.045370
1 0.572917 0.330556 0.021875 0.057407
1 0.296354 0.285185 0.018750 0.053704
1 0.235937 0.307870 0.018750 0.054630
1 0.884115 0.368056 0.010937 0.060185
1 0.229687 0.284259 0.011458 0.046296
1 0.264583 0.249537 0.013542 0.043519
1 0.509115 0.291667 0.009896 0.051852
1 0.455208 0.393981 0.017708 0.067593
1 0.397396 0.214815 0.017708 0.046296
1 0.471875 0.243519 0.014583 0.046296
1 0.456250 0.145370 0.012500 0.037037
1 0.852604 0.390278 0.013542 0.063889
1 0.205729 0.312963 0.020833 0.046296
1 0.151302 0.291204 0.014063 0.037963
0 0.180208 0.305556 0.005208 0.009259
