1 0.275000 0.418519 0.018750 0.059259
1 0.194271 0.430556 0.021875 0.059259
1 0.130990 0.572685 0.019271 0.069444
1 0.379167 0.431019 0.013542 0.060185
1 0.572656 0.708796 0.029687 0.078704
1 0.820573 0.548611 0.013021 0.073148
1 0.380729 0.547222 0.015625 0.068519
1 0.387760 0.367130 0.016146 0.056481
1 0.659635 0.297222 0.014063 0.050000
1 0.558333 0.382407 0.009375 0.062963
1 0.257552 0.330556 0.013021 0.050000
1 0.186198 0.351852 0.014063 0.048148
1 0.924708 0.440769 0.014646 0.062037
1 0.175000 0.332870 0.010417 0.041667
1 0.267188 0.281944 0.011458 0.041667
1 0.502344 0.344907 0.016146 0.052778
1 0.404427 0.408333 0.010937 0.053704
1 0.382552 0.280093 0.009896 0.047222
1 0.465104 0.306019 0.012500 0.052778
1 0.437370 0.190741 0.006510 0.035185
1 0.900536 0.455037 0.016146 0.064815
1 0.097917 0.372222 0.016667 0.046296
1 0.121354 0.364352 0.015625 0.047222
0 0.087500 0.389352 0.006250 0.012037
