1 0.334896 0.390278 0.018750 0.067593
1 0.230990 0.424074 0.020313 0.074074
1 0.148698 0.627315 0.024479 0.087963
1 0.435937 0.394907 0.018750 0.065741
1 0.642969 0.739352 0.018229 0.095370
1 0.813542 0.443056 0.019792 0.069444
1 0.417708 0.503241 0.016667 0.073148
1 0.472917 0.310648 0.019792 0.058333
1 0.712240 0.213889 0.015104 0.044444
1 0.605990 0.318056 0.013021 0.060185
1 0.333073 0.266667 0.014063 0.051852
1 0.266406 0.306481 0.021354 0.053704
1 0.881250 0.343981 0.013542 0.058333
1 0.273438 0.255093 0.015625 0.045370
1 0.297656 0.240278 0.017188 0.045370
1 0.533594 0.274074 0.015104 0.053704
1 0.488802 0.396296 0.022396 0.068519
1 0.430208 0.190741 0.016667 0.044444
1 0.504427 0.221296 0.019271 0.046296
1 0.488802 0.133333 0.010937 0.035185
1 0.840365 0.368056 0.016146 0.063889
1 0.258333 0.296759 0.015625 0.052778
1 0.153125 0.273611 0.016667 0.043519
