1 0.338802 0.389815 0.017188 0.064815
1 0.233854 0.427778 0.018750 0.075926
1 0.149219 0.630556 0.023438 0.085185
1 0.438021 0.394907 0.016667 0.067593
1 0.646615 0.739815 0.020313 0.096296
1 0.815104 0.440278 0.016667 0.067593
1 0.420833 0.501852 0.017708 0.072222
1 0.476042 0.311111 0.016667 0.059259
1 0.715104 0.211111 0.011458 0.042593
1 0.610938 0.315741 0.017708 0.059259
1 0.338542 0.264352 0.018750 0.050926
1 0.273133 0.307787 0.018766 0.052778
1 0.880729 0.339815 0.014583 0.059259
1 0.278385 0.251852 0.009896 0.044444
1 0.302083 0.239352 0.014583 0.045370
1 0.535937 0.272685 0.011458 0.052778
1 0.492188 0.396296 0.016667 0.068519
1 0.434115 0.186574 0.018229 0.043519
1 0.508854 0.218981 0.014583 0.045370
1 0.491667 0.131481 0.009375 0.035185
1 0.838542 0.364815 0.015625 0.064815
1 0.265076 0.300444 0.015474 0.051333
1 0.152604 0.273148 0.016667 0.040741
