1 0.272656 0.406019 0.018229 0.062037
1 0.196094 0.419907 0.023438 0.058333
1 0.125781 0.576389 0.022396 0.069444
1 0.384896 0.420370 0.020833 0.061111
1 0.583594 0.706481 0.025521 0.090741
1 0.802865 0.516204 0.019271 0.069444
1 0.383073 0.532407 0.022396 0.072222
1 0.396094 0.345833 0.021354 0.056481
1 0.658854 0.270833 0.010417 0.047222
1 0.547396 0.359722 0.011458 0.056481
1 0.258854 0.316204 0.011458 0.050926
1 0.198698 0.329167 0.018229 0.045370
1 0.900521 0.407870 0.013542 0.060185
1 0.181771 0.317130 0.016667 0.043519
1 0.249219 0.267130 0.008854 0.043519
1 0.494271 0.320370 0.012500 0.053704
1 0.419531 0.396759 0.022396 0.058333
1 0.375000 0.252778 0.011458 0.046296
1 0.451302 0.279167 0.014063 0.049074
1 0.427604 0.170370 0.008333 0.031481
1 0.869792 0.425926 0.016667 0.066667
1 0.127083 0.343519 0.019792 0.051852
1 0.121021 0.340144 0.020719 0.051083
0 0.102344 0.355556 0.005729 0.009259
