1 0.241146 0.412037 0.012500 0.046296
1 0.118750 0.449074 0.023958 0.061111
1 0.119010 0.549074 0.019271 0.061111
1 0.305469 0.435648 0.020313 0.043519
1 0.465885 0.697222 0.025521 0.079630
1 0.859375 0.602315 0.016667 0.080556
1 0.322917 0.561574 0.017708 0.052778
1 0.317708 0.383796 0.009375 0.054630
1 0.639583 0.331944 0.013542 0.043519
1 0.554427 0.412500 0.014063 0.062037
1 0.238281 0.342130 0.010937 0.050926
1 0.165104 0.384259 0.011458 0.057407
1 0.956771 0.484259 0.013542 0.055556
1 0.184896 0.346759 0.011458 0.045370
1 0.322396 0.291667 0.010417 0.038889
1 0.499219 0.368981 0.010937 0.052778
1 0.352604 0.410185 0.013542 0.051852
1 0.389583 0.322222 0.013542 0.050000
1 0.491406 0.344907 0.017188 0.045370
1 0.470573 0.206944 0.008854 0.036111
1 0.944010 0.496296 0.018229 0.062963
1 0.011630 0.398519 0.015865 0.050926
1 0.140547 0.389995 0.010781 0.054620
0 0.944531 0.525000 0.004687 0.007407
