1 0.273177 0.405093 0.017188 0.062037
1 0.197135 0.418981 0.021354 0.058333
1 0.126042 0.577778 0.022917 0.072222
1 0.385156 0.419444 0.019271 0.061111
1 0.584635 0.707870 0.025521 0.093519
1 0.802083 0.513889 0.018750 0.066667
1 0.383854 0.531019 0.022917 0.071296
1 0.397396 0.344907 0.019792 0.056481
1 0.659115 0.269907 0.008854 0.047222
1 0.547135 0.358796 0.013021 0.056481
1 0.260677 0.313889 0.014063 0.051852
1 0.200781 0.326852 0.021354 0.044444
1 0.899479 0.406019 0.013542 0.060185
1 0.183854 0.317130 0.014583 0.043519
1 0.248438 0.265741 0.009375 0.042593
1 0.494792 0.318981 0.014583 0.052778
1 0.421094 0.398148 0.024479 0.061111
1 0.375521 0.250926 0.012500 0.046296
1 0.451042 0.277778 0.013542 0.048148
1 0.428125 0.169444 0.008333 0.031481
1 0.868490 0.424074 0.016146 0.066667
1 0.129167 0.343519 0.017708 0.044444
1 0.120505 0.337083 0.022260 0.050926
0 0.104948 0.353241 0.005729 0.010185
