1 0.315104 0.389352 0.018750 0.065741
1 0.216406 0.417593 0.018229 0.068519
1 0.136198 0.603704 0.021354 0.077778
1 0.416406 0.398148 0.016146 0.064815
1 0.622917 0.727315 0.023958 0.093519
1 0.805729 0.459259 0.016667 0.070370
1 0.407813 0.506019 0.015625 0.071296
1 0.447917 0.316204 0.021875 0.056481
1 0.692708 0.228241 0.017708 0.045370
1 0.584115 0.325463 0.013021 0.060185
1 0.307552 0.279167 0.015104 0.052778
1 0.245312 0.300463 0.013542 0.056481
1 0.882031 0.361574 0.014063 0.060185
1 0.244792 0.266667 0.008333 0.029630
1 0.272917 0.247222 0.009375 0.046296
1 0.517188 0.283333 0.015625 0.053704
1 0.464062 0.393056 0.015625 0.063889
1 0.407031 0.206019 0.008854 0.043519
1 0.481510 0.236574 0.016146 0.047222
1 0.466406 0.143519 0.008854 0.033333
1 0.849219 0.382870 0.014063 0.063889
1 0.224219 0.304630 0.017188 0.050000
1 0.153906 0.285648 0.016146 0.039815
0 0.207641 0.293745 0.005240 0.007694
