1 0.269792 0.431019 0.016667 0.058333
1 0.178385 0.442130 0.028646 0.058333
1 0.128125 0.570370 0.016667 0.068519
1 0.371615 0.438889 0.019271 0.057407
1 0.553125 0.717130 0.021875 0.082407
1 0.845052 0.588889 0.018229 0.079630
1 0.377083 0.560648 0.019792 0.071296
1 0.378385 0.383796 0.018229 0.056481
1 0.665104 0.319444 0.016667 0.048148
1 0.572917 0.404167 0.011458 0.063889
1 0.258333 0.343981 0.008333 0.041667
1 0.174479 0.375926 0.014583 0.048148
1 0.946875 0.466667 0.017708 0.062963
1 0.177083 0.343981 0.010417 0.032407
1 0.294010 0.294444 0.010937 0.038889
1 0.514323 0.366204 0.018229 0.050926
1 0.394010 0.415741 0.015104 0.053704
1 0.395573 0.304630 0.009896 0.048148
1 0.482292 0.330093 0.010417 0.050926
1 0.458333 0.207407 0.008333 0.037037
1 0.928646 0.481481 0.015625 0.066667
1 0.079167 0.390741 0.026042 0.050000
1 0.128906 0.389815 0.014063 0.048148
0 0.125052 0.379046 0.004198 0.007407
