1 0.320312 0.390278 0.012500 0.062037
1 0.219792 0.423148 0.014583 0.072222
1 0.140365 0.614815 0.019271 0.087037
1 0.421094 0.398148 0.016146 0.066667
1 0.631771 0.728704 0.026042 0.094444
1 0.809115 0.452778 0.011979 0.068519
1 0.411458 0.505093 0.015625 0.071296
1 0.455990 0.315278 0.015104 0.058333
1 0.700260 0.225000 0.010937 0.044444
1 0.592448 0.322685 0.018229 0.060185
1 0.318229 0.273611 0.021875 0.054630
1 0.251823 0.302315 0.014063 0.058333
1 0.882292 0.354630 0.014583 0.061111
1 0.255729 0.262963 0.012500 0.044444
1 0.280990 0.243519 0.017188 0.044444
1 0.521615 0.281481 0.011979 0.051852
1 0.471354 0.396296 0.018750 0.068519
1 0.414062 0.199537 0.015625 0.045370
1 0.489583 0.231019 0.015625 0.047222
1 0.475000 0.140278 0.010417 0.036111
1 0.846354 0.376852 0.015625 0.062963
1 0.234896 0.297685 0.013542 0.049074
1 0.152083 0.279630 0.016667 0.046296
0 0.226823 0.293056 0.004687 0.008333
