1 0.250521 0.415741 0.013542 0.051852
1 0.101823 0.463426 0.013021 0.060185
1 0.163542 0.527315 0.017708 0.060185
1 0.276302 0.468519 0.018229 0.048148
1 0.457552 0.698148 0.029687 0.075926
1 0.896615 0.615278 0.023438 0.069444
1 0.304948 0.594907 0.016146 0.056481
1 0.297135 0.393519 0.011979 0.051852
1 0.643490 0.348148 0.015104 0.044444
1 0.563542 0.418056 0.012500 0.063889
1 0.246094 0.344444 0.011979 0.051852
1 0.176302 0.389815 0.010937 0.053704
1 0.987240 0.494907 0.014063 0.062037
1 0.214323 0.349537 0.011979 0.047222
1 0.347135 0.300463 0.008854 0.037963
1 0.505729 0.374074 0.010417 0.053704
1 0.352083 0.417130 0.012500 0.056481
1 0.415104 0.332870 0.013542 0.047222
1 0.528906 0.359722 0.016146 0.043519
1 0.483073 0.214352 0.008854 0.034259
1 0.964844 0.507407 0.017188 0.068519
1 0.004388 0.404565 0.008776 0.055222
1 0.163802 0.396759 0.011979 0.049074
0 0.164302 0.392648 0.004167 0.007463
