1 0.267448 0.432870 0.014063 0.052778
1 0.081250 0.506944 0.013542 0.060185
1 0.222917 0.518519 0.014583 0.061111
1 0.316667 0.519907 0.021875 0.063889
1 0.502604 0.724537 0.022917 0.076852
1 0.909635 0.625000 0.028646 0.074074
1 0.325000 0.676389 0.014583 0.067593
1 0.285677 0.400926 0.016146 0.053704
1 0.661198 0.360648 0.016146 0.041667
1 0.559375 0.415741 0.013542 0.059259
1 0.225000 0.352778 0.009375 0.048148
1 0.166406 0.394444 0.014063 0.051852
1 0.960417 0.487500 0.017708 0.060185
1 0.241146 0.339352 0.015625 0.039815
1 0.350521 0.317130 0.008333 0.037963
1 0.504167 0.366204 0.020833 0.045370
1 0.350000 0.425000 0.015625 0.050000
1 0.438802 0.329630 0.009896 0.044444
1 0.574219 0.360648 0.017188 0.045370
1 0.460031 0.225588 0.009135 0.032898
1 0.903385 0.496296 0.020313 0.061111
1 0.216146 0.397222 0.017708 0.051852
