1 0.263542 0.437500 0.014583 0.054630
1 0.085677 0.502315 0.018229 0.050926
1 0.213802 0.525463 0.019271 0.058333
1 0.298958 0.519907 0.026042 0.058333
1 0.483333 0.726852 0.029167 0.081481
1 0.914583 0.635185 0.025000 0.075926
1 0.313542 0.659722 0.020833 0.075000
1 0.284375 0.412963 0.019792 0.053704
1 0.657813 0.367593 0.017708 0.046296
1 0.569010 0.429630 0.010937 0.059259
1 0.237760 0.359722 0.010937 0.049074
1 0.176302 0.402315 0.013021 0.052778
1 0.980469 0.505556 0.014063 0.061111
1 0.241323 0.351481 0.011104 0.044074
1 0.354948 0.320833 0.010937 0.039815
1 0.506510 0.379630 0.011979 0.050000
1 0.353646 0.430093 0.010417 0.058333
1 0.438281 0.343056 0.014063 0.045370
1 0.568750 0.372685 0.012500 0.045370
1 0.475000 0.234259 0.008333 0.029630
1 0.932292 0.514815 0.017708 0.064815
1 0.203646 0.412500 0.014583 0.052778
0 0.205380 0.408634 0.004167 0.008046
