1 0.241667 0.411574 0.011458 0.047222
1 0.117708 0.450463 0.021875 0.060185
1 0.122917 0.543519 0.020833 0.057407
1 0.297396 0.439815 0.020833 0.046296
1 0.460938 0.697222 0.023958 0.077778
1 0.865365 0.604167 0.015104 0.078704
1 0.317708 0.562500 0.016667 0.052778
1 0.312760 0.383796 0.011979 0.054630
1 0.640104 0.333333 0.013542 0.046296
1 0.554948 0.412037 0.014063 0.062963
1 0.239063 0.342130 0.011458 0.050926
1 0.165885 0.384722 0.010937 0.058333
1 0.960677 0.483796 0.018229 0.056481
1 0.187500 0.347222 0.012500 0.046296
1 0.325521 0.291667 0.010417 0.038889
1 0.498698 0.368519 0.011979 0.053704
1 0.351042 0.410648 0.012500 0.052778
1 0.392188 0.324074 0.012500 0.048148
1 0.497135 0.347685 0.014063 0.045370
1 0.472135 0.207407 0.008854 0.031481
1 0.946875 0.498611 0.019792 0.063889
1 0.009115 0.396759 0.015104 0.050926
1 0.143839 0.389718 0.015104 0.054991
