1 0.248958 0.379167 0.018750 0.054630
1 0.049740 0.478704 0.015104 0.068519
1 0.202083 0.456019 0.015625 0.058333
1 0.332292 0.469444 0.022917 0.064815
1 0.516146 0.674074 0.033333 0.083333
1 0.873958 0.536574 0.014583 0.071296
1 0.331771 0.659722 0.023958 0.080556
1 0.261458 0.331019 0.013542 0.049074
1 0.644531 0.289352 0.018229 0.043519
1 0.510938 0.342593 0.018750 0.059259
1 0.176042 0.288889 0.013542 0.046296
1 0.115625 0.333796 0.013542 0.050926
1 0.897917 0.402315 0.010417 0.054630
1 0.214844 0.266204 0.010937 0.041667
1 0.315885 0.257407 0.014063 0.040741
1 0.485677 0.285185 0.017188 0.044444
1 0.336719 0.353704 0.022396 0.051852
1 0.409896 0.258333 0.016667 0.042593
1 0.564063 0.292593 0.011458 0.046296
1 0.403125 0.159259 0.009375 0.033333
1 0.831510 0.401852 0.013021 0.061111
1 0.200260 0.329630 0.020313 0.051852
