1 0.267188 0.418519 0.010417 0.051852
1 0.075260 0.500926 0.015104 0.062963
1 0.223438 0.498148 0.013542 0.059259
1 0.332552 0.509259 0.016146 0.062963
1 0.514323 0.710185 0.023438 0.075926
1 0.903646 0.600926 0.017708 0.075926
1 0.334635 0.672685 0.019271 0.067593
1 0.283594 0.378241 0.013021 0.052778
1 0.660937 0.341667 0.012500 0.040741
1 0.545573 0.393519 0.010937 0.059259
1 0.211458 0.333796 0.012500 0.043519
1 0.155208 0.375926 0.014583 0.051852
1 0.939323 0.461111 0.013021 0.059259
1 0.238021 0.316667 0.014583 0.040741
1 0.342969 0.301389 0.008854 0.037963
1 0.500260 0.342130 0.018229 0.041667
1 0.350521 0.406481 0.011458 0.046296
1 0.434375 0.308796 0.011458 0.043519
1 0.576302 0.341204 0.019271 0.045370
1 0.443490 0.209259 0.008854 0.033333
1 0.877865 0.468519 0.014063 0.059259
1 0.221354 0.376852 0.015625 0.050000
