1 0.266406 0.433796 0.015104 0.052778
1 0.081250 0.506481 0.013542 0.059259
1 0.222135 0.519444 0.017188 0.062963
1 0.315625 0.519907 0.021875 0.063889
1 0.501042 0.726852 0.022917 0.077778
1 0.909896 0.627315 0.030208 0.075000
1 0.324740 0.676852 0.014063 0.068519
1 0.286198 0.402315 0.014063 0.052778
1 0.660417 0.361574 0.017708 0.041667
1 0.560156 0.417130 0.011979 0.060185
1 0.226042 0.354167 0.010417 0.047222
1 0.167448 0.394907 0.014063 0.050926
1 0.962240 0.488889 0.017188 0.059259
1 0.241146 0.339815 0.015625 0.040741
1 0.350521 0.317593 0.009375 0.038889
1 0.504687 0.367130 0.019792 0.045370
1 0.348438 0.426852 0.016667 0.050000
1 0.439063 0.331481 0.009375 0.044444
1 0.573698 0.362037 0.015104 0.044444
1 0.460951 0.226639 0.009422 0.031556
1 0.905990 0.497222 0.019271 0.061111
1 0.215104 0.399074 0.014583 0.051852
