1 0.250521 0.380093 0.017708 0.058333
1 0.051562 0.478704 0.016667 0.068519
1 0.203646 0.458333 0.014583 0.057407
1 0.332031 0.470370 0.021354 0.062963
1 0.515625 0.675463 0.031250 0.082407
1 0.874740 0.539815 0.013021 0.072222
1 0.331510 0.659259 0.024479 0.079630
1 0.262500 0.334259 0.015625 0.050000
1 0.645052 0.292593 0.017188 0.042593
1 0.512500 0.345833 0.018750 0.058333
1 0.178385 0.291667 0.014063 0.046296
1 0.117708 0.335648 0.013542 0.050926
1 0.900260 0.407407 0.010937 0.055556
1 0.216667 0.268981 0.009375 0.041667
1 0.317448 0.259259 0.015104 0.040741
1 0.486719 0.289815 0.016146 0.044444
1 0.337240 0.356944 0.019271 0.050926
1 0.411198 0.261111 0.016146 0.042593
1 0.564323 0.296296 0.014063 0.046296
1 0.405729 0.162037 0.009375 0.035185
1 0.833854 0.406481 0.011458 0.061111
1 0.202083 0.331944 0.019792 0.052778
