1 0.258854 0.393519 0.011458 0.053704
1 0.061719 0.484722 0.015104 0.063889
1 0.212760 0.473148 0.016146 0.057407
1 0.335938 0.486111 0.018750 0.062963
1 0.519271 0.687037 0.021875 0.075926
1 0.883073 0.559722 0.014063 0.075000
1 0.335677 0.661574 0.018229 0.069444
1 0.272656 0.349074 0.020313 0.050000
1 0.653125 0.308796 0.013542 0.041667
1 0.525781 0.363426 0.019271 0.056481
1 0.190885 0.305556 0.011979 0.046296
1 0.130469 0.349537 0.010937 0.052778
1 0.912500 0.423611 0.015625 0.056481
1 0.225000 0.285185 0.015625 0.040741
1 0.327083 0.274074 0.008333 0.038889
1 0.493750 0.306944 0.014583 0.043519
1 0.344792 0.373148 0.010417 0.050000
1 0.420052 0.277315 0.009896 0.043519
1 0.569271 0.309259 0.018750 0.044444
1 0.418229 0.177778 0.008333 0.033333
1 0.846875 0.426389 0.012500 0.058333
1 0.210938 0.347222 0.011458 0.051852
