1 0.265104 0.435185 0.016667 0.055556
1 0.082031 0.506019 0.010937 0.054630
1 0.221615 0.519907 0.018229 0.062037
1 0.311979 0.518981 0.018750 0.060185
1 0.496354 0.728704 0.027083 0.081481
1 0.911458 0.629167 0.031250 0.076852
1 0.322396 0.676852 0.019792 0.074074
1 0.286719 0.405556 0.011979 0.053704
1 0.660156 0.362500 0.019271 0.043519
1 0.560677 0.418981 0.009896 0.060185
1 0.228385 0.356481 0.010937 0.046296
1 0.169271 0.396759 0.014583 0.050926
1 0.966146 0.493519 0.014583 0.059259
1 0.241406 0.343056 0.013021 0.041667
1 0.351302 0.318056 0.010937 0.039815
1 0.505469 0.370370 0.018229 0.044444
1 0.348177 0.428704 0.018229 0.051852
1 0.438802 0.334259 0.011979 0.044444
1 0.574479 0.365278 0.012500 0.045370
1 0.464062 0.228704 0.008333 0.033333
1 0.910156 0.500463 0.015104 0.062037
1 0.214323 0.402315 0.011979 0.052778
