1 0.247135 0.412963 0.013021 0.053704
1 0.102865 0.462500 0.018229 0.062037
1 0.155469 0.530093 0.013021 0.060185
1 0.276562 0.461574 0.017708 0.050926
1 0.454167 0.693056 0.021875 0.071296
1 0.889844 0.609722 0.017188 0.076852
1 0.307292 0.588426 0.017708 0.065741
1 0.298958 0.389352 0.011458 0.052778
1 0.642708 0.343056 0.014583 0.049074
1 0.559896 0.417130 0.012500 0.063889
1 0.244271 0.343981 0.012500 0.052778
1 0.173698 0.388426 0.014063 0.054630
1 0.981250 0.493056 0.014583 0.063889
1 0.208333 0.350000 0.011458 0.046296
1 0.342187 0.297222 0.010417 0.038889
1 0.504427 0.372222 0.008854 0.053704
1 0.350781 0.415741 0.011979 0.059259
1 0.408594 0.329630 0.016146 0.048148
1 0.521354 0.354630 0.017708 0.044444
1 0.481250 0.212037 0.009375 0.035185
1 0.960677 0.506019 0.022396 0.065741
1 0.004216 0.402676 0.008432 0.055574
1 0.159115 0.395833 0.009896 0.043519
