1 0.260677 0.430093 0.013021 0.050926
1 0.092448 0.489352 0.013021 0.054630
1 0.196615 0.528704 0.014063 0.059259
1 0.279687 0.501852 0.022917 0.051852
1 0.472135 0.715278 0.022396 0.080556
1 0.912240 0.628704 0.018229 0.066667
1 0.308854 0.633333 0.020833 0.061111
1 0.289062 0.408333 0.013542 0.053704
1 0.654167 0.364815 0.013542 0.044444
1 0.571615 0.427778 0.011979 0.061111
1 0.245833 0.357407 0.011458 0.050000
1 0.181771 0.389815 0.009375 0.033333
1 0.992188 0.508796 0.011458 0.063889
1 0.235417 0.356019 0.009375 0.045370
1 0.356510 0.315278 0.009896 0.039815
1 0.510156 0.380556 0.009896 0.051852
1 0.355729 0.427315 0.012500 0.056481
1 0.432292 0.341667 0.016667 0.046296
1 0.554427 0.368519 0.020313 0.048148
1 0.485047 0.226991 0.010937 0.037037
1 0.952604 0.517130 0.021875 0.063889
1 0.004479 0.417472 0.008958 0.046019
1 0.184115 0.409722 0.018229 0.050926
0 0.184438 0.406269 0.004167 0.007796
