1 0.257292 0.425000 0.015625 0.053704
1 0.096875 0.480556 0.015625 0.059259
1 0.186719 0.528241 0.024479 0.058333
1 0.276823 0.492593 0.018229 0.053704
1 0.467448 0.705556 0.031771 0.079630
1 0.908854 0.621759 0.018750 0.071296
1 0.304948 0.622685 0.018229 0.065741
1 0.292448 0.403241 0.013021 0.052778
1 0.650260 0.359259 0.017188 0.042593
1 0.568229 0.424074 0.016667 0.061111
1 0.247396 0.353704 0.011458 0.051852
1 0.182552 0.397222 0.011979 0.053704
1 0.992188 0.503704 0.014583 0.062963
1 0.229167 0.352176 0.014583 0.049352
1 0.354687 0.308796 0.009375 0.039815
1 0.508594 0.378704 0.009896 0.051852
1 0.355469 0.424537 0.015104 0.056481
1 0.428906 0.339815 0.013021 0.046296
1 0.548698 0.366667 0.011979 0.046296
1 0.485417 0.224074 0.010417 0.033333
1 0.960417 0.512963 0.015625 0.064815
1 0.005260 0.413810 0.010521 0.050898
1 0.179167 0.405926 0.016667 0.047407
0 0.179859 0.402083 0.004167 0.007685
