1 0.265625 0.413426 0.012500 0.052778
1 0.074479 0.499537 0.015625 0.063889
1 0.223438 0.492593 0.011458 0.059259
1 0.334115 0.503704 0.013021 0.059259
1 0.514323 0.706481 0.026562 0.081481
1 0.900521 0.594907 0.023958 0.075000
1 0.334635 0.672222 0.021354 0.070370
1 0.282292 0.372222 0.013542 0.053704
1 0.658854 0.335185 0.014583 0.040741
1 0.542969 0.387500 0.009896 0.058333
1 0.208594 0.329167 0.011979 0.045370
1 0.151562 0.371296 0.014583 0.050000
1 0.934375 0.454630 0.010417 0.057407
1 0.236979 0.312500 0.010417 0.037963
1 0.340885 0.296296 0.009896 0.040741
1 0.501823 0.336111 0.016146 0.042593
1 0.349740 0.400000 0.015104 0.046296
1 0.431771 0.302778 0.013542 0.044444
1 0.576042 0.336111 0.019792 0.046296
1 0.439323 0.203241 0.008854 0.032407
1 0.871875 0.460185 0.016667 0.059259
1 0.221094 0.372222 0.019271 0.046296
