1 0.263281 0.437500 0.015104 0.054630
1 0.086458 0.501852 0.017708 0.051852
1 0.213281 0.525926 0.018229 0.059259
1 0.297135 0.519907 0.025521 0.058333
1 0.483333 0.725000 0.029167 0.079630
1 0.915104 0.634722 0.023958 0.075000
1 0.313542 0.656944 0.021875 0.071296
1 0.284375 0.413426 0.020833 0.054630
1 0.658073 0.367593 0.017188 0.044444
1 0.569010 0.429167 0.009896 0.060185
1 0.238021 0.360185 0.010417 0.048148
1 0.177083 0.403241 0.013542 0.052778
1 0.981510 0.506481 0.013021 0.061111
1 0.240630 0.351991 0.011448 0.044352
1 0.355729 0.320833 0.009375 0.039815
1 0.506510 0.380556 0.013021 0.050000
1 0.354167 0.430556 0.011458 0.059259
1 0.437500 0.343056 0.015625 0.045370
1 0.566927 0.371759 0.014063 0.043519
1 0.476302 0.233796 0.008854 0.030556
1 0.934635 0.515278 0.017188 0.063889
1 0.203125 0.412963 0.012500 0.053704
0 0.204729 0.409843 0.004167 0.008019
