1 0.345052 0.364352 0.021354 0.060185
1 0.113542 0.557870 0.022917 0.078704
1 0.237240 0.453704 0.011979 0.070370
1 0.452865 0.513889 0.019271 0.075926
1 0.750781 0.680093 0.027604 0.087963
1 0.898438 0.460185 0.019792 0.072222
1 0.556250 0.756944 0.031250 0.091667
1 0.311719 0.287500 0.010937 0.054630
1 0.761719 0.253241 0.008854 0.047222
1 0.539583 0.310185 0.010417 0.061111
1 0.175000 0.235648 0.015625 0.047222
1 0.068750 0.318981 0.013542 0.056481
1 0.882812 0.324074 0.010417 0.053704
1 0.276042 0.198611 0.016667 0.041667
1 0.382812 0.238426 0.010417 0.045370
1 0.576823 0.201852 0.010937 0.044444
1 0.467969 0.298611 0.019271 0.052778
1 0.477865 0.213889 0.015104 0.046296
1 0.686719 0.250463 0.013021 0.045370
1 0.363021 0.118519 0.009375 0.033333
1 0.780469 0.335185 0.011979 0.059259
1 0.028125 0.332407 0.016667 0.053704
1 0.179427 0.281944 0.010937 0.052778
