1 0.325521 0.374537 0.013542 0.062037
1 0.098177 0.527778 0.021354 0.075926
1 0.235677 0.450463 0.020313 0.063889
1 0.436458 0.491204 0.013542 0.069444
1 0.690365 0.693519 0.026562 0.087037
1 0.908073 0.483333 0.013021 0.072222
1 0.495052 0.730093 0.020313 0.080556
1 0.307552 0.299537 0.016146 0.052778
1 0.734896 0.265278 0.009375 0.043519
1 0.534896 0.323148 0.019792 0.057407
1 0.185938 0.246296 0.013542 0.046296
1 0.092708 0.318056 0.015625 0.054630
1 0.890365 0.344907 0.011979 0.058333
1 0.264844 0.218056 0.009896 0.041667
1 0.367448 0.241204 0.009896 0.041667
1 0.569792 0.228241 0.009375 0.043519
1 0.436979 0.316667 0.013542 0.051852
1 0.463802 0.226389 0.010937 0.043519
1 0.657292 0.264352 0.016667 0.047222
1 0.383854 0.128704 0.010417 0.033333
1 0.799740 0.341667 0.010937 0.057407
1 0.009115 0.338889 0.010937 0.053704
1 0.202344 0.294444 0.010937 0.055556
