1 0.330990 0.370370 0.013021 0.061111
1 0.100260 0.541204 0.024479 0.078704
1 0.231510 0.450463 0.017188 0.067593
1 0.440625 0.504167 0.018750 0.073148
1 0.713021 0.687963 0.026042 0.088889
1 0.901302 0.469907 0.013021 0.071296
1 0.519792 0.743056 0.026042 0.087963
1 0.306250 0.293519 0.018750 0.053704
1 0.741406 0.259722 0.016146 0.043519
1 0.532552 0.316667 0.015104 0.059259
1 0.177344 0.241667 0.015104 0.046296
1 0.078646 0.318519 0.014583 0.055556
1 0.879948 0.332407 0.010937 0.055556
1 0.265625 0.211574 0.010417 0.037963
1 0.370052 0.237963 0.011979 0.044444
1 0.569531 0.216667 0.010937 0.044444
1 0.447656 0.308796 0.016146 0.054630
1 0.466146 0.219907 0.014583 0.043519
1 0.666927 0.257870 0.010937 0.047222
1 0.369792 0.122222 0.008333 0.035185
1 0.785677 0.337500 0.013021 0.056481
1 0.012500 0.336574 0.010417 0.054630
1 0.189323 0.288889 0.014063 0.053704
