1 0.363802 0.362500 0.013021 0.058333
1 0.140365 0.571296 0.017188 0.075926
1 0.256510 0.458796 0.017188 0.067593
1 0.474219 0.522685 0.017188 0.073148
1 0.789844 0.679167 0.029687 0.087963
1 0.900781 0.450463 0.021354 0.069444
1 0.605729 0.775463 0.029167 0.089815
1 0.328646 0.282870 0.011458 0.056481
1 0.788021 0.251389 0.013542 0.047222
1 0.555208 0.309259 0.012500 0.061111
1 0.186198 0.231481 0.016146 0.046296
1 0.077344 0.321759 0.015104 0.056481
1 0.895833 0.325463 0.008333 0.056481
1 0.297656 0.193981 0.007812 0.041667
1 0.401562 0.234259 0.011458 0.048148
1 0.594531 0.198611 0.007812 0.043519
1 0.498177 0.295370 0.016146 0.051852
1 0.497135 0.210185 0.013021 0.044444
1 0.715365 0.244444 0.017188 0.048148
1 0.366146 0.117130 0.008333 0.034259
1 0.782292 0.337037 0.014583 0.059259
1 0.061458 0.332407 0.019792 0.057407
1 0.177604 0.277315 0.012500 0.052778
