1 0.323177 0.376389 0.016146 0.060185
1 0.096354 0.523611 0.018750 0.076852
1 0.234896 0.449074 0.015625 0.064815
1 0.435417 0.493056 0.013542 0.069444
1 0.681250 0.696296 0.032292 0.085185
1 0.908333 0.487037 0.015625 0.070370
1 0.488802 0.730556 0.018229 0.079630
1 0.306771 0.301389 0.011458 0.054630
1 0.732552 0.266667 0.013021 0.044444
1 0.535677 0.323611 0.019271 0.058333
1 0.186979 0.248611 0.009375 0.049074
1 0.095312 0.316667 0.012500 0.055556
1 0.893750 0.347685 0.011458 0.060185
1 0.263281 0.218981 0.017188 0.041667
1 0.365104 0.242593 0.015625 0.040741
1 0.567708 0.229630 0.014583 0.042593
1 0.432812 0.318519 0.015625 0.051852
1 0.463802 0.229167 0.008854 0.043519
1 0.654167 0.263889 0.019792 0.046296
1 0.386979 0.129630 0.009375 0.033333
1 0.802083 0.344907 0.014583 0.056481
1 0.008073 0.338426 0.015104 0.054630
1 0.205729 0.296759 0.013542 0.054630
