1 0.282292 0.377315 0.012500 0.054630
1 0.071615 0.495370 0.017188 0.070370
1 0.221094 0.448611 0.014063 0.062037
1 0.386979 0.476389 0.020833 0.063889
1 0.583333 0.686574 0.027083 0.082407
1 0.888281 0.512500 0.019271 0.069444
1 0.403385 0.687963 0.019271 0.079630
1 0.282292 0.316204 0.013542 0.052778
1 0.685677 0.279630 0.015104 0.046296
1 0.521875 0.331019 0.020833 0.056481
1 0.181771 0.269907 0.012500 0.049074
1 0.110417 0.321759 0.011458 0.052778
1 0.899740 0.381944 0.015104 0.056481
1 0.238281 0.242593 0.017188 0.040741
1 0.337240 0.247222 0.010937 0.040741
1 0.526042 0.258796 0.014583 0.043519
1 0.379167 0.336574 0.015625 0.052778
1 0.434635 0.243056 0.010937 0.041667
1 0.603125 0.277315 0.015625 0.045370
1 0.397917 0.143981 0.009375 0.032407
1 0.820833 0.373611 0.013542 0.058333
1 0.212760 0.313426 0.017188 0.052778
