1 0.305729 0.375000 0.014583 0.057407
1 0.087500 0.506944 0.016667 0.069444
1 0.229948 0.446296 0.011979 0.064815
1 0.415365 0.480556 0.018229 0.064815
1 0.629167 0.693981 0.023958 0.084259
1 0.901563 0.503241 0.022917 0.069444
1 0.441927 0.703241 0.021354 0.078704
1 0.296094 0.309722 0.017188 0.054630
1 0.710156 0.274074 0.014063 0.046296
1 0.529687 0.326389 0.017708 0.060185
1 0.188021 0.260648 0.013542 0.047222
1 0.109635 0.319444 0.011979 0.053704
1 0.901563 0.368519 0.014583 0.057407
1 0.252344 0.235185 0.013021 0.040741
1 0.352604 0.245833 0.013542 0.041667
1 0.549479 0.247685 0.015625 0.043519
1 0.407292 0.329630 0.013542 0.051852
1 0.450260 0.237037 0.010937 0.044444
1 0.628906 0.273611 0.019271 0.045370
1 0.397917 0.137500 0.007292 0.034259
1 0.817969 0.362963 0.010937 0.057407
1 0.216927 0.306944 0.016146 0.052778
