1 0.329427 0.372685 0.013021 0.058333
1 0.100260 0.536574 0.019271 0.076852
1 0.230990 0.447685 0.014063 0.067593
1 0.439844 0.500926 0.016146 0.072222
1 0.709375 0.689815 0.020833 0.083333
1 0.902865 0.475926 0.019271 0.068519
1 0.516146 0.742130 0.021875 0.086111
1 0.307031 0.294444 0.016146 0.053704
1 0.740365 0.262037 0.010937 0.042593
1 0.530729 0.315741 0.013542 0.061111
1 0.179688 0.242593 0.012500 0.046296
1 0.080990 0.318056 0.011979 0.056481
1 0.882552 0.332407 0.008854 0.057407
1 0.264844 0.212037 0.011979 0.040741
1 0.369792 0.239352 0.008333 0.043519
1 0.570052 0.219444 0.015104 0.044444
1 0.445312 0.311574 0.010417 0.050926
1 0.465885 0.222222 0.009896 0.042593
1 0.664583 0.258333 0.017708 0.046296
1 0.373177 0.123148 0.007812 0.033333
1 0.789583 0.338889 0.012500 0.057407
1 0.011458 0.337037 0.016667 0.053704
1 0.193229 0.289815 0.014583 0.053704
