1 0.333594 0.369444 0.020313 0.061111
1 0.100521 0.547685 0.017708 0.073148
1 0.233333 0.453704 0.021875 0.062963
1 0.441406 0.503704 0.015104 0.072222
1 0.721875 0.685648 0.035417 0.087963
1 0.898177 0.463426 0.015104 0.071296
1 0.526823 0.749537 0.030729 0.091667
1 0.306250 0.292593 0.013542 0.051852
1 0.745052 0.257870 0.008854 0.043519
1 0.533073 0.315741 0.018229 0.057407
1 0.173958 0.240278 0.010417 0.045370
1 0.073958 0.319444 0.014583 0.055556
1 0.876823 0.330556 0.014063 0.051852
1 0.266406 0.206019 0.017188 0.039815
1 0.371615 0.238889 0.016146 0.044444
1 0.570052 0.210648 0.009896 0.043519
1 0.450781 0.305093 0.022396 0.052778
1 0.467448 0.218981 0.014063 0.043519
1 0.670573 0.254167 0.015104 0.045370
1 0.365885 0.121759 0.008854 0.034259
1 0.781510 0.335648 0.014063 0.056481
1 0.015625 0.334722 0.018750 0.054630
1 0.184375 0.286574 0.012500 0.052778
