1 0.341927 0.365278 0.017188 0.062037
1 0.109896 0.553241 0.025000 0.078704
1 0.235156 0.453704 0.011979 0.070370
1 0.448437 0.510185 0.015625 0.075926
1 0.745052 0.681481 0.024479 0.090741
1 0.897396 0.462037 0.019792 0.070370
1 0.550000 0.754167 0.029167 0.089815
1 0.309375 0.287500 0.011458 0.056481
1 0.758333 0.253241 0.011458 0.047222
1 0.537240 0.310185 0.009896 0.061111
1 0.174219 0.236111 0.015104 0.048148
1 0.067708 0.318981 0.011458 0.058333
1 0.879687 0.325926 0.012500 0.055556
1 0.272917 0.200463 0.013542 0.043519
1 0.379948 0.237500 0.010937 0.047222
1 0.575000 0.204167 0.010417 0.045370
1 0.463021 0.300000 0.016667 0.055556
1 0.475260 0.213889 0.016146 0.046296
1 0.684115 0.251852 0.011979 0.046296
1 0.362500 0.118981 0.008333 0.034259
1 0.780208 0.335185 0.012500 0.059259
1 0.024479 0.334722 0.012500 0.056481
1 0.178906 0.282407 0.009896 0.053704
