1 0.321875 0.376389 0.020833 0.060185
1 0.095312 0.520833 0.016667 0.073148
1 0.233854 0.447222 0.013542 0.064815
1 0.434115 0.493519 0.017188 0.072222
1 0.675000 0.695833 0.034375 0.087963
1 0.907552 0.490741 0.019271 0.068519
1 0.482812 0.729630 0.026042 0.085185
1 0.307292 0.303241 0.011458 0.052778
1 0.730208 0.266204 0.016667 0.045370
1 0.535156 0.323611 0.017188 0.060185
1 0.188542 0.250463 0.008333 0.047222
1 0.097396 0.316667 0.011458 0.055556
1 0.896094 0.348611 0.009896 0.060185
1 0.263542 0.220370 0.016667 0.042593
1 0.365104 0.242593 0.015625 0.040741
1 0.566406 0.231019 0.015104 0.041667
1 0.430990 0.320370 0.021354 0.051852
1 0.462500 0.229630 0.012500 0.042593
1 0.652344 0.264352 0.015104 0.045370
1 0.388802 0.130093 0.007812 0.032407
1 0.804688 0.345833 0.014583 0.056481
1 0.007812 0.337500 0.015625 0.054630
1 0.208333 0.298148 0.014583 0.053704
