1 0.261458 0.374074 0.015625 0.053704
1 0.056771 0.485185 0.014583 0.068519
1 0.209115 0.447222 0.014063 0.061111
1 0.359115 0.470370 0.020313 0.064815
1 0.547917 0.676852 0.028125 0.081481
1 0.877604 0.514815 0.011458 0.070370
1 0.366146 0.672685 0.016667 0.076852
1 0.268229 0.318981 0.013542 0.052778
1 0.661198 0.280556 0.016146 0.044444
1 0.512500 0.332407 0.019792 0.055556
1 0.173698 0.275463 0.015104 0.047222
1 0.111198 0.323611 0.015104 0.050926
1 0.894531 0.384259 0.009896 0.059259
1 0.223177 0.250000 0.017188 0.040741
1 0.323437 0.247685 0.008333 0.039815
1 0.503125 0.269444 0.010417 0.040741
1 0.354948 0.342593 0.019271 0.053704
1 0.418750 0.246759 0.010417 0.041667
1 0.580469 0.279167 0.014063 0.043519
1 0.395573 0.148611 0.008854 0.032407
1 0.821094 0.379167 0.010937 0.058333
1 0.205729 0.318056 0.014583 0.052778
