1 0.370833 0.361574 0.017708 0.058333
1 0.148958 0.575926 0.017708 0.083333
1 0.260677 0.460648 0.023438 0.063889
1 0.482552 0.528704 0.020313 0.072222
1 0.801042 0.677315 0.019792 0.089815
1 0.901042 0.447222 0.022917 0.066667
1 0.620052 0.777315 0.025521 0.095370
1 0.333854 0.282407 0.012500 0.055556
1 0.794792 0.253241 0.008333 0.045370
1 0.560156 0.309722 0.011979 0.060185
1 0.188542 0.230556 0.010417 0.046296
1 0.079948 0.323611 0.016146 0.056481
1 0.900260 0.326389 0.011979 0.054630
1 0.303906 0.191204 0.013021 0.043519
1 0.405469 0.236111 0.016146 0.044444
1 0.598698 0.195833 0.008854 0.043519
1 0.504687 0.293519 0.014583 0.055556
1 0.501302 0.210648 0.010937 0.043519
1 0.723698 0.244907 0.010937 0.047222
1 0.367448 0.117130 0.007812 0.034259
1 0.783333 0.336574 0.013542 0.060185
1 0.069792 0.332870 0.010417 0.056481
1 0.177083 0.277315 0.012500 0.052778
