1 0.361719 0.362500 0.014063 0.060185
1 0.136198 0.569444 0.023438 0.077778
1 0.252344 0.458333 0.014063 0.068519
1 0.470833 0.519907 0.015625 0.076852
1 0.785156 0.678241 0.029687 0.087963
1 0.901042 0.451389 0.020833 0.071296
1 0.597396 0.773611 0.032292 0.091667
1 0.326823 0.283796 0.010937 0.054630
1 0.784635 0.252315 0.011979 0.049074
1 0.553125 0.310648 0.013542 0.060185
1 0.185417 0.231944 0.016667 0.047222
1 0.074740 0.321759 0.013021 0.056481
1 0.894010 0.325000 0.009896 0.055556
1 0.294271 0.193981 0.012500 0.041667
1 0.398177 0.234259 0.009896 0.048148
1 0.591146 0.199074 0.008333 0.042593
1 0.492708 0.295370 0.018750 0.051852
1 0.495052 0.211574 0.010937 0.045370
1 0.711719 0.244444 0.016146 0.048148
1 0.365365 0.117130 0.008854 0.034259
1 0.782031 0.337037 0.014063 0.059259
1 0.056771 0.331019 0.020833 0.056481
1 0.177865 0.277315 0.013021 0.052778
