1 0.328125 0.372685 0.022917 0.060185
1 0.098437 0.534259 0.014583 0.072222
1 0.233073 0.450000 0.015104 0.064815
1 0.437240 0.493519 0.015104 0.072222
1 0.696615 0.691204 0.032813 0.086111
1 0.908594 0.481481 0.016146 0.070370
1 0.502083 0.737500 0.030208 0.091667
1 0.307292 0.299074 0.011458 0.050000
1 0.737500 0.263889 0.014583 0.042593
1 0.532552 0.319444 0.015104 0.059259
1 0.183073 0.245370 0.009896 0.046296
1 0.088021 0.319444 0.014583 0.055556
1 0.886979 0.337963 0.010417 0.061111
1 0.264583 0.214815 0.013542 0.042593
1 0.367969 0.240278 0.014063 0.041667
1 0.569531 0.221296 0.010937 0.044444
1 0.440625 0.312963 0.020833 0.051852
1 0.464844 0.225000 0.017188 0.044444
1 0.661458 0.261574 0.012500 0.045370
1 0.378906 0.126852 0.009896 0.033333
1 0.796094 0.339815 0.008854 0.057407
1 0.010156 0.336111 0.017188 0.053704
1 0.197396 0.291667 0.010417 0.053704
