1 0.309635 0.375926 0.019271 0.059259
1 0.089844 0.507407 0.013021 0.066667
1 0.231771 0.449074 0.014583 0.062963
1 0.419010 0.481481 0.019271 0.068519
1 0.636719 0.694444 0.030729 0.087037
1 0.904427 0.501389 0.016146 0.069444
1 0.448698 0.707870 0.028646 0.084259
1 0.299219 0.310185 0.014063 0.051852
1 0.715885 0.273611 0.009896 0.045370
1 0.532292 0.327315 0.018750 0.058333
1 0.188542 0.259722 0.009375 0.045370
1 0.109896 0.318981 0.013542 0.052778
1 0.902344 0.367130 0.013021 0.056481
1 0.256250 0.232870 0.010417 0.041667
1 0.356250 0.245833 0.009375 0.039815
1 0.555208 0.244444 0.011458 0.044444
1 0.411198 0.326389 0.018229 0.052778
1 0.453385 0.234722 0.017188 0.043519
1 0.634635 0.273148 0.010937 0.044444
1 0.396615 0.135185 0.007812 0.033333
1 0.816667 0.359259 0.011458 0.055556
1 0.215885 0.305093 0.016146 0.052778
