1 0.317969 0.376389 0.013021 0.060185
1 0.094271 0.515278 0.021875 0.075000
1 0.233333 0.449074 0.013542 0.064815
1 0.429688 0.485648 0.011458 0.063889
1 0.659375 0.697222 0.021875 0.085185
1 0.910417 0.495370 0.018750 0.068519
1 0.470573 0.717593 0.023438 0.077778
1 0.304427 0.306481 0.018229 0.051852
1 0.723437 0.270370 0.013542 0.044444
1 0.535417 0.326852 0.013542 0.059259
1 0.190365 0.254630 0.015104 0.048148
1 0.105990 0.318056 0.014063 0.054630
1 0.900781 0.356944 0.009896 0.058333
1 0.259896 0.226389 0.013542 0.041667
1 0.361458 0.244907 0.011458 0.041667
1 0.561979 0.238889 0.012500 0.044444
1 0.423438 0.325000 0.011458 0.051852
1 0.460417 0.232407 0.011458 0.044444
1 0.644271 0.268519 0.019792 0.046296
1 0.393750 0.134259 0.008333 0.031481
1 0.811979 0.351389 0.012500 0.056481
1 0.003906 0.342593 0.007812 0.051852
1 0.213542 0.300926 0.011458 0.053704
