1 0.359375 0.362037 0.014583 0.061111
1 0.134115 0.566667 0.027604 0.081481
1 0.248177 0.458796 0.015104 0.069444
1 0.467969 0.518519 0.015104 0.077778
1 0.780469 0.677778 0.028646 0.088889
1 0.901302 0.452315 0.020313 0.071296
1 0.592187 0.770370 0.034375 0.092593
1 0.324219 0.284722 0.014063 0.052778
1 0.781771 0.253241 0.008333 0.047222
1 0.551042 0.311574 0.016667 0.058333
1 0.184115 0.232407 0.015104 0.046296
1 0.072917 0.321759 0.011458 0.058333
1 0.890885 0.325926 0.014063 0.053704
1 0.291927 0.193519 0.016146 0.042593
1 0.395833 0.235185 0.009375 0.046296
1 0.589323 0.199074 0.010937 0.042593
1 0.489583 0.295370 0.020833 0.055556
1 0.492448 0.211574 0.008854 0.045370
1 0.708333 0.245833 0.013542 0.049074
1 0.364844 0.117593 0.008854 0.033333
1 0.782292 0.336574 0.013542 0.060185
1 0.051562 0.331944 0.015625 0.056481
1 0.178125 0.278704 0.012500 0.053704
