1 0.387760 0.404167 0.014063 0.063889
1 0.157031 0.733796 0.029687 0.100926
1 0.313802 0.483796 0.022396 0.067593
1 0.546875 0.631019 0.017708 0.086111
1 0.900521 0.695370 0.022917 0.090741
1 0.916667 0.446296 0.018750 0.070370
1 0.807031 0.787500 0.035937 0.093519
1 0.353385 0.292593 0.016146 0.055556
1 0.833333 0.231944 0.010417 0.047222
1 0.566146 0.318519 0.014583 0.061111
1 0.195312 0.229167 0.012500 0.043519
1 0.075000 0.354630 0.018750 0.059259
1 0.875000 0.312500 0.014583 0.056481
1 0.347396 0.168981 0.008333 0.037963
1 0.372135 0.237037 0.011979 0.044444
1 0.654167 0.194907 0.010417 0.039815
1 0.580729 0.283333 0.011458 0.055556
1 0.552083 0.210185 0.012500 0.042593
1 0.792448 0.208333 0.007812 0.048148
1 0.321875 0.118981 0.009375 0.036111
1 0.782292 0.307870 0.012500 0.054630
1 0.145052 0.321296 0.019271 0.057407
1 0.098177 0.276852 0.014063 0.053704
