1 0.386458 0.392593 0.013542 0.062963
1 0.159635 0.716204 0.029687 0.102778
1 0.312500 0.475000 0.014583 0.072222
1 0.548698 0.619907 0.018229 0.082407
1 0.895833 0.693519 0.022917 0.090741
1 0.922135 0.446296 0.018229 0.072222
1 0.798177 0.792130 0.028646 0.099074
1 0.355729 0.286111 0.014583 0.057407
1 0.834375 0.231944 0.011458 0.047222
1 0.567448 0.315278 0.015104 0.060185
1 0.195052 0.223611 0.010937 0.043519
1 0.079167 0.346296 0.010417 0.061111
1 0.885156 0.312963 0.017188 0.055556
1 0.348958 0.164352 0.009375 0.039815
1 0.380990 0.231019 0.011979 0.047222
1 0.657552 0.187037 0.010937 0.044444
1 0.585417 0.279167 0.013542 0.052778
1 0.554688 0.204630 0.007292 0.046296
1 0.793490 0.208333 0.014063 0.044444
1 0.332031 0.114815 0.008854 0.037037
1 0.789323 0.307407 0.010937 0.057407
1 0.147396 0.316204 0.012500 0.056481
1 0.111198 0.271296 0.014063 0.053704
