1 0.387760 0.402315 0.013021 0.063889
1 0.157031 0.732870 0.031771 0.100926
1 0.314063 0.482870 0.021875 0.067593
1 0.547135 0.630556 0.020313 0.085185
1 0.900521 0.694444 0.020833 0.090741
1 0.917188 0.446759 0.018750 0.069444
1 0.804948 0.788426 0.038021 0.091667
1 0.354167 0.291667 0.014583 0.055556
1 0.833073 0.231481 0.009896 0.048148
1 0.566146 0.318519 0.014583 0.061111
1 0.195052 0.227778 0.013021 0.044444
1 0.076302 0.353704 0.019271 0.059259
1 0.876302 0.312963 0.014063 0.057407
1 0.347396 0.168519 0.009375 0.038889
1 0.373177 0.237037 0.011979 0.044444
1 0.654167 0.194444 0.012500 0.040741
1 0.581250 0.283333 0.012500 0.053704
1 0.553125 0.209259 0.012500 0.044444
1 0.792708 0.208796 0.007292 0.047222
1 0.323177 0.119444 0.008854 0.037037
1 0.783073 0.308333 0.011979 0.055556
1 0.146875 0.321296 0.020833 0.057407
1 0.100260 0.275926 0.014063 0.053704
