1 0.386198 0.365741 0.011979 0.061111
1 0.169010 0.636574 0.023438 0.089815
1 0.283594 0.464815 0.014063 0.072222
1 0.516927 0.570370 0.021354 0.083333
1 0.858073 0.681944 0.019271 0.089815
1 0.920052 0.442593 0.016146 0.068519
1 0.717448 0.809259 0.029687 0.101852
1 0.354167 0.274074 0.010417 0.057407
1 0.832552 0.238426 0.006771 0.050926
1 0.578125 0.304630 0.016667 0.061111
1 0.195573 0.218519 0.013021 0.050000
1 0.079687 0.325463 0.011458 0.060185
1 0.917448 0.325926 0.010937 0.055556
1 0.332552 0.172222 0.009896 0.040741
1 0.407031 0.225463 0.008854 0.047222
1 0.633854 0.181019 0.008333 0.045370
1 0.557552 0.277778 0.016146 0.055556
1 0.535937 0.201389 0.007292 0.045370
1 0.772656 0.220370 0.011979 0.046296
1 0.362240 0.107870 0.007812 0.037963
1 0.800781 0.321296 0.010937 0.059259
1 0.120833 0.318056 0.013542 0.058333
1 0.152604 0.266204 0.011458 0.052778
