1 0.386719 0.392593 0.013021 0.062963
1 0.159635 0.712037 0.026562 0.103704
1 0.312500 0.474537 0.014583 0.073148
1 0.548698 0.618056 0.016146 0.082407
1 0.895312 0.693056 0.025000 0.089815
1 0.922656 0.446296 0.018229 0.072222
1 0.797135 0.792130 0.025521 0.099074
1 0.355990 0.285185 0.015104 0.057407
1 0.835156 0.231481 0.011979 0.046296
1 0.568229 0.314352 0.013542 0.060185
1 0.195052 0.223148 0.009896 0.042593
1 0.079427 0.345370 0.009896 0.061111
1 0.886458 0.312963 0.017708 0.055556
1 0.349219 0.164352 0.008854 0.037963
1 0.382031 0.230093 0.011979 0.047222
1 0.657292 0.186111 0.009375 0.044444
1 0.585677 0.278704 0.011979 0.053704
1 0.554688 0.204167 0.007292 0.045370
1 0.794271 0.207870 0.013542 0.045370
1 0.333073 0.113889 0.008854 0.037037
1 0.790365 0.306481 0.010937 0.057407
1 0.147917 0.315741 0.012500 0.055556
1 0.112500 0.270370 0.013542 0.053704
