1 0.389583 0.377778 0.009375 0.064815
1 0.158854 0.692130 0.022917 0.100926
1 0.309635 0.467593 0.016146 0.070370
1 0.541927 0.603241 0.019271 0.087963
1 0.891406 0.690741 0.021354 0.090741
1 0.927344 0.442593 0.018229 0.070370
1 0.784115 0.802778 0.024479 0.101852
1 0.358073 0.276389 0.010937 0.056481
1 0.839323 0.227778 0.008854 0.048148
1 0.571094 0.303704 0.013021 0.059259
1 0.193490 0.215278 0.008854 0.045370
1 0.079167 0.334259 0.009375 0.061111
1 0.901823 0.314352 0.014063 0.058333
1 0.346354 0.158796 0.008333 0.037963
1 0.390365 0.223148 0.008854 0.048148
1 0.655990 0.178704 0.013021 0.040741
1 0.585156 0.273611 0.015104 0.054630
1 0.553906 0.199074 0.007812 0.046296
1 0.795052 0.204630 0.009896 0.048148
1 0.344010 0.106481 0.008854 0.037037
1 0.798698 0.306944 0.011979 0.058333
1 0.146354 0.312037 0.012500 0.057407
1 0.126823 0.262500 0.013021 0.052778
