1 0.385156 0.408333 0.018229 0.062963
1 0.159635 0.737500 0.022396 0.102778
1 0.309115 0.486574 0.022396 0.069444
1 0.548177 0.633333 0.011979 0.085185
1 0.899740 0.697222 0.028646 0.088889
1 0.913802 0.446759 0.018229 0.071296
1 0.804167 0.787037 0.039583 0.100000
1 0.348958 0.293981 0.017708 0.054630
1 0.831771 0.233333 0.013542 0.046296
1 0.564323 0.321759 0.013021 0.062037
1 0.192969 0.230556 0.011979 0.044444
1 0.070833 0.356019 0.013542 0.060185
1 0.870313 0.312500 0.014583 0.056481
1 0.345052 0.169444 0.009896 0.038889
1 0.369271 0.237500 0.009375 0.047222
1 0.652344 0.195370 0.007812 0.042593
1 0.578385 0.282870 0.007812 0.054630
1 0.549479 0.209259 0.009375 0.044444
1 0.790885 0.207870 0.008854 0.047222
1 0.316667 0.119907 0.009375 0.036111
1 0.779948 0.306944 0.011979 0.052778
1 0.139583 0.323148 0.017708 0.057407
1 0.091146 0.278704 0.013542 0.053704
