1 0.375521 0.361574 0.015625 0.058333
1 0.159115 0.584722 0.021354 0.080556
1 0.267188 0.461111 0.012500 0.068519
1 0.489844 0.532870 0.016146 0.075000
1 0.813802 0.675463 0.019271 0.086111
1 0.906510 0.443981 0.017188 0.065741
1 0.640625 0.782407 0.029167 0.090741
1 0.342187 0.281944 0.014583 0.054630
1 0.803385 0.251852 0.014063 0.046296
1 0.565365 0.311574 0.021354 0.058333
1 0.194010 0.230093 0.013021 0.047222
1 0.080729 0.323611 0.015625 0.056481
1 0.903385 0.328241 0.017188 0.052778
1 0.312240 0.188426 0.007812 0.041667
1 0.407813 0.233796 0.010417 0.045370
1 0.605208 0.195370 0.011458 0.042593
1 0.518229 0.292593 0.011458 0.051852
1 0.510677 0.208796 0.009896 0.045370
1 0.733594 0.240278 0.013021 0.047222
1 0.368750 0.117130 0.007292 0.034259
1 0.787500 0.336111 0.009375 0.061111
1 0.084896 0.326389 0.021875 0.060185
1 0.174740 0.275463 0.011979 0.052778
