1 0.383594 0.370370 0.014063 0.062963
1 0.162240 0.662963 0.024479 0.100000
1 0.289844 0.467593 0.019271 0.070370
1 0.525781 0.583796 0.018229 0.086111
1 0.871354 0.685185 0.026042 0.088889
1 0.923958 0.442593 0.017708 0.070370
1 0.746615 0.813426 0.028646 0.102778
1 0.352344 0.272685 0.013021 0.056481
1 0.835677 0.231944 0.009896 0.049074
1 0.572135 0.301389 0.017188 0.062037
1 0.190625 0.213889 0.012500 0.048148
1 0.073438 0.328704 0.012500 0.061111
1 0.913802 0.319907 0.011979 0.058333
1 0.336458 0.163889 0.008333 0.040741
1 0.397917 0.221296 0.008333 0.046296
1 0.641146 0.175463 0.011458 0.043519
1 0.567187 0.277315 0.011458 0.056481
1 0.542188 0.198611 0.008333 0.045370
1 0.784375 0.209259 0.010417 0.046296
1 0.350521 0.104167 0.008333 0.037963
1 0.799479 0.312037 0.011458 0.057407
1 0.130990 0.312963 0.016146 0.057407
1 0.136198 0.263426 0.013021 0.054630
