1 0.383594 0.409259 0.018229 0.062963
1 0.159635 0.738889 0.022396 0.101852
1 0.307552 0.487500 0.020313 0.069444
1 0.547917 0.634722 0.012500 0.084259
1 0.898958 0.698148 0.029167 0.088889
1 0.912760 0.446759 0.018229 0.071296
1 0.803125 0.786111 0.039583 0.103704
1 0.347396 0.294444 0.017708 0.055556
1 0.830990 0.233333 0.014063 0.046296
1 0.563281 0.323148 0.013021 0.061111
1 0.191667 0.231019 0.011458 0.045370
1 0.069271 0.356944 0.011458 0.060185
1 0.869010 0.312500 0.015104 0.056481
1 0.344792 0.169444 0.011458 0.038889
1 0.368750 0.237500 0.009375 0.047222
1 0.651563 0.196296 0.007292 0.042593
1 0.577344 0.282870 0.007812 0.054630
1 0.548958 0.209722 0.008333 0.045370
1 0.790365 0.207870 0.009896 0.047222
1 0.314583 0.120370 0.009375 0.037037
1 0.779167 0.306019 0.010417 0.054630
1 0.137760 0.323611 0.016146 0.058333
1 0.088542 0.279167 0.013542 0.052778
