1 0.380990 0.415278 0.014063 0.062037
1 0.156250 0.752315 0.036458 0.097222
1 0.301302 0.495833 0.016146 0.073148
1 0.544531 0.645833 0.024479 0.087963
1 0.897135 0.700463 0.022396 0.089815
1 0.904427 0.446759 0.019271 0.071296
1 0.796875 0.782407 0.034375 0.112963
1 0.340625 0.295370 0.016667 0.059259
1 0.822917 0.232407 0.012500 0.048148
1 0.555990 0.328704 0.018229 0.059259
1 0.184896 0.236111 0.010417 0.046296
1 0.058854 0.363426 0.016667 0.060185
1 0.859375 0.310648 0.014583 0.054630
1 0.336979 0.171759 0.007292 0.037963
1 0.360677 0.242130 0.009896 0.047222
1 0.644792 0.200000 0.008333 0.042593
1 0.571615 0.285648 0.016146 0.054630
1 0.541927 0.210185 0.011979 0.046296
1 0.784635 0.209722 0.015104 0.043519
1 0.301302 0.121759 0.009896 0.036111
1 0.771354 0.305556 0.012500 0.057407
1 0.125260 0.326389 0.010937 0.058333
1 0.071094 0.285185 0.011979 0.051852
