1 0.386458 0.365741 0.018750 0.059259
1 0.167708 0.622222 0.023958 0.090741
1 0.280729 0.466667 0.017708 0.068519
1 0.512240 0.561111 0.016146 0.083333
1 0.850521 0.681019 0.029167 0.087963
1 0.915625 0.443519 0.017708 0.066667
1 0.707812 0.805093 0.023958 0.093519
1 0.355208 0.275463 0.015625 0.054630
1 0.828906 0.243519 0.010937 0.048148
1 0.574219 0.306019 0.024479 0.060185
1 0.195312 0.220370 0.008333 0.048148
1 0.082552 0.326389 0.017188 0.058333
1 0.916927 0.327315 0.010937 0.054630
1 0.331250 0.175000 0.012500 0.040741
1 0.409375 0.227315 0.009375 0.047222
1 0.628906 0.184259 0.013021 0.042593
1 0.552083 0.281481 0.011458 0.053704
1 0.532552 0.204630 0.014063 0.044444
1 0.768229 0.225000 0.010417 0.046296
1 0.365365 0.110185 0.007812 0.037037
1 0.798438 0.326389 0.011458 0.058333
1 0.116406 0.322222 0.013021 0.055556
1 0.157812 0.267593 0.010417 0.053704
