1 0.386458 0.365741 0.018750 0.059259
1 0.167187 0.619444 0.023958 0.090741
1 0.280208 0.467130 0.019792 0.067593
1 0.511458 0.559259 0.015625 0.083333
1 0.850260 0.681019 0.028646 0.087963
1 0.915625 0.443519 0.017708 0.066667
1 0.704688 0.804630 0.026042 0.094444
1 0.355208 0.275463 0.015625 0.054630
1 0.828385 0.244444 0.011979 0.048148
1 0.573958 0.306019 0.025000 0.060185
1 0.195312 0.220370 0.009375 0.048148
1 0.083073 0.326389 0.017188 0.058333
1 0.916667 0.327315 0.011458 0.054630
1 0.330729 0.175000 0.010417 0.040741
1 0.409896 0.227778 0.009375 0.046296
1 0.627865 0.185185 0.014063 0.042593
1 0.550781 0.281944 0.010937 0.052778
1 0.532552 0.205093 0.014063 0.043519
1 0.766927 0.224537 0.010937 0.047222
1 0.366146 0.110185 0.008333 0.037037
1 0.798438 0.328704 0.011458 0.057407
1 0.115885 0.322222 0.016146 0.055556
1 0.158854 0.267593 0.010417 0.053704
