1 0.388021 0.372222 0.013542 0.062963
1 0.159896 0.667130 0.021875 0.097222
1 0.300521 0.468056 0.021875 0.071296
1 0.530990 0.591667 0.022396 0.083333
1 0.883073 0.686111 0.021354 0.092593
1 0.926562 0.441667 0.015625 0.072222
1 0.763281 0.813426 0.021354 0.102778
1 0.355469 0.273148 0.016146 0.055556
1 0.839063 0.230093 0.007292 0.049074
1 0.570833 0.300926 0.021875 0.061111
1 0.191406 0.213426 0.013021 0.049074
1 0.077865 0.330093 0.016146 0.060185
1 0.910937 0.315741 0.012500 0.057407
1 0.340104 0.160185 0.009375 0.040741
1 0.395833 0.220833 0.008333 0.047222
1 0.646875 0.175000 0.009375 0.042593
1 0.574740 0.262500 0.011979 0.034259
1 0.549740 0.199074 0.010937 0.044444
1 0.789062 0.208796 0.010417 0.049074
1 0.348177 0.103704 0.008854 0.037037
1 0.799219 0.310185 0.011979 0.059259
1 0.138021 0.312963 0.010417 0.057407
1 0.134115 0.260648 0.015104 0.052778
