1 0.386198 0.364815 0.014063 0.059259
1 0.165104 0.611574 0.020833 0.087963
1 0.280208 0.466204 0.022917 0.067593
1 0.509375 0.554167 0.015625 0.082407
1 0.848177 0.678241 0.024479 0.089815
1 0.914062 0.443056 0.016667 0.067593
1 0.694792 0.799537 0.030208 0.097222
1 0.353906 0.276389 0.015104 0.054630
1 0.827083 0.247222 0.011458 0.048148
1 0.572656 0.306481 0.024479 0.059259
1 0.195833 0.221759 0.013542 0.047222
1 0.084375 0.326389 0.017708 0.058333
1 0.915625 0.328241 0.011458 0.054630
1 0.328125 0.176389 0.007292 0.039815
1 0.410417 0.228241 0.008333 0.045370
1 0.625781 0.186111 0.013021 0.042593
1 0.547396 0.282870 0.012500 0.052778
1 0.531510 0.205556 0.010937 0.044444
1 0.762760 0.224074 0.011979 0.046296
1 0.367448 0.111574 0.007812 0.036111
1 0.797396 0.330093 0.012500 0.058333
1 0.114062 0.320833 0.019792 0.056481
1 0.161979 0.268519 0.010417 0.053704
