1 0.387500 0.396759 0.012500 0.065741
1 0.158854 0.727315 0.036458 0.100926
1 0.313542 0.479630 0.019792 0.068519
1 0.548177 0.626389 0.023438 0.084259
1 0.900000 0.693519 0.015625 0.092593
1 0.919271 0.446759 0.018750 0.071296
1 0.801823 0.791204 0.039062 0.097222
1 0.355208 0.288889 0.012500 0.057407
1 0.833594 0.231019 0.009896 0.049074
1 0.565885 0.318056 0.017188 0.060185
1 0.195573 0.225463 0.015104 0.045370
1 0.079167 0.350463 0.016667 0.060185
1 0.880208 0.312500 0.014583 0.056481
1 0.348698 0.167130 0.013021 0.037963
1 0.376563 0.235185 0.012500 0.044444
1 0.656250 0.193056 0.013542 0.041667
1 0.583594 0.282407 0.014063 0.053704
1 0.554948 0.207870 0.010937 0.045370
1 0.792448 0.209722 0.009896 0.045370
1 0.327344 0.117593 0.008854 0.037037
1 0.785677 0.308333 0.010937 0.057407
1 0.148438 0.318981 0.018750 0.056481
1 0.105990 0.274074 0.014063 0.053704
