1 0.503125 0.522222 0.025000 0.070370
1 0.321615 0.748148 0.023438 0.100000
1 0.346094 0.565741 0.023438 0.074074
1 0.581250 0.682407 0.029167 0.087037
1 0.909375 0.700926 0.030208 0.087037
1 0.861719 0.451852 0.014063 0.068519
1 0.825000 0.732407 0.026042 0.096296
1 0.380208 0.361111 0.016667 0.061111
1 0.756250 0.269444 0.010417 0.050000
1 0.615625 0.377778 0.012500 0.061111
1 0.247656 0.299537 0.019271 0.052778
1 0.094792 0.432870 0.012500 0.062037
1 0.812500 0.334722 0.013542 0.052778
1 0.318229 0.242593 0.009375 0.044444
1 0.376042 0.301852 0.015625 0.050000
1 0.593750 0.284259 0.011458 0.050000
1 0.543229 0.317130 0.016667 0.052778
1 0.506510 0.252778 0.011979 0.046296
1 0.716406 0.256481 0.009896 0.048148
1 0.316146 0.167593 0.008333 0.031481
1 0.704427 0.308796 0.010937 0.045370
1 0.055208 0.380093 0.012500 0.063889
