1 0.480729 0.513889 0.023958 0.074074
1 0.301563 0.756019 0.025000 0.102778
1 0.331771 0.556944 0.022917 0.071296
1 0.576823 0.685185 0.027604 0.090741
1 0.913021 0.700463 0.017708 0.091667
1 0.865625 0.449074 0.014583 0.068519
1 0.821354 0.735648 0.026042 0.100926
1 0.371615 0.352778 0.018229 0.059259
1 0.760417 0.264815 0.012500 0.050000
1 0.605729 0.371759 0.013542 0.062037
1 0.238281 0.293056 0.018229 0.052778
1 0.084635 0.422685 0.015104 0.062037
1 0.815365 0.325926 0.013021 0.053704
1 0.317708 0.232870 0.010417 0.043519
1 0.371354 0.293519 0.010417 0.051852
1 0.596875 0.273611 0.009375 0.049074
1 0.545052 0.312500 0.009896 0.050926
1 0.508333 0.247222 0.014583 0.046296
1 0.723698 0.249074 0.009896 0.048148
1 0.310417 0.161111 0.010417 0.035185
1 0.709115 0.300463 0.011979 0.049074
1 0.064844 0.371759 0.013021 0.063889
