1 0.370573 0.429630 0.011979 0.061111
1 0.148177 0.768981 0.025521 0.093519
1 0.278646 0.509259 0.019792 0.075926
1 0.535937 0.655093 0.015625 0.087963
1 0.890104 0.702778 0.025000 0.090741
1 0.885938 0.443519 0.020833 0.070370
1 0.794010 0.776389 0.024479 0.113889
1 0.326823 0.304167 0.019271 0.058333
1 0.808333 0.231481 0.011458 0.050000
1 0.547656 0.334259 0.015104 0.062963
1 0.170052 0.243056 0.015104 0.049074
1 0.036979 0.374537 0.011458 0.062037
1 0.839844 0.310185 0.014063 0.055556
1 0.320312 0.177315 0.011458 0.037963
1 0.341667 0.247685 0.012500 0.049074
1 0.628906 0.205556 0.008854 0.044444
1 0.554427 0.287963 0.009896 0.055556
1 0.524479 0.213426 0.007292 0.045370
1 0.767969 0.209722 0.013021 0.047222
1 0.281510 0.125463 0.009896 0.036111
1 0.753646 0.302778 0.012500 0.057407
1 0.102604 0.336111 0.013542 0.059259
1 0.040104 0.290741 0.012500 0.057407
0 0.044010 0.306944 0.005729 0.012037
