1 0.472135 0.508796 0.024479 0.071296
1 0.294792 0.757870 0.027083 0.099074
1 0.331250 0.549537 0.016667 0.067593
1 0.576823 0.683796 0.031771 0.087963
1 0.913281 0.701852 0.025521 0.088889
1 0.870052 0.448148 0.017188 0.066667
1 0.825781 0.740278 0.027604 0.089815
1 0.372135 0.348148 0.014063 0.059259
1 0.768750 0.262500 0.011458 0.049074
1 0.603125 0.368981 0.019792 0.062037
1 0.238281 0.287500 0.013021 0.052778
1 0.085677 0.415278 0.020313 0.063889
1 0.819271 0.325000 0.015625 0.051852
1 0.322656 0.227778 0.009896 0.044444
1 0.371615 0.289352 0.016146 0.050926
1 0.604167 0.266667 0.009375 0.051852
1 0.550260 0.310185 0.016146 0.051852
1 0.514844 0.242130 0.009896 0.047222
1 0.731510 0.246296 0.010937 0.048148
1 0.313281 0.159259 0.009896 0.031481
1 0.715104 0.297685 0.011458 0.050926
1 0.076563 0.365741 0.012500 0.062963
