1 0.496094 0.521759 0.017188 0.069444
1 0.312760 0.750926 0.028646 0.094444
1 0.340625 0.562500 0.015625 0.071296
1 0.576042 0.685648 0.032292 0.087963
1 0.911458 0.700463 0.029167 0.087963
1 0.859896 0.451852 0.019792 0.068519
1 0.822656 0.730556 0.024479 0.094444
1 0.377604 0.358333 0.015625 0.059259
1 0.754687 0.268056 0.014583 0.049074
1 0.609635 0.375926 0.019271 0.062963
1 0.242448 0.296296 0.014063 0.051852
1 0.088802 0.429167 0.021354 0.063889
1 0.814063 0.332870 0.012500 0.052778
1 0.316927 0.240741 0.008854 0.042593
1 0.374740 0.299537 0.015104 0.049074
1 0.593750 0.281481 0.010417 0.051852
1 0.544792 0.315278 0.016667 0.052778
1 0.505729 0.249537 0.009375 0.047222
1 0.717708 0.254630 0.010417 0.048148
1 0.312760 0.163889 0.008854 0.029630
1 0.703646 0.306481 0.014583 0.044444
1 0.057292 0.377315 0.012500 0.063889
