1 0.467969 0.501852 0.024479 0.072222
1 0.292708 0.758796 0.032292 0.108333
1 0.327865 0.543056 0.023438 0.071296
1 0.577344 0.684259 0.034896 0.087037
1 0.917969 0.703704 0.024479 0.090741
1 0.875521 0.448148 0.014583 0.070370
1 0.826302 0.744907 0.031771 0.089815
1 0.371875 0.342593 0.017708 0.061111
1 0.774479 0.259259 0.011458 0.048148
1 0.604167 0.368056 0.013542 0.062037
1 0.236979 0.284722 0.016667 0.052778
1 0.086458 0.412963 0.012500 0.061111
1 0.825000 0.323148 0.013542 0.053704
1 0.326823 0.222222 0.008854 0.044444
1 0.373437 0.285185 0.013542 0.050000
1 0.609375 0.261574 0.009375 0.047222
1 0.554688 0.306481 0.012500 0.051852
1 0.520312 0.239352 0.012500 0.047222
1 0.738281 0.243981 0.009896 0.047222
1 0.315365 0.155556 0.008854 0.033333
1 0.721354 0.295833 0.012500 0.052778
1 0.083854 0.361574 0.012500 0.062037
