1 0.448437 0.486111 0.017708 0.066667
1 0.271875 0.767593 0.028125 0.107407
1 0.316146 0.531944 0.019792 0.071296
1 0.570312 0.679167 0.029167 0.089815
1 0.916146 0.704167 0.031250 0.089815
1 0.881250 0.447222 0.019792 0.068519
1 0.826823 0.750926 0.030729 0.092593
1 0.365365 0.331944 0.011979 0.056481
1 0.785417 0.252778 0.013542 0.048148
1 0.592187 0.361574 0.018750 0.060185
1 0.228646 0.274074 0.017708 0.053704
1 0.079167 0.400926 0.015625 0.062963
1 0.832031 0.318056 0.015104 0.054630
1 0.330729 0.211111 0.007292 0.040741
1 0.370312 0.276852 0.013542 0.048148
1 0.617448 0.250000 0.008854 0.048148
1 0.559896 0.300463 0.012500 0.052778
1 0.524740 0.231481 0.009896 0.046296
1 0.751823 0.237963 0.009896 0.048148
1 0.311458 0.148611 0.013542 0.034259
1 0.734115 0.296296 0.011979 0.055556
1 0.098958 0.355556 0.016667 0.062963
1 0.007292 0.312037 0.014583 0.055556
0 0.006432 0.302306 0.004135 0.007407
