1 0.370833 0.451389 0.018750 0.069444
1 0.161979 0.787963 0.030208 0.103704
1 0.267448 0.525000 0.020313 0.074074
1 0.534896 0.669444 0.020833 0.092593
1 0.885156 0.703704 0.029687 0.092593
1 0.866667 0.443056 0.015625 0.071296
1 0.789323 0.768519 0.028646 0.114815
1 0.314844 0.315741 0.019271 0.055556
1 0.788802 0.237037 0.009896 0.050000
1 0.541927 0.344907 0.019271 0.065741
1 0.165625 0.256481 0.011458 0.048148
1 0.024219 0.389352 0.018229 0.063889
1 0.823438 0.313426 0.015625 0.054630
1 0.306250 0.187963 0.010417 0.040741
1 0.329427 0.261111 0.013021 0.046296
1 0.610156 0.218519 0.007812 0.044444
1 0.538542 0.293981 0.011458 0.056481
1 0.508854 0.218981 0.011458 0.045370
1 0.752604 0.219907 0.009375 0.045370
1 0.267969 0.135185 0.008854 0.038889
1 0.734115 0.301852 0.010937 0.057407
1 0.081771 0.348611 0.017708 0.062037
1 0.006510 0.302315 0.013021 0.058333
0 0.008078 0.285093 0.004646 0.008685
