1 0.453385 0.491204 0.023438 0.071296
1 0.277604 0.762963 0.035417 0.101852
1 0.318750 0.536574 0.020833 0.069444
1 0.573958 0.680556 0.028125 0.088889
1 0.916927 0.704167 0.024479 0.091667
1 0.878906 0.447685 0.019271 0.067593
1 0.829427 0.748148 0.027604 0.092593
1 0.367188 0.334259 0.018750 0.059259
1 0.783333 0.253704 0.013542 0.048148
1 0.597396 0.362037 0.014583 0.061111
1 0.231771 0.278241 0.011458 0.050926
1 0.081771 0.402315 0.013542 0.063889
1 0.830990 0.318981 0.013021 0.054630
1 0.329948 0.212963 0.009896 0.042593
1 0.372396 0.278704 0.012500 0.050000
1 0.615625 0.252315 0.009375 0.045370
1 0.558073 0.301389 0.015104 0.052778
1 0.525521 0.233796 0.011458 0.047222
1 0.748698 0.238889 0.009896 0.048148
1 0.313021 0.150000 0.009375 0.035185
1 0.731771 0.293519 0.011458 0.051852
1 0.095312 0.356944 0.014583 0.062037
1 0.005208 0.313426 0.010417 0.058333
