1 0.366667 0.445833 0.016667 0.063889
1 0.153906 0.788889 0.024479 0.096296
1 0.267708 0.523148 0.023958 0.074074
1 0.532552 0.666204 0.025521 0.087963
1 0.883073 0.701852 0.020313 0.092593
1 0.867448 0.443981 0.016146 0.073148
1 0.787500 0.768519 0.029167 0.112963
1 0.314323 0.313426 0.016146 0.056481
1 0.789844 0.235185 0.008854 0.050000
1 0.538802 0.343981 0.021354 0.063889
1 0.162500 0.256019 0.011458 0.049074
1 0.021875 0.386111 0.013542 0.062963
1 0.825000 0.311574 0.013542 0.054630
1 0.305729 0.187037 0.007292 0.038889
1 0.328125 0.259259 0.013542 0.046296
1 0.611458 0.217130 0.008333 0.045370
1 0.539323 0.294444 0.015104 0.055556
1 0.508594 0.216667 0.009896 0.046296
1 0.753125 0.218981 0.011458 0.045370
1 0.266406 0.132870 0.011979 0.037963
1 0.734896 0.303241 0.012500 0.056481
1 0.083854 0.347685 0.016667 0.062037
1 0.009375 0.301389 0.013542 0.056481
0 0.011531 0.289903 0.004469 0.008213
