1 0.479687 0.513426 0.020833 0.075000
1 0.300521 0.756481 0.021875 0.101852
1 0.331510 0.555556 0.021354 0.072222
1 0.577344 0.685185 0.026562 0.090741
1 0.913281 0.700926 0.018229 0.092593
1 0.866406 0.449074 0.014063 0.068519
1 0.822135 0.735185 0.026562 0.103704
1 0.371354 0.352315 0.015625 0.058333
1 0.761719 0.264352 0.011979 0.049074
1 0.604688 0.372222 0.015625 0.061111
1 0.238281 0.291204 0.019271 0.052778
1 0.084115 0.422685 0.016146 0.062037
1 0.815885 0.325463 0.013021 0.054630
1 0.318750 0.231944 0.009375 0.043519
1 0.371875 0.293056 0.010417 0.050926
1 0.597917 0.273148 0.009375 0.050000
1 0.545312 0.312500 0.011458 0.050926
1 0.509896 0.246296 0.014583 0.046296
1 0.725000 0.249074 0.009375 0.048148
1 0.311458 0.160185 0.010417 0.035185
1 0.710156 0.300000 0.010937 0.050000
1 0.066667 0.370833 0.012500 0.063889
