1 0.482552 0.514815 0.026562 0.074074
1 0.303385 0.755093 0.029687 0.104630
1 0.332813 0.558796 0.022917 0.073148
1 0.576042 0.685648 0.028125 0.089815
1 0.912500 0.700463 0.017708 0.091667
1 0.864583 0.449537 0.014583 0.069444
1 0.820312 0.736111 0.027083 0.100000
1 0.371875 0.353704 0.019792 0.059259
1 0.759375 0.265741 0.013542 0.050000
1 0.606250 0.372685 0.014583 0.062037
1 0.238021 0.294907 0.016667 0.052778
1 0.084896 0.423611 0.015625 0.062037
1 0.814583 0.326852 0.012500 0.053704
1 0.317188 0.233796 0.011458 0.045370
1 0.371615 0.294907 0.009896 0.050926
1 0.596354 0.274074 0.009375 0.048148
1 0.545052 0.312037 0.008854 0.051852
1 0.507552 0.247222 0.014063 0.046296
1 0.722396 0.250463 0.009375 0.049074
1 0.310677 0.161574 0.010937 0.036111
1 0.708073 0.301852 0.011979 0.048148
1 0.063281 0.372685 0.013021 0.063889
