1 0.444010 0.485185 0.020313 0.066667
1 0.267969 0.769444 0.020313 0.105556
1 0.315104 0.531481 0.018750 0.068519
1 0.569792 0.677778 0.027083 0.090741
1 0.917188 0.703704 0.031250 0.090741
1 0.881771 0.446759 0.016667 0.069444
1 0.826042 0.754630 0.030208 0.094444
1 0.364583 0.331944 0.010417 0.056481
1 0.786719 0.251852 0.013021 0.048148
1 0.589844 0.359259 0.020313 0.061111
1 0.225260 0.272685 0.015104 0.052778
1 0.077865 0.399537 0.020313 0.063889
1 0.833854 0.317593 0.014583 0.055556
1 0.330729 0.210185 0.008333 0.042593
1 0.368229 0.275926 0.015625 0.050000
1 0.618229 0.246759 0.009375 0.049074
1 0.559635 0.299537 0.011979 0.052778
1 0.524479 0.231481 0.012500 0.046296
1 0.753125 0.236111 0.009375 0.048148
1 0.310677 0.147685 0.010937 0.032407
1 0.735417 0.295833 0.011458 0.054630
1 0.100000 0.354630 0.017708 0.062963
1 0.008073 0.311111 0.016146 0.057407
0 0.008453 0.303176 0.004146 0.007407
