1 0.369271 0.430093 0.012500 0.060185
1 0.148177 0.769907 0.025521 0.095370
1 0.276823 0.509722 0.018229 0.075000
1 0.534896 0.656019 0.017708 0.087963
1 0.888021 0.702315 0.026042 0.089815
1 0.883333 0.443519 0.020833 0.070370
1 0.792188 0.776389 0.026042 0.113889
1 0.324219 0.305556 0.020313 0.057407
1 0.805990 0.231944 0.011979 0.050926
1 0.545833 0.335185 0.015625 0.062963
1 0.168750 0.244907 0.013542 0.049074
1 0.034635 0.375000 0.013021 0.062963
1 0.837500 0.310185 0.013542 0.055556
1 0.318490 0.178704 0.009896 0.037037
1 0.340365 0.247685 0.010937 0.050926
1 0.627083 0.206944 0.009375 0.043519
1 0.552344 0.287963 0.008854 0.055556
1 0.522396 0.213426 0.007292 0.045370
1 0.766146 0.209722 0.013542 0.047222
1 0.279167 0.126389 0.009375 0.036111
1 0.751563 0.302315 0.012500 0.058333
1 0.099219 0.337037 0.014063 0.059259
1 0.036719 0.291667 0.013021 0.057407
0 0.042654 0.314014 0.005005 0.008454
