1 0.466667 0.500463 0.020833 0.071296
1 0.291406 0.759722 0.029687 0.108333
1 0.327083 0.541667 0.022917 0.070370
1 0.577865 0.683333 0.033854 0.087037
1 0.918490 0.703704 0.023438 0.090741
1 0.876563 0.447685 0.013542 0.069444
1 0.826823 0.746296 0.031771 0.090741
1 0.371354 0.341667 0.015625 0.061111
1 0.775521 0.258333 0.011458 0.048148
1 0.603385 0.368056 0.013021 0.062037
1 0.236198 0.282870 0.019271 0.052778
1 0.085938 0.412963 0.012500 0.061111
1 0.826302 0.322685 0.013021 0.052778
1 0.327083 0.221296 0.008333 0.042593
1 0.373437 0.284722 0.011458 0.049074
1 0.610156 0.261111 0.009896 0.048148
1 0.555208 0.305556 0.011458 0.051852
1 0.521094 0.238426 0.014063 0.047222
1 0.739583 0.243519 0.010417 0.048148
1 0.315104 0.153704 0.009375 0.035185
1 0.722656 0.294907 0.011979 0.052778
1 0.085417 0.360648 0.012500 0.062037
