1 0.580208 0.552778 0.023958 0.075926
1 0.383333 0.718519 0.027083 0.092593
1 0.403906 0.593981 0.023438 0.078704
1 0.604948 0.682870 0.014063 0.086111
1 0.925781 0.697685 0.028646 0.086111
1 0.872656 0.463426 0.010937 0.067593
1 0.852865 0.736111 0.028646 0.087037
1 0.416406 0.386574 0.016146 0.062037
1 0.761979 0.280093 0.009375 0.047222
1 0.655729 0.391667 0.017708 0.064815
1 0.286458 0.315278 0.014583 0.054630
1 0.142969 0.451852 0.018229 0.066667
1 0.819531 0.356019 0.013021 0.056481
1 0.336198 0.267130 0.009896 0.045370
1 0.407552 0.321296 0.017188 0.044444
1 0.602604 0.315278 0.009375 0.049074
1 0.556250 0.328241 0.015625 0.050926
1 0.511719 0.268519 0.013021 0.046296
1 0.711979 0.275000 0.008333 0.044444
1 0.348177 0.179167 0.009896 0.039815
1 0.709115 0.337037 0.014063 0.050000
1 0.055208 0.392593 0.012500 0.061111
