1 0.576302 0.550463 0.021354 0.075000
1 0.381250 0.718981 0.030208 0.095370
1 0.401042 0.592593 0.019792 0.077778
1 0.601562 0.682407 0.014583 0.085185
1 0.925521 0.696759 0.026042 0.086111
1 0.871354 0.463426 0.013542 0.067593
1 0.851042 0.735185 0.023958 0.087037
1 0.415104 0.385648 0.013542 0.060185
1 0.761198 0.279167 0.010937 0.047222
1 0.652604 0.391667 0.020833 0.062963
1 0.284896 0.314815 0.012500 0.053704
1 0.141406 0.450926 0.021354 0.066667
1 0.818750 0.354167 0.012500 0.056481
1 0.335677 0.266667 0.008854 0.044444
1 0.407813 0.320370 0.017708 0.046296
1 0.602083 0.314352 0.010417 0.049074
1 0.556250 0.327778 0.016667 0.051852
1 0.511979 0.267593 0.013542 0.046296
1 0.711979 0.274537 0.008333 0.043519
1 0.347135 0.178241 0.009896 0.039815
1 0.708594 0.335185 0.013021 0.046296
1 0.055469 0.392593 0.011979 0.062963
