1 0.700000 0.594907 0.015625 0.078704
1 0.486458 0.666667 0.021875 0.088889
1 0.524740 0.617593 0.021354 0.074074
1 0.647656 0.679630 0.026562 0.079630
1 0.930469 0.691204 0.020313 0.086111
1 0.855469 0.503704 0.021354 0.066667
1 0.875000 0.713426 0.019792 0.082407
1 0.466927 0.452315 0.018229 0.062037
1 0.768750 0.337037 0.010417 0.044444
1 0.696875 0.413889 0.009375 0.062963
1 0.338021 0.349537 0.014583 0.054630
1 0.245312 0.485648 0.013542 0.067593
1 0.804688 0.396296 0.010417 0.059259
1 0.363021 0.317130 0.012500 0.047222
1 0.476302 0.360185 0.013021 0.050000
1 0.605469 0.381481 0.014063 0.055556
1 0.581771 0.355556 0.013542 0.051852
1 0.507292 0.301852 0.010417 0.044444
1 0.665365 0.325463 0.009896 0.047222
1 0.390885 0.205556 0.008854 0.033333
1 0.740365 0.425926 0.015104 0.059259
1 0.054167 0.417130 0.016667 0.060185
