1 0.618229 0.568981 0.016667 0.076852
1 0.417448 0.706019 0.019271 0.091667
1 0.439583 0.606019 0.017708 0.073148
1 0.617969 0.682407 0.015104 0.085185
1 0.931250 0.695370 0.027083 0.088889
1 0.870833 0.468519 0.012500 0.068519
1 0.866146 0.737500 0.031250 0.086111
1 0.433854 0.404167 0.012500 0.060185
1 0.764844 0.293981 0.011979 0.045370
1 0.670573 0.399537 0.018229 0.065741
1 0.303385 0.327778 0.013021 0.053704
1 0.172917 0.459722 0.021875 0.067593
1 0.819010 0.366204 0.013021 0.054630
1 0.344792 0.281944 0.008333 0.045370
1 0.427083 0.329167 0.015625 0.049074
1 0.604948 0.333796 0.009896 0.052778
1 0.563542 0.336111 0.009375 0.048148
1 0.512760 0.276389 0.009896 0.047222
1 0.702604 0.287037 0.009375 0.046296
1 0.363021 0.187037 0.012500 0.037037
1 0.717708 0.358333 0.010417 0.051852
1 0.056510 0.401852 0.017188 0.062963
