1 0.554688 0.539815 0.023958 0.070370
1 0.366146 0.727778 0.029167 0.090741
1 0.383594 0.584259 0.024479 0.075926
1 0.593750 0.681019 0.025000 0.084259
1 0.920573 0.696296 0.022396 0.088889
1 0.869010 0.460185 0.016146 0.070370
1 0.841927 0.734259 0.031771 0.087037
1 0.405469 0.376852 0.016146 0.062963
1 0.756771 0.276852 0.013542 0.046296
1 0.643750 0.387037 0.012500 0.061111
1 0.275260 0.308796 0.017188 0.052778
1 0.128385 0.446296 0.015104 0.064815
1 0.817708 0.345370 0.011458 0.053704
1 0.330729 0.258796 0.009375 0.045370
1 0.398698 0.311111 0.011979 0.051852
1 0.598958 0.304167 0.010417 0.049074
1 0.553646 0.323611 0.009375 0.050926
1 0.509635 0.261574 0.010937 0.047222
1 0.714583 0.267593 0.009375 0.046296
1 0.338802 0.173611 0.008854 0.034259
1 0.706250 0.325463 0.012500 0.043519
1 0.054948 0.388889 0.015104 0.062963
