1 0.710417 0.600000 0.025000 0.074074
1 0.491406 0.662963 0.017188 0.083333
1 0.534115 0.614815 0.020313 0.075926
1 0.652604 0.677778 0.016667 0.081481
1 0.927865 0.691204 0.026562 0.084259
1 0.858333 0.505093 0.015625 0.067593
1 0.879167 0.711111 0.020833 0.085185
1 0.472656 0.456019 0.015104 0.065741
1 0.769531 0.343981 0.011979 0.049074
1 0.700000 0.420370 0.017708 0.061111
1 0.342708 0.352315 0.010417 0.050926
1 0.252865 0.489815 0.020313 0.066667
1 0.803906 0.404630 0.013021 0.057407
1 0.367188 0.319907 0.010417 0.047222
1 0.482031 0.362963 0.013021 0.048148
1 0.609635 0.385185 0.011979 0.051852
1 0.583854 0.358796 0.012500 0.052778
1 0.507812 0.305093 0.011458 0.047222
1 0.662500 0.330556 0.010417 0.050000
1 0.393490 0.208333 0.007812 0.033333
1 0.744792 0.432407 0.014583 0.061111
1 0.053385 0.419444 0.014063 0.061111
