1 0.528906 0.531019 0.025521 0.073148
1 0.343750 0.738426 0.018750 0.093519
1 0.364323 0.575463 0.021354 0.076852
1 0.584375 0.681944 0.027083 0.086111
1 0.918490 0.699074 0.019271 0.088889
1 0.864323 0.455556 0.021354 0.066667
1 0.833333 0.734722 0.030208 0.089815
1 0.392188 0.368519 0.016667 0.061111
1 0.755469 0.272222 0.014063 0.048148
1 0.628906 0.381944 0.016146 0.060185
1 0.261979 0.303704 0.018750 0.053704
1 0.110417 0.437500 0.016667 0.063889
1 0.815104 0.338889 0.012500 0.055556
1 0.323698 0.250000 0.009896 0.046296
1 0.389323 0.306944 0.013021 0.050926
1 0.595573 0.293981 0.008854 0.049074
1 0.550260 0.320370 0.015104 0.053704
1 0.508073 0.256481 0.009896 0.048148
1 0.715625 0.261574 0.012500 0.047222
1 0.326286 0.168708 0.009635 0.034769
1 0.703646 0.316667 0.011458 0.040741
1 0.054427 0.383333 0.014063 0.062963
