1 0.562760 0.545833 0.023438 0.071296
1 0.375000 0.724074 0.025000 0.098148
1 0.391146 0.590278 0.019792 0.075000
1 0.595052 0.683333 0.027604 0.083333
1 0.924479 0.695370 0.016667 0.088889
1 0.868750 0.462963 0.019792 0.068519
1 0.846094 0.732870 0.024479 0.086111
1 0.410417 0.382870 0.013542 0.060185
1 0.757031 0.279167 0.015104 0.045370
1 0.647135 0.388889 0.020313 0.062963
1 0.279427 0.313889 0.014063 0.051852
1 0.134115 0.446296 0.015104 0.066667
1 0.818750 0.346759 0.011458 0.056481
1 0.332813 0.262963 0.010417 0.046296
1 0.402604 0.315278 0.011458 0.050926
1 0.600260 0.306944 0.010937 0.050926
1 0.556250 0.325926 0.014583 0.051852
1 0.511198 0.264352 0.010937 0.047222
1 0.713281 0.271759 0.009896 0.045370
1 0.342969 0.174074 0.009896 0.035185
1 0.707031 0.332407 0.013021 0.046296
1 0.055208 0.390278 0.012500 0.062037
