1 0.710677 0.600463 0.026562 0.073148
1 0.492969 0.662500 0.016146 0.082407
1 0.535677 0.614352 0.021354 0.075000
1 0.653125 0.677315 0.015625 0.080556
1 0.926823 0.691667 0.026562 0.083333
1 0.858594 0.506019 0.015104 0.069444
1 0.879167 0.711111 0.022917 0.085185
1 0.473438 0.456944 0.015625 0.065741
1 0.770052 0.345370 0.011979 0.048148
1 0.699740 0.421296 0.018229 0.061111
1 0.344010 0.352315 0.009896 0.050926
1 0.253385 0.490278 0.018229 0.065741
1 0.803646 0.405556 0.012500 0.057407
1 0.367708 0.320370 0.012500 0.048148
1 0.483073 0.363889 0.015104 0.048148
1 0.609635 0.386111 0.011979 0.051852
1 0.584635 0.359259 0.011979 0.051852
1 0.508333 0.306019 0.011458 0.047222
1 0.661719 0.331481 0.009896 0.048148
1 0.394271 0.208796 0.008333 0.034259
1 0.745313 0.433796 0.015625 0.062037
1 0.053646 0.419907 0.014583 0.060185
