1 0.693750 0.595833 0.016667 0.076852
1 0.483333 0.668519 0.019792 0.085185
1 0.519792 0.615741 0.023958 0.074074
1 0.646094 0.680093 0.024479 0.082407
1 0.930208 0.691667 0.014583 0.087037
1 0.855469 0.501389 0.020313 0.067593
1 0.872917 0.716204 0.021875 0.084259
1 0.463542 0.449074 0.018750 0.064815
1 0.768229 0.336574 0.010417 0.045370
1 0.694010 0.412963 0.014063 0.061111
1 0.335417 0.349074 0.011458 0.051852
1 0.240365 0.483796 0.016146 0.063889
1 0.804167 0.395370 0.010417 0.057407
1 0.361719 0.313889 0.014063 0.048148
1 0.472135 0.358333 0.013021 0.050000
1 0.604948 0.378241 0.010937 0.052778
1 0.580208 0.355093 0.009375 0.047222
1 0.505729 0.301389 0.011458 0.045370
1 0.666667 0.324074 0.010417 0.048148
1 0.389062 0.205093 0.008333 0.032407
1 0.735417 0.420370 0.016667 0.059259
1 0.054427 0.417130 0.017188 0.060185
