1 0.633594 0.580093 0.024479 0.075000
1 0.433594 0.696296 0.019271 0.090741
1 0.459635 0.611574 0.020313 0.075000
1 0.622656 0.682870 0.019271 0.084259
1 0.928906 0.694907 0.017188 0.087963
1 0.860938 0.475000 0.019792 0.064815
1 0.868490 0.734722 0.024479 0.089815
1 0.440365 0.416204 0.014063 0.060185
1 0.759896 0.305556 0.013542 0.044444
1 0.676302 0.406019 0.021354 0.062037
1 0.309375 0.335648 0.009375 0.052778
1 0.188542 0.467593 0.022917 0.066667
1 0.813542 0.372685 0.010417 0.056481
1 0.346094 0.291667 0.008854 0.044444
1 0.436458 0.338426 0.014583 0.050926
1 0.601823 0.347222 0.011979 0.050000
1 0.563021 0.341667 0.011458 0.050000
1 0.508854 0.284722 0.011458 0.047222
1 0.690104 0.297222 0.009375 0.046296
1 0.367708 0.193056 0.009375 0.037963
1 0.718750 0.373148 0.012500 0.051852
1 0.052344 0.410185 0.015104 0.061111
