1 0.594792 0.558333 0.016667 0.068519
1 0.398438 0.713426 0.022917 0.097222
1 0.420833 0.600000 0.017708 0.074074
1 0.609115 0.683796 0.025521 0.082407
1 0.926823 0.697685 0.024479 0.086111
1 0.872135 0.465278 0.017188 0.067593
1 0.854688 0.737500 0.026042 0.086111
1 0.425260 0.393056 0.015104 0.058333
1 0.762500 0.287963 0.011458 0.042593
1 0.663542 0.392593 0.012500 0.066667
1 0.294531 0.320833 0.009896 0.052778
1 0.156250 0.454167 0.020833 0.067593
1 0.819010 0.358333 0.013021 0.055556
1 0.340885 0.273148 0.009896 0.044444
1 0.416146 0.322685 0.013542 0.047222
1 0.602865 0.321296 0.010937 0.051852
1 0.561458 0.328704 0.010417 0.051852
1 0.513281 0.269907 0.009896 0.047222
1 0.709635 0.278704 0.008854 0.046296
1 0.355469 0.181019 0.010937 0.037963
1 0.713542 0.344907 0.012500 0.049074
1 0.056250 0.397222 0.014583 0.062963
