1 0.669010 0.589352 0.019271 0.076852
1 0.460156 0.681481 0.021354 0.087037
1 0.495312 0.618519 0.018750 0.075926
1 0.634375 0.680556 0.021875 0.083333
1 0.928385 0.694444 0.019271 0.085185
1 0.857552 0.487500 0.015104 0.065741
1 0.873177 0.725926 0.028646 0.087037
1 0.452604 0.435185 0.015625 0.061111
1 0.761198 0.322222 0.013021 0.046296
1 0.684635 0.407870 0.015104 0.060185
1 0.321875 0.343981 0.014583 0.052778
1 0.216927 0.476852 0.019271 0.066667
1 0.805990 0.385185 0.009896 0.059259
1 0.352865 0.306481 0.009896 0.046296
1 0.454427 0.351389 0.013021 0.050926
1 0.600000 0.366204 0.011458 0.052778
1 0.568490 0.350000 0.015104 0.051852
1 0.505729 0.293981 0.011458 0.045370
1 0.674219 0.311574 0.009896 0.049074
1 0.378385 0.201852 0.008854 0.033333
1 0.726302 0.399537 0.013021 0.054630
1 0.051823 0.414815 0.015104 0.061111
