1 0.673177 0.590741 0.018229 0.077778
1 0.463802 0.680093 0.017188 0.086111
1 0.497396 0.616667 0.018750 0.077778
1 0.635417 0.681019 0.026042 0.082407
1 0.928385 0.694444 0.023438 0.085185
1 0.857292 0.488889 0.014583 0.064815
1 0.873958 0.724074 0.027083 0.087037
1 0.453385 0.437037 0.014063 0.062963
1 0.761719 0.324537 0.014063 0.047222
1 0.686458 0.407407 0.012500 0.062963
1 0.323437 0.345370 0.011458 0.051852
1 0.220052 0.478241 0.022396 0.065741
1 0.805208 0.387037 0.010417 0.059259
1 0.353906 0.306481 0.009896 0.046296
1 0.456510 0.353241 0.009896 0.049074
1 0.601042 0.367593 0.011458 0.051852
1 0.570312 0.351389 0.012500 0.049074
1 0.505469 0.294907 0.011979 0.045370
1 0.672917 0.313426 0.009375 0.049074
1 0.379688 0.202315 0.008333 0.034259
1 0.727604 0.400000 0.013542 0.053704
1 0.051042 0.414815 0.013542 0.059259
