1 0.652865 0.586111 0.027604 0.077778
1 0.451042 0.687963 0.021875 0.090741
1 0.477604 0.616204 0.020833 0.076852
1 0.627865 0.681944 0.024479 0.080556
1 0.922656 0.696759 0.026562 0.086111
1 0.857812 0.484722 0.015625 0.067593
1 0.870833 0.729630 0.020833 0.088889
1 0.445312 0.429167 0.014583 0.062037
1 0.760156 0.316204 0.011979 0.045370
1 0.682813 0.406944 0.014583 0.063889
1 0.316406 0.341204 0.013021 0.052778
1 0.204167 0.474074 0.023958 0.066667
1 0.807031 0.385648 0.011979 0.056481
1 0.348698 0.300926 0.009896 0.046296
1 0.445833 0.346296 0.014583 0.048148
1 0.599740 0.359259 0.008854 0.050000
1 0.566146 0.346296 0.009375 0.048148
1 0.504687 0.291204 0.012500 0.045370
1 0.678906 0.306944 0.008854 0.049074
1 0.372135 0.200926 0.008854 0.035185
1 0.720052 0.387963 0.013021 0.051852
1 0.051302 0.414352 0.018229 0.062037
