1 0.686979 0.595833 0.025000 0.073148
1 0.476302 0.671296 0.024479 0.081481
1 0.513281 0.616667 0.016146 0.074074
1 0.642188 0.678704 0.015625 0.081481
1 0.927604 0.692593 0.018750 0.085185
1 0.855990 0.496759 0.016146 0.062037
1 0.873437 0.718519 0.021875 0.085185
1 0.460677 0.445833 0.013021 0.062037
1 0.766406 0.331481 0.011979 0.048148
1 0.692969 0.413426 0.019271 0.058333
1 0.330729 0.347685 0.014583 0.052778
1 0.235156 0.480556 0.021354 0.066667
1 0.802344 0.395833 0.011979 0.056481
1 0.359635 0.312500 0.008854 0.045370
1 0.467708 0.357407 0.010417 0.048148
1 0.603646 0.376852 0.010417 0.053704
1 0.576823 0.355093 0.011979 0.047222
1 0.505469 0.298148 0.009896 0.046296
1 0.667969 0.319907 0.009896 0.050926
1 0.387240 0.206019 0.009896 0.034259
1 0.733854 0.414352 0.013542 0.054630
1 0.053906 0.416204 0.019271 0.060185
