1 0.514383 0.457435 0.0162978 0.0443284
1 0.941762 0.617689 0.0197787 0.0655371
1 0.0687037 0.489961 0.0126225 0.0566203
1 0.134895 0.676522 0.0201819 0.0699955
1 0.491201 0.37571 0.0119148 0.0433068
1 0.401084 0.4321 0.010311 0.0522219
1 0.0377057 0.583446 0.0166109 0.0664523
1 0.635243 0.514237 0.0113567 0.0533999
1 0.606523 0.826255 0.0248447 0.0827967
1 0.0501877 0.428693 0.0134294 0.0462169
1 0.817766 0.401326 0.00995954 0.0454394
1 0.710259 0.319034 0.0115262 0.0362953
1 0.594902 0.358892 0.00879987 0.0435591
1 0.561515 0.449946 0.00910467 0.0453895
1 0.245521 0.44476 0.00858892 0.0470394
1 0.528648 0.38116 0.0072883 0.0413044
1 0.21046 0.336293 0.00857747 0.0367653
1 0.563665 0.259394 0.0102678 0.0302719
1 0.436235 0.29969 0.0073796 0.0356939
1 0.17768 0.365725 0.00590558 0.0390792
1 0.347734 0.265956 0.00706752 0.0307369
1 0.128114 0.642914 0.0170872 0.0661507
1 0.0683682 0.303629 0.0105199 0.0304218
