1 0.5107 0.528204 0.0149773 0.0662958
1 0.769873 0.48554 0.00896193 0.0506173
1 0.748614 0.526208 0.0108775 0.0568237
1 0.699184 0.426611 0.0105396 0.0334047
1 0.0453556 0.851504 0.0238005 0.0925722
1 0.53309 0.53946 0.0148111 0.0630879
1 0.37567 0.505215 0.0105857 0.0576758
1 0.779643 0.435151 0.0103516 0.0305188
1 0.642039 0.48065 0.0179593 0.0506549
1 0.495766 0.519078 0.0115606 0.0593346
0 0.150491 0.889803 0.00845869 0.00765692
0 0.196215 0.974452 0.00442149 0.0080034
1 0.735625 0.538049 0.0211105 0.0309236
1 0.591727 0.476515 0.0121263 0.0511365
