1 0.493798 0.506699 0.0133199 0.0520542
1 0.522688 0.539191 0.0143753 0.0637133
1 0.785814 0.505174 0.00753066 0.0519499
1 0.653053 0.487025 0.00837485 0.0427783
1 0.300384 0.478419 0.00978279 0.0488272
1 0.758749 0.554088 0.0185357 0.0627453
1 0.343639 0.52434 0.0119939 0.0563615
1 0.351667 0.51207 0.0102866 0.0533342
1 0.661581 0.440019 0.00877132 0.0316106
1 0.388567 0.50978 0.0103233 0.0524788
1 0.402727 0.513054 0.0110159 0.0579666
1 0.738639 0.448345 0.00717246 0.0265316
1 0.00874115 0.8736 0.0164487 0.0878274
