1 0.15527 0.586724 0.015114 0.0718441
1 0.277917 0.477654 0.0128982 0.0601568
1 0.470058 0.69373 0.0143044 0.0758813
1 0.648397 0.495081 0.0148273 0.0579024
1 0.498028 0.378877 0.0097455 0.0495995
1 0.461604 0.466721 0.0111446 0.0509816
1 0.748951 0.370276 0.00957381 0.045599
1 0.550044 0.399657 0.0109472 0.053399
1 0.0912156 0.414296 0.0143271 0.0483749
1 0.128141 0.467504 0.0128258 0.0552174
1 0.420923 0.312731 0.00797024 0.0394942
1 0.389891 0.428632 0.00892258 0.0496662
1 0.296146 0.384398 0.0119318 0.0478088
1 0.375841 0.365751 0.00979172 0.0449022
1 0.373189 0.28263 0.00852474 0.0381603
1 0.571295 0.427249 0.00897414 0.0523584
1 0.465768 0.508567 0.0110001 0.0601485
1 0.767573 0.623535 0.0158997 0.084382
1 0.189826 0.316815 0.00852351 0.0365096
1 0.29138 0.336189 0.00892207 0.0449106
1 0.302824 0.370594 0.0103237 0.040274
1 0.0243514 0.318248 0.0103164 0.0461974
0 0.103927 0.436217 0.00452595 0.00895479
