1 0.722956 0.423496 0.0152051 0.0728405
1 0.759621 0.359623 0.0106335 0.0550229
1 0.496335 0.61267 0.0245225 0.129336
1 0.665595 0.310748 0.00995859 0.04255
1 0.55746 0.41606 0.0123217 0.0654429
1 0.370762 0.321116 0.00964054 0.0504146
1 0.722798 0.343535 0.0174622 0.0460193
1 0.562322 0.378618 0.0115889 0.0491253
1 0.715855 0.333549 0.00927239 0.044522
1 0.732372 0.289363 0.00840467 0.0325535
1 0.642111 0.357724 0.0102718 0.0533208
1 0.512624 0.339974 0.0127378 0.0480793
1 0.0451141 0.71537 0.029486 0.0753754
1 0.567632 0.349409 0.00923894 0.0458461
1 0.62429 0.332117 0.0107715 0.0456532
1 0.563927 0.333644 0.00928961 0.0475473
1 0.634815 0.368766 0.00783189 0.028393
1 0.501117 0.346604 0.0119445 0.0517999
1 0.571367 0.316622 0.00808004 0.03852
1 0.592801 0.320737 0.00801678 0.0391095
0 0.153888 0.744495 0.00814241 0.00757797
