1 0.696255 0.587444 0.0187806 0.0751837
1 0.893494 0.536894 0.0187793 0.0686024
1 0.916155 0.582586 0.0200148 0.0774766
1 0.869708 0.444158 0.0184614 0.0591587
1 0.111838 0.780201 0.0222348 0.0882052
1 0.56302 0.46032 0.0148333 0.061947
1 0.415178 0.429592 0.0120294 0.0610741
1 0.188204 0.316327 0.011266 0.0497488
1 0.94253 0.704722 0.0155567 0.0771421
1 0.795696 0.334747 0.0158081 0.0471473
1 0.0460146 0.47388 0.0155532 0.0640045
1 0.26983 0.27546 0.00833635 0.0435607
1 0.575202 0.284899 0.00853004 0.03994
1 0.783781 0.25946 0.0075147 0.0443559
1 0.539704 0.426965 0.011875 0.0606052
1 0.66522 0.461936 0.0170613 0.0688464
1 0.673285 0.409371 0.0156312 0.0567307
1 0.664339 0.387438 0.00937271 0.0514263
1 0.67062 0.366481 0.0107692 0.0498953
1 0.678257 0.38122 0.00986945 0.0540431
