1 0.684165 0.526547 0.0233529 0.09011
1 0.704164 0.440728 0.0179595 0.0571058
1 0.732339 0.585133 0.0362995 0.100093
1 0.165874 0.41327 0.0170742 0.0640855
1 0.371157 0.375476 0.0111703 0.0440095
1 0.571227 0.357643 0.0110633 0.0455319
1 0.410243 0.371127 0.0166151 0.0536798
1 0.562029 0.549834 0.0257091 0.0931685
1 0.184333 0.351676 0.0104461 0.0448366
1 0.779843 0.47741 0.0252828 0.071614
1 0.325017 0.455169 0.012965 0.0669887
1 0.671304 0.385019 0.0138446 0.0503064
1 0.637951 0.38708 0.0129551 0.047212
1 0.341602 0.317442 0.0112979 0.034
1 0.47868 0.348721 0.0102949 0.0480708
1 0.457692 0.332873 0.00838674 0.0390228
1 0.655259 0.323067 0.0103473 0.0377897
1 0.109688 0.34885 0.00996639 0.045344
0 0.755549 0.618381 0.00825653 0.0142297
1 0.393803 0.620664 0.0181667 0.130443
1 0.845362 0.470933 0.00906029 0.0358407
1 0.00954593 0.444049 0.0175243 0.0717203
1 0.841919 0.447416 0.0137042 0.0521386
1 0.326007 0.386054 0.011369 0.0271894
1 0.00959809 0.429936 0.0173507 0.0436746
1 0.325798 0.391656 0.0111032 0.0155514
1 0.394357 0.580306 0.0162125 0.0415388
1 0.326358 0.378922 0.0115585 0.0407009
1 0.283927 0.292801 0.00739889 0.0249591
