1 0.780107 0.417694 0.0203116 0.0758632
1 0.56187 0.379156 0.0156403 0.0713885
1 0.857678 0.514834 0.015826 0.0776243
1 0.535869 0.857054 0.029654 0.102458
1 0.359573 0.35036 0.014954 0.06423
1 0.874995 0.368458 0.0149563 0.0692819
1 0.650496 0.281659 0.0116819 0.0542214
1 0.798865 0.230613 0.0128836 0.0550582
1 0.483805 0.530684 0.0162314 0.0823419
1 0.840533 0.257151 0.0118908 0.061286
1 0.460185 0.220733 0.0150791 0.0493677
1 0.750121 0.183558 0.0124008 0.0500397
1 0.399451 0.257007 0.0119278 0.0589303
1 0.482587 0.221917 0.0149499 0.0501239
1 0.345894 0.176009 0.0144821 0.0476782
1 0.591824 0.141719 0.00829169 0.0469709
1 0.128339 0.465273 0.020723 0.082628
1 0.568403 0.193074 0.00960566 0.0515962
1 0.662836 0.23884 0.00970014 0.0575029
1 0.324974 0.23869 0.0111914 0.0469981
1 0.666927 0.281084 0.0147739 0.0623299
1 0.361523 0.107156 0.0122858 0.0477115
0 0.359371 0.196677 0.00367947 0.00865261
