1 0.349782 0.736075 0.0179229 0.0804831
1 0.699911 0.481438 0.0180534 0.0660141
1 0.58769 0.346476 0.0149021 0.0522805
1 0.649363 0.305872 0.0108465 0.049197
1 0.454213 0.338416 0.0131075 0.0489988
1 0.577982 0.310634 0.0138434 0.0503066
1 0.23301 0.604938 0.0126429 0.0757155
1 0.612564 0.34511 0.00940863 0.0483819
1 0.168645 0.386797 0.00897236 0.0541677
1 0.605755 0.273115 0.0102357 0.0423985
1 0.56038 0.244133 0.0127696 0.0415808
1 0.72011 0.380027 0.011907 0.0520041
1 0.100654 0.29681 0.00943759 0.0445338
1 0.586948 0.278853 0.00919438 0.0416402
1 0.690512 0.261497 0.0091767 0.0463496
1 0.631461 0.331263 0.0118865 0.0491962
1 0.0810129 0.305338 0.0147655 0.0482159
1 0.710083 0.269685 0.009526 0.0491117
1 0.534653 0.325855 0.0155838 0.0540883
1 0.680635 0.33873 0.0141832 0.0503286
1 0.654956 0.219569 0.00838966 0.0350864
1 0.678436 0.323826 0.0147193 0.0518964
1 0.679601 0.330946 0.0159323 0.065095
