1 0.448513 0.620763 0.0356066 0.123647
1 0.61422 0.470664 0.0201714 0.0794057
1 0.229832 0.518507 0.0202714 0.094202
1 0.185321 0.335682 0.0181945 0.0539797
1 0.262544 0.45101 0.0183744 0.07957
1 0.117395 0.458602 0.0235246 0.0861069
1 0.848248 0.385136 0.0182027 0.0566624
1 0.56108 0.321004 0.0105064 0.0446372
1 0.10815 0.50639 0.0201131 0.0901409
1 0.286778 0.296283 0.0111308 0.0377938
1 0.497111 0.334268 0.0106861 0.0466351
1 0.563653 0.278013 0.00715663 0.0354703
1 0.426708 0.291145 0.00696894 0.0333611
1 0.392715 0.263763 0.00787964 0.0317944
1 0.484118 0.3133 0.0102629 0.0406401
1 0.639321 0.270407 0.00582231 0.0352701
1 0.460244 0.35023 0.0120335 0.0534331
1 0.269616 0.250219 0.00724004 0.0254259
1 0.468156 0.252116 0.00493612 0.0249749
1 0.249332 0.301131 0.00821144 0.0301748
1 0.140358 0.349899 0.0116572 0.0476079
1 0.249326 0.294942 0.0084665 0.0415507
1 0.151079 0.744982 0.0231649 0.0443524
1 0.759342 0.645461 0.031092 0.124278
