1 0.920217 0.532481 0.0274244 0.0831507
1 0.134116 0.550594 0.030575 0.0924999
1 0.531448 0.528367 0.0206263 0.0826677
1 0.748671 0.409669 0.0162553 0.0509743
1 0.436248 0.656014 0.0255764 0.117403
1 0.653439 0.569892 0.0257947 0.086721
1 0.272625 0.420135 0.0139399 0.0555284
1 0.272883 0.593357 0.0173831 0.0856472
1 0.162034 0.561501 0.0197742 0.0871289
1 0.473952 0.426663 0.0107753 0.0572837
1 0.327941 0.50038 0.0188771 0.0786521
1 0.507489 0.432618 0.0108202 0.0523815
1 0.654923 0.40822 0.0134282 0.0525714
1 0.452951 0.427555 0.00980511 0.0558851
1 0.384688 0.665105 0.0220566 0.118218
1 0.39234 0.500611 0.0177463 0.0709143
1 0.195281 0.435846 0.0113526 0.0491379
1 0.526989 0.341983 0.00720352 0.0335928
1 0.412257 0.352088 0.00702254 0.0341688
1 0.257674 0.48559 0.0151316 0.0696046
1 0.0762144 0.367756 0.0136011 0.0442362
1 0.845087 0.508755 0.0219173 0.0740728
1 0.84503 0.521143 0.0219338 0.049316
1 0.392246 0.48846 0.0172782 0.046742
1 0.730309 0.297947 0.00568193 0.0196387
1 0.29054 0.66565 0.0239838 0.0436919
