1 0.897548 0.510768 0.0218533 0.064647
1 0.98044 0.395458 0.0184775 0.0504955
1 0.432599 0.390261 0.0150623 0.0554832
1 0.682873 0.343949 0.015802 0.0426331
1 0.747709 0.677573 0.0326152 0.0775407
1 0.66854 0.412392 0.0125129 0.0452872
1 0.850459 0.419279 0.0121265 0.0519225
1 0.432619 0.505553 0.0137606 0.057569
1 0.0867607 0.42162 0.00996765 0.0486146
1 0.613266 0.449964 0.0116093 0.0526401
1 0.569484 0.404571 0.0107267 0.0428186
1 0.356525 0.465291 0.0107447 0.0612282
1 0.536357 0.336936 0.0110811 0.043069
1 0.572704 0.354084 0.0103539 0.0452788
1 0.661978 0.329517 0.0100976 0.0501417
1 0.645143 0.434879 0.0126617 0.0533412
1 0.360294 0.516505 0.0234946 0.064535
1 0.580821 0.33708 0.00745144 0.039218
