1 0.675293 0.402088 0.0129894 0.0520092
1 0.0400492 0.562297 0.0188489 0.0700524
1 0.740434 0.587783 0.0131713 0.0688991
1 0.745673 0.498509 0.0134683 0.0618335
1 0.743565 0.39375 0.0150862 0.0477472
1 0.567968 0.45937 0.010152 0.0570685
1 0.122562 0.594414 0.0150452 0.0720953
1 0.536085 0.354411 0.00748065 0.0432478
1 0.170633 0.468679 0.0131668 0.0538289
1 0.489212 0.474114 0.00868607 0.0536981
1 0.663894 0.528966 0.0120291 0.0589236
1 0.149666 0.681826 0.018662 0.0785453
1 0.222357 0.507034 0.0101187 0.0586478
1 0.473093 0.367829 0.00822916 0.0425949
1 0.595783 0.390315 0.0083121 0.047225
1 0.0648942 0.623815 0.0121072 0.0736699
1 0.606263 0.409524 0.00921682 0.0477563
1 0.627242 0.378747 0.00971896 0.0464918
1 0.0271675 0.341071 0.0104239 0.038973
1 0.64225 0.389979 0.010581 0.0483708
1 0.636209 0.380819 0.00984872 0.0462145
