1 0.917822 0.440048 0.0216898 0.0674446
1 0.344983 0.548122 0.0170486 0.0659012
1 0.0214013 0.720584 0.0210675 0.0821504
1 0.390403 0.420114 0.0179614 0.058342
1 0.177985 0.490452 0.0178925 0.0633831
1 0.284399 0.487867 0.0181254 0.0651206
1 0.625792 0.333878 0.0184218 0.0514609
1 0.319947 0.344738 0.0144318 0.051711
1 0.160367 0.413472 0.0136546 0.058719
1 0.424931 0.310594 0.0133298 0.0493427
1 0.257421 0.305988 0.0128153 0.049637
1 0.27638 0.383753 0.0140249 0.0622461
1 0.714995 0.289724 0.00920385 0.0470884
1 0.551149 0.355806 0.0135315 0.0592345
1 0.307586 0.257463 0.00932728 0.0428454
1 0.406301 0.287575 0.010007 0.046208
1 0.467529 0.314474 0.00816307 0.0460945
1 0.538549 0.208577 0.00891431 0.0394829
1 0.723177 0.243183 0.0100112 0.0412714
1 0.27485 0.329113 0.0136176 0.0547097
1 0.290341 0.3694 0.00894632 0.0519937
1 0.994757 0.266434 0.0100102 0.0427152
1 0.298855 0.182944 0.0106485 0.0386557
0 0.975301 0.34209 0.00464732 0.0090204
