1 0.473745 0.566216 0.0265146 0.0635321
1 0.944425 0.563145 0.0131191 0.0698124
1 0.615365 0.547041 0.0147624 0.0544643
1 0.345919 0.49844 0.012101 0.0528068
1 0.629478 0.536427 0.0107737 0.0624059
1 0.389495 0.566112 0.0127108 0.0597922
1 0.552407 0.537284 0.0166791 0.054372
1 0.585337 0.465068 0.00866858 0.0436548
1 0.586204 0.498746 0.0115402 0.0443061
1 0.822807 0.512485 0.0115327 0.056512
1 0.497502 0.468207 0.0101403 0.0400312
1 0.385591 0.474952 0.00872892 0.0416924
1 0.561626 0.441029 0.00914224 0.0313255
1 0.815051 0.511298 0.00983327 0.0527713
1 0.404636 0.521667 0.0119878 0.0523106
1 0.595278 0.533704 0.0144817 0.0556224
1 0.289324 0.524886 0.0124974 0.058806
1 0.29671 0.524191 0.0121061 0.0586421
1 0.188684 0.488262 0.0120198 0.0468897
