1 0.365597 0.453332 0.010095 0.0411445
1 0.723029 0.568953 0.0131019 0.0739948
1 0.634429 0.472184 0.0116117 0.0498381
1 0.160013 0.483014 0.0121401 0.0489414
1 0.587255 0.459825 0.0139289 0.034997
1 0.682333 0.532755 0.019372 0.0686999
1 0.413197 0.611894 0.0124835 0.0801268
1 0.496339 0.426801 0.00962836 0.0347119
1 0.839775 0.563468 0.0149108 0.0657071
1 0.385128 0.444112 0.00861209 0.0386728
1 0.627681 0.408619 0.0104794 0.0305877
1 0.525277 0.439809 0.00761019 0.0364879
1 0.437303 0.393414 0.00843719 0.0253288
1 0.603323 0.390406 0.00590992 0.0256762
1 0.635365 0.409406 0.008126 0.0286823
1 0.533708 0.370778 0.00428009 0.0202182
1 0.326044 0.434429 0.00921373 0.040098
1 0.34517 0.385403 0.00555426 0.0264499
1 0.255849 0.425582 0.0103237 0.03337
1 0.465541 0.419977 0.0123458 0.0341296
1 0.00663884 0.512535 0.00987574 0.0280095
0 0.152178 0.426524 0.00383542 0.00688623
1 0.881586 0.413293 0.0116268 0.0329856
