1 0.125346 0.469994 0.0170142 0.0675607
1 0.814587 0.761246 0.0201369 0.0882083
1 0.873655 0.426482 0.0164955 0.0699445
1 0.496294 0.384876 0.0119409 0.0594812
1 0.588945 0.216274 0.013558 0.0459319
1 0.736928 0.426202 0.0146472 0.0653791
1 0.478956 0.470295 0.0127394 0.0702749
1 0.925838 0.273805 0.0116438 0.0540294
1 0.499697 0.280286 0.0108934 0.0460325
1 0.166742 0.458521 0.0159654 0.0671921
1 0.624056 0.277279 0.00803769 0.0511392
1 0.247836 0.316914 0.0166201 0.0485843
1 0.815599 0.26961 0.0105279 0.0495925
1 0.661299 0.278554 0.00880852 0.05071
1 0.0188212 0.307736 0.0112761 0.0528731
1 0.44964 0.216335 0.00943778 0.040695
1 0.391322 0.241192 0.00990887 0.044493
1 0.456903 0.307658 0.0123714 0.047724
1 0.36814 0.213245 0.0113563 0.0364938
1 0.355159 0.219494 0.0149507 0.0361051
1 0.419032 0.317767 0.0122098 0.0558718
1 0.70332 0.234952 0.0083168 0.0412852
0 0.172067 0.20976 0.0126412 0.0131968
1 0.705371 0.235141 0.0124116 0.0412605
