1 0.752338 0.440838 0.020005 0.0813102
1 0.955738 0.537204 0.0301218 0.113923
1 0.495761 0.443299 0.0177577 0.0767677
1 0.525082 0.424204 0.0172192 0.0766125
1 0.341488 0.345721 0.0130592 0.0566563
1 0.537632 0.545987 0.0284197 0.0996468
1 0.428226 0.428041 0.0157114 0.0871173
1 0.801239 0.413669 0.0158524 0.0760043
1 0.110032 0.469162 0.0204663 0.086089
1 0.477676 0.315264 0.00916351 0.0503959
1 0.658734 0.35789 0.0125356 0.0621049
1 0.701298 0.372558 0.0159981 0.0674839
1 0.766565 0.288876 0.00974363 0.0452174
1 0.102373 0.606957 0.0434753 0.148108
1 0.08935 0.264694 0.00877685 0.0328608
1 0.635868 0.645393 0.0278363 0.0920356
1 0.716033 0.624598 0.0195165 0.136884
0 0.788138 0.573105 0.00974916 0.0142223
1 0.605948 0.50174 0.0233098 0.100624
1 0.607123 0.690485 0.0350923 0.146887
1 0.0889471 0.453091 0.0201992 0.0841026
1 0.879004 0.600447 0.041174 0.136754
1 0.600859 0.587542 0.0226847 0.09126
1 0.0343879 0.270154 0.00747364 0.0319317
