1 0.660278 0.378033 0.0193991 0.0608354
1 0.231005 0.462681 0.0215741 0.0771224
1 0.422545 0.626855 0.0380884 0.130735
1 0.474532 0.486073 0.0240581 0.081663
1 0.752626 0.441513 0.0199348 0.0694963
1 0.521612 0.393156 0.0186713 0.0605956
1 0.198731 0.444244 0.0196343 0.0779147
1 0.143718 0.622739 0.0379684 0.117749
1 0.576467 0.52952 0.0294931 0.100138
1 0.0864795 0.586219 0.0238018 0.115315
1 0.93391 0.413833 0.0179221 0.061634
1 0.824611 0.588687 0.0253701 0.106055
1 0.885544 0.30071 0.0119174 0.0436419
1 0.964722 0.40756 0.0171824 0.0702733
1 0.342349 0.567676 0.0275943 0.112198
1 0.779805 0.484473 0.0198621 0.0833117
1 0.405589 0.329217 0.0117294 0.0431099
1 0.743953 0.335422 0.0128596 0.0464992
1 0.490902 0.410514 0.0208666 0.0616991
1 0.499103 0.305993 0.00925051 0.0391782
1 0.337796 0.567796 0.0188219 0.111881
1 0.483359 0.393731 0.01 0.0647361
1 0.387788 0.671409 0.0260324 0.133004
