1 0.635615 0.274248 0.0168959 0.0631326
1 0.911444 0.425138 0.0171766 0.0787519
1 0.252503 0.817023 0.0252785 0.0991147
1 0.692266 0.400666 0.0139877 0.0731312
1 0.503015 0.19823 0.0138581 0.0584251
1 0.548674 0.175267 0.0148676 0.0529855
1 0.395265 0.610243 0.0250815 0.0965316
1 0.706703 0.274834 0.0120557 0.0637694
1 0.771367 0.166899 0.013064 0.0553419
1 0.917332 0.289245 0.021083 0.0695226
1 0.718202 0.150294 0.00977815 0.0549349
1 0.826077 0.150319 0.0137445 0.05206
1 0.20816 0.362221 0.0114971 0.0711869
1 0.205043 0.618076 0.0216383 0.0957735
1 0.163104 0.16713 0.00897431 0.0548711
1 0.426767 0.0399024 0.0103178 0.0398793
1 0.391707 0.0996945 0.00914752 0.0480517
1 0.0642 0.451227 0.0129359 0.0839755
1 0.847923 0.153823 0.00950298 0.0538502
1 0.141208 0.150883 0.00696101 0.0523731
1 0.0952139 0.217511 0.00903364 0.0616079
1 0.0996552 0.454983 0.0123033 0.0809245
1 0.109882 0.0608454 0.016585 0.0511163
