1 0.460268 0.633696 0.0219907 0.0749713
1 0.930027 0.393797 0.0178663 0.0511281
1 0.225317 0.37159 0.0145378 0.0516064
1 0.986721 0.431646 0.0132564 0.0546407
1 0.848027 0.47792 0.0116224 0.060069
1 0.893432 0.603 0.0198705 0.0661517
1 0.516505 0.469623 0.012674 0.0562806
1 0.471251 0.409537 0.0171335 0.0543461
1 0.640482 0.459866 0.0166014 0.0560916
1 0.152464 0.505385 0.0164148 0.0634643
1 0.497627 0.382051 0.0190176 0.0532233
1 0.568522 0.393063 0.0141572 0.0508631
1 0.682206 0.431321 0.0100833 0.0573869
1 0.461819 0.362526 0.0112762 0.0471442
1 0.454459 0.313561 0.00803426 0.0390093
1 0.143939 0.683237 0.0162237 0.0721658
1 0.291162 0.359114 0.00992731 0.0430939
1 0.355606 0.286764 0.00764507 0.0399113
1 0.628713 0.342685 0.0160579 0.042097
1 0.613862 0.349719 0.0134093 0.0473131
1 0.658284 0.388456 0.0143063 0.0532625
1 0.511976 0.301006 0.013122 0.0404485
0 0.210271 0.500056 0.00521765 0.0084493
1 0.132409 0.303195 0.00707729 0.0410865
