1 0.802105 0.351509 0.0188525 0.0528709
1 0.39725 0.409478 0.0194802 0.0608936
1 0.56752 0.343783 0.0147937 0.0512551
1 0.851221 0.752587 0.0208189 0.0795069
1 0.946839 0.598999 0.0222596 0.0813163
1 0.637184 0.442888 0.014808 0.0644767
1 0.416109 0.367332 0.016409 0.0591294
1 0.586087 0.333136 0.0133429 0.0531747
1 0.50122 0.305285 0.0106516 0.0501466
1 0.928031 0.267429 0.0126788 0.0426152
1 0.630956 0.598076 0.0136402 0.0770564
1 0.846418 0.270489 0.0108445 0.0486381
1 0.312347 0.296871 0.00925531 0.0515827
1 0.462596 0.299186 0.00878935 0.048258
1 0.661081 0.315295 0.0105382 0.0495972
1 0.599977 0.289713 0.0176027 0.0350442
1 0.63458 0.302393 0.00913016 0.0513372
1 0.652287 0.304953 0.00824356 0.0484849
1 0.644666 0.304465 0.00856018 0.049673
1 0.639835 0.283139 0.0104282 0.0463901
1 0.550769 0.177255 0.00862541 0.0325262
