1 0.445823 0.588316 0.0170754 0.0838264
1 0.727812 0.843914 0.0241529 0.0923972
1 0.737505 0.464306 0.0201454 0.066181
1 0.287663 0.608247 0.0238687 0.0843721
1 0.826548 0.638489 0.0178424 0.0831185
1 0.479445 0.445797 0.0159533 0.065303
1 0.608684 0.180298 0.0131277 0.0450833
1 0.581886 0.282358 0.015103 0.054749
1 0.84539 0.42424 0.019529 0.066649
1 0.303093 0.367593 0.0147811 0.057053
1 0.222869 0.362754 0.0185488 0.0596061
1 0.489365 0.234363 0.0138622 0.0465641
1 0.652729 0.121494 0.0142912 0.0377145
1 0.68965 0.191245 0.0124568 0.0464022
1 0.656796 0.353256 0.0104894 0.0568158
1 0.532737 0.230543 0.0194156 0.0452445
1 0.443226 0.46244 0.0166329 0.073546
1 0.736219 0.267491 0.0180044 0.0575366
1 0.491605 0.18484 0.0151355 0.0395587
1 0.743763 0.259383 0.0112233 0.0544152
1 0.33083 0.17717 0.0111602 0.0440149
1 0.678069 0.189217 0.00800056 0.0208648
