1 0.644991 0.457084 0.0263805 0.0611395
1 0.582603 0.509941 0.0297207 0.0748739
1 0.462816 0.387276 0.0156714 0.0537075
1 0.252087 0.413542 0.0131603 0.060312
1 0.592947 0.374149 0.0162061 0.0442722
1 0.0765965 0.439799 0.0151091 0.069184
1 0.505413 0.348093 0.009583 0.0387328
1 0.194164 0.355559 0.00976203 0.044386
1 0.402264 0.380876 0.0124388 0.0497524
1 0.316025 0.464128 0.0133455 0.0685736
1 0.269031 0.357268 0.00858361 0.0414764
1 0.344698 0.385897 0.0143142 0.0481776
1 0.499894 0.56027 0.0324672 0.0856428
1 0.757504 0.348134 0.0106012 0.0408241
1 0.752026 0.413157 0.0209969 0.0577577
1 0.416379 0.328495 0.00706371 0.0359988
1 0.833148 0.656012 0.0200807 0.128422
1 0.819913 0.541799 0.0189875 0.0717903
1 0.0879864 0.329669 0.00805547 0.032908
1 0.503611 0.527976 0.0142366 0.0572709
1 0.504312 0.556529 0.0241184 0.0913654
0 0.535926 0.601835 0.00752036 0.0119887
1 0.719528 0.475901 0.0182869 0.0621357
1 0.6792 0.406086 0.0117999 0.0530464
1 0.531875 0.378763 0.00769304 0.038932
1 0.0257776 0.334963 0.00904009 0.0296552
1 0.534071 0.365658 0.00651182 0.0334554
1 0.73206 0.455042 0.0148035 0.0259869
1 0.0364365 0.332738 0.00730954 0.0301391
