1 0.422987 0.784279 0.0222253 0.0910069
1 0.89794 0.773525 0.0207706 0.0823942
1 0.702329 0.399148 0.0110831 0.0622971
1 0.71024 0.451281 0.0206534 0.0665265
1 0.984616 0.335103 0.0171223 0.05157
1 0.660963 0.364618 0.0111659 0.0549647
1 0.51664 0.334381 0.0114923 0.0513451
1 0.568403 0.274901 0.0104319 0.0469299
1 0.519102 0.277882 0.00938994 0.0456611
1 0.405013 0.417917 0.0107664 0.0549856
1 0.452814 0.340334 0.0106254 0.0448161
1 0.112608 0.353454 0.00972574 0.0520492
1 0.557494 0.479488 0.0141936 0.0622533
1 0.397075 0.467712 0.0099939 0.0672116
1 0.411723 0.276644 0.00886326 0.0432279
1 0.841247 0.597817 0.0218806 0.0752704
1 0.276787 0.234136 0.00965653 0.042359
1 0.530511 0.228009 0.00790803 0.0404743
1 0.145019 0.538938 0.0197161 0.0711118
1 0.330036 0.340098 0.00947301 0.0506425
1 0.337695 0.330976 0.00875263 0.0494166
1 0.474539 0.201902 0.00787735 0.0374901
1 0.137307 0.22257 0.00842365 0.0354353
0 0.159311 0.561473 0.00540112 0.0106895
1 0.993571 0.27048 0.012446 0.0522726
