1 0.710734 0.478065 0.0147465 0.05377
1 0.0432103 0.609143 0.0188922 0.0674361
1 0.449677 0.524975 0.0171706 0.0577618
1 0.881614 0.519144 0.0166412 0.0546977
1 0.52834 0.404172 0.018781 0.0465736
1 0.582296 0.634893 0.0286105 0.0662915
1 0.67186 0.545934 0.0121058 0.056929
1 0.215475 0.385481 0.0094834 0.0421714
1 0.250507 0.433507 0.0105535 0.0501876
1 0.430077 0.458504 0.0140527 0.0511898
1 0.305709 0.420491 0.0112067 0.0511468
1 0.117983 0.528554 0.0130013 0.0618402
1 0.356174 0.474469 0.0122066 0.0504389
1 0.662263 0.429402 0.0194097 0.0441847
1 0.0511931 0.433635 0.011422 0.0523852
1 0.306195 0.352307 0.009561 0.0405694
1 0.797753 0.448076 0.0150373 0.0389282
1 0.641189 0.441769 0.0183612 0.0513959
1 0.863091 0.519338 0.0144075 0.0523231
1 0.514256 0.422976 0.0115014 0.0462987
1 0.586449 0.614645 0.0133235 0.0613968
1 0.420404 0.434417 0.0112222 0.0460111
