1 0.454539 0.631563 0.0411944 0.0798305
1 0.458295 0.424607 0.0144115 0.0494737
1 0.867182 0.466791 0.0154896 0.056687
1 0.363239 0.610106 0.0164572 0.0648624
1 0.706638 0.51792 0.0129811 0.0649211
1 0.317955 0.421166 0.0131172 0.0480743
1 0.438697 0.461192 0.0110349 0.0558885
1 0.166281 0.564564 0.0157112 0.0699995
1 0.499591 0.461949 0.00853078 0.0527158
1 0.400968 0.423005 0.0103347 0.0491906
1 0.720826 0.522906 0.0111669 0.0646292
1 0.618001 0.370304 0.0109477 0.0397184
1 0.27086 0.406874 0.0110662 0.0473524
1 0.496154 0.396181 0.00767539 0.0485153
1 0.551639 0.41435 0.0108273 0.0501407
1 0.592237 0.435514 0.011423 0.0549202
1 0.43374 0.408148 0.00902583 0.0491753
1 0.332131 0.439323 0.0104263 0.0200782
1 0.603658 0.38876 0.0104163 0.0497394
1 0.386201 0.430373 0.0126655 0.0535307
1 0.594379 0.38277 0.0112022 0.0464713
1 0.384611 0.408617 0.0135098 0.0496508
0 0.283646 0.42246 0.00591424 0.0122958
1 0.613538 0.291147 0.0129929 0.0349152
