1 0.472353 0.493004 0.0268375 0.0847215
1 0.83364 0.489536 0.0205888 0.092334
1 0.88929 0.374658 0.0162556 0.0537574
1 0.380152 0.417616 0.016059 0.0691445
1 0.530687 0.3774 0.0154638 0.0594027
1 0.598753 0.523561 0.0161497 0.093493
1 0.364092 0.407726 0.0172738 0.0722494
1 0.404982 0.393179 0.0128985 0.0613423
1 0.103046 0.467627 0.0188057 0.0747323
1 0.709298 0.444126 0.024065 0.0633495
1 0.188539 0.672399 0.0354141 0.119352
1 0.292298 0.342648 0.0118246 0.0465596
1 0.379133 0.312011 0.0083505 0.0397041
1 0.7813 0.38209 0.0124564 0.0639684
1 0.596923 0.322249 0.00932287 0.0450828
1 0.482368 0.60719 0.0285915 0.116833
1 0.6955 0.462135 0.0118987 0.0525718
1 0.385069 0.512717 0.0290522 0.082758
1 0.0722144 0.278589 0.00839289 0.0316067
0 0.345802 0.491693 0.00821784 0.0132384
1 0.694031 0.290289 0.00885894 0.0405052
1 0.399888 0.509938 0.0234267 0.0913478
1 0.696872 0.442232 0.0136128 0.0620637
1 0.357168 0.257533 0.00679582 0.0246377
1 0.254346 0.707053 0.0509822 0.122328
1 0.0912161 0.465528 0.0224953 0.0733632
1 0.394788 0.495429 0.0131872 0.0609741
1 0.400241 0.522756 0.0225548 0.0653378
1 0.00199107 0.282224 0.00398215 0.0320078
