1 0.405599 0.519662 0.0204769 0.0801821
1 0.106391 0.456171 0.0274189 0.0767923
1 0.331869 0.142612 0.0110637 0.0459059
1 0.54229 0.306701 0.0156441 0.0650229
1 0.262744 0.209128 0.0199098 0.056484
1 0.362415 0.178237 0.014952 0.0546966
1 0.203172 0.864918 0.0227169 0.118664
1 0.355147 0.328812 0.0178305 0.0681763
1 0.474069 0.148131 0.0129759 0.0516843
1 0.198617 0.310028 0.0145118 0.0702978
1 0.362995 0.400259 0.0149814 0.079419
1 0.47939 0.342904 0.0131757 0.0669446
1 0.671605 0.133412 0.0105708 0.0516887
1 0.543078 0.209495 0.0119403 0.0571087
1 0.257331 0.286214 0.0122446 0.0655216
1 0.87996 0.364981 0.0154478 0.0780724
1 0.745188 0.238327 0.0123439 0.0593293
1 0.697923 0.248318 0.0171889 0.0498343
1 0.606898 0.288912 0.0149315 0.0690455
1 0.415204 0.262261 0.0126326 0.0594464
1 0.394597 0.0808562 0.0115355 0.0441849
1 0.344093 0.0754268 0.00985988 0.0407373
0 0.714639 0.27659 0.00547345 0.00910927
