1 0.447499 0.341583 0.0229146 0.0695043
1 0.568676 0.360746 0.019379 0.0785969
1 0.609678 0.253903 0.0262269 0.0621356
1 0.782784 0.237639 0.0140881 0.06106
1 0.198213 0.62901 0.0209287 0.107181
1 0.302305 0.336328 0.0161047 0.0787336
1 0.41665 0.197112 0.0152244 0.0590472
1 0.704609 0.146918 0.0134408 0.0557278
1 0.722712 0.479052 0.0134396 0.0795254
1 0.377099 0.145866 0.00984278 0.0538591
1 0.610259 0.124579 0.0164778 0.050394
1 0.536716 0.255223 0.017747 0.0687267
1 0.803643 0.12555 0.0128797 0.0523035
1 0.601855 0.331491 0.0138606 0.0687848
1 0.422233 0.269421 0.014419 0.0639195
1 0.27062 0.216668 0.0107299 0.0635349
1 0.327655 0.223345 0.0102107 0.0625247
1 0.199157 0.523821 0.0158671 0.0916841
1 0.37757 0.273258 0.0114247 0.0681048
1 0.537473 0.32979 0.0183607 0.0663537
1 0.357215 0.0358552 0.011969 0.040087
1 0.644628 0.80981 0.0242007 0.12606
1 0.639252 0.809799 0.0131883 0.125409
1 0.644756 0.797889 0.0182158 0.103021
