1 0.586854 0.817482 0.0220243 0.0935817
1 0.341183 0.372041 0.0146508 0.0516828
1 0.083044 0.505492 0.0155927 0.0653796
1 0.195736 0.638073 0.0153497 0.0632368
1 0.774406 0.342638 0.00990213 0.049603
1 0.658998 0.463053 0.0100128 0.0561578
1 0.934792 0.569833 0.0158848 0.0688098
1 0.476973 0.3874 0.0092934 0.0509437
1 0.262617 0.379096 0.0117104 0.0486505
1 0.696188 0.249027 0.0087628 0.0414991
1 0.583255 0.297222 0.0121913 0.0431168
1 0.206991 0.289569 0.0104431 0.0395257
1 0.220632 0.599838 0.0136892 0.0723962
1 0.484001 0.284224 0.0100031 0.0423699
1 0.238201 0.302792 0.0088133 0.0450721
1 0.444347 0.225992 0.00788832 0.0371505
1 0.526183 0.362563 0.0162963 0.0544321
1 0.238352 0.208571 0.00693696 0.0327726
1 0.503314 0.279148 0.00844428 0.0404112
1 0.569369 0.189379 0.00631332 0.0354418
1 0.0662282 0.37995 0.0110228 0.0483545
1 0.075191 0.425397 0.0138656 0.057345
1 0.0628373 0.219567 0.00974335 0.0352615
0 0.750223 0.329124 0.00588175 0.010716
