1 0.946774 0.514684 0.0265741 0.0832769
1 0.862467 0.41965 0.0172397 0.0535181
1 0.507253 0.437503 0.0142355 0.0613845
1 0.421825 0.447248 0.0142305 0.0625255
1 0.343848 0.405352 0.0132683 0.056351
1 0.563893 0.37707 0.00934207 0.0461763
1 0.718964 0.412225 0.0159186 0.0487212
1 0.441761 0.597228 0.0176536 0.0997119
1 0.578085 0.36314 0.0131699 0.0467018
1 0.514493 0.375927 0.00978371 0.0439671
1 0.735126 0.398247 0.0131282 0.0561061
1 0.373917 0.49814 0.0133951 0.0783531
1 0.31039 0.409939 0.0131435 0.0522565
1 0.636554 0.328946 0.0103312 0.0381129
1 0.652032 0.323594 0.00789204 0.034022
1 0.444074 0.342736 0.00816841 0.036746
1 0.98273 0.525804 0.0343692 0.0838624
1 0.739115 0.353064 0.00937812 0.0413855
1 0.51953 0.310354 0.0065944 0.030948
1 0.0251157 0.351792 0.0163922 0.0462394
1 0.386901 0.333303 0.00891584 0.0395643
0 0.457594 0.581806 0.00697813 0.0119762
1 0.310464 0.418081 0.0130788 0.0362339
