1 0.362120 0.867727 0.027719 0.113046
0 0.666187 0.134458 0.003875 0.007046
1 0.657237 0.431153 0.016380 0.069083
1 0.429719 0.222602 0.014906 0.051222
1 0.417438 0.236616 0.010104 0.049157
1 0.653831 0.111315 0.007974 0.037000
1 0.441135 0.221954 0.011417 0.052926
1 0.532805 0.275815 0.010849 0.054833
1 0.531055 0.260519 0.011870 0.056648
1 0.670833 0.116792 0.009021 0.036380
1 0.283995 0.798588 0.018312 0.107546
1 0.431867 0.243023 0.011234 0.056731
1 0.502628 0.249097 0.008693 0.055880
1 0.406932 0.261537 0.008083 0.055648
1 0.450177 0.300380 0.010656 0.057463
1 0.493344 0.250282 0.011167 0.051806
1 0.622138 0.296245 0.009828 0.057083
1 0.430635 0.314560 0.011417 0.059861
1 0.575305 0.290801 0.009974 0.056898
1 0.546167 0.270662 0.011333 0.057454
1 0.750578 0.300931 0.009469 0.059065
1 0.473443 0.308662 0.013948 0.058676
