1 0.563885 0.562162 0.014302 0.073787
1 0.441617 0.452778 0.012182 0.060444
1 0.454490 0.367356 0.011208 0.048380
1 0.160393 0.659708 0.018026 0.084287
1 0.385820 0.480315 0.018516 0.056444
1 0.460542 0.682417 0.018417 0.085833
1 0.107094 0.433296 0.015219 0.060963
1 0.322440 0.281940 0.013047 0.042083
1 0.543982 0.480704 0.012266 0.065056
1 0.827461 0.579269 0.017370 0.074741
1 0.167492 0.366699 0.014953 0.050694
1 0.734674 0.521417 0.012609 0.073611
1 0.572026 0.377625 0.010802 0.054713
1 0.648732 0.447333 0.013161 0.064981
1 0.787099 0.364968 0.013354 0.050972
1 0.277797 0.408634 0.011844 0.052935
1 0.635198 0.440278 0.012073 0.064593
1 0.433932 0.312505 0.012781 0.044917
1 0.432990 0.349593 0.012958 0.043481
1 0.691763 0.037542 0.005255 0.015917
0 0.178523 0.379579 0.005359 0.010583
1 0.298833 0.595463 0.015573 0.077574
1 0.477729 0.518060 0.014344 0.073898
1 0.328273 0.358347 0.012526 0.050806
