1 0.475422 0.448069 0.012583 0.044454
1 0.610539 0.320690 0.014568 0.033343
1 0.501289 0.563157 0.022161 0.056074
1 0.515818 0.740088 0.024323 0.071380
1 0.971573 0.716806 0.024229 0.064574
1 0.709391 0.607463 0.020885 0.052574
1 0.643805 0.617380 0.024401 0.054630
1 0.879099 0.604546 0.033729 0.048148
1 0.478922 0.576949 0.017250 0.060343
1 0.690958 0.393032 0.018271 0.044861
1 0.781982 0.514519 0.026995 0.048981
1 0.290698 0.570171 0.010802 0.058231
1 0.413594 0.773968 0.025594 0.066620
1 0.660479 0.362616 0.019313 0.037676
1 0.486760 0.348773 0.012990 0.036343
1 0.448971 0.348528 0.010724 0.039593
1 0.515667 0.420824 0.016958 0.040870
1 0.218206 0.426727 0.009172 0.040306
1 0.884201 0.339338 0.009182 0.043028
1 0.314201 0.323204 0.009922 0.035944
1 0.109906 0.635875 0.022802 0.057750
1 0.523448 0.248435 0.010125 0.024574
0 0.764865 0.474926 0.007906 0.008704
1 0.219964 0.246403 0.008344 0.026843
