1 0.652117 0.362079 0.009714 0.045139
1 0.239073 0.322514 0.006958 0.028898
1 0.576755 0.326319 0.006490 0.034009
0 0.312815 0.354606 0.004839 0.008639
1 0.654141 0.346634 0.007802 0.037065
1 0.400883 0.360560 0.010891 0.042287
1 0.525299 0.349954 0.009245 0.044148
1 0.708747 0.374514 0.009161 0.052343
1 0.946589 0.614083 0.018042 0.119704
1 0.678977 0.390713 0.011255 0.054056
1 0.330523 0.339426 0.009391 0.038185
1 0.595357 0.325977 0.008911 0.035509
1 0.542865 0.348676 0.009052 0.037574
1 0.519302 0.374407 0.009667 0.048852
1 0.441448 0.343477 0.008875 0.038806
1 0.466464 0.426954 0.017458 0.064037
1 0.441596 0.332829 0.008318 0.037713
1 0.390750 0.341847 0.009531 0.036583
1 0.136383 0.364519 0.013870 0.048148
1 0.056823 0.469495 0.025365 0.078250
1 0.800677 0.436278 0.015948 0.067019
1 0.497419 0.317657 0.006328 0.031981
