1 0.623471 0.201231 0.010359 0.059130
1 0.538625 0.052537 0.008938 0.043759
1 0.028820 0.216681 0.018130 0.061157
1 0.891896 0.916870 0.022417 0.080407
1 0.881945 0.874736 0.033182 0.117046
1 0.870630 0.954986 0.030125 0.088676
1 0.740794 0.401778 0.019974 0.078556
1 0.963523 0.916898 0.026484 0.122685
1 0.315544 0.901921 0.017651 0.092731
1 0.340018 0.951069 0.034505 0.071472
1 0.348445 0.873389 0.017651 0.089870
1 0.368104 0.910407 0.023271 0.092870
1 0.425794 0.694560 0.017047 0.096046
1 0.252234 0.622083 0.021000 0.093685
1 0.069859 0.198250 0.013042 0.058481
1 0.665076 0.203125 0.011193 0.056694
1 0.306417 0.811491 0.028094 0.109481
1 0.646620 0.198310 0.015260 0.058102
