1 0.223193 0.501833 0.017010 0.066074
1 0.268672 0.490102 0.018833 0.043333
1 0.387367 0.341583 0.013214 0.051389
1 0.685951 0.203019 0.004818 0.022944
1 0.080576 0.585218 0.025276 0.070565
1 0.483958 0.321931 0.009323 0.045139
1 0.457398 0.523417 0.014214 0.074407
1 0.603073 0.340292 0.010531 0.051083
1 0.449344 0.326537 0.012635 0.049907
1 0.800643 0.336222 0.009422 0.047500
1 0.349904 0.314625 0.016630 0.047083
1 0.189729 0.695912 0.019042 0.085972
1 0.497078 0.359894 0.009688 0.050102
1 0.264255 0.534718 0.011969 0.061065
1 0.502367 0.323421 0.009589 0.044861
1 0.462802 0.477843 0.014052 0.062333
1 0.485693 0.404463 0.012635 0.051741
1 0.113081 0.557259 0.022339 0.065074
1 0.232216 0.591972 0.014828 0.074870
1 0.318029 0.597819 0.014839 0.076306
1 0.913961 0.570875 0.012380 0.076009
1 0.665810 0.536032 0.015891 0.074861
1 0.543443 0.680208 0.016552 0.086491
