1 0.359526 0.528616 0.014281 0.058343
1 0.610901 0.496120 0.010937 0.049630
1 0.524268 0.539764 0.015495 0.064898
1 0.449945 0.491190 0.006786 0.045361
1 0.443484 0.481856 0.005167 0.023250
1 0.447682 0.514588 0.008073 0.051398
1 0.441305 0.513440 0.006943 0.054843
1 0.435167 0.494634 0.007917 0.044213
1 0.470940 0.502958 0.009370 0.013787
1 0.478693 0.483435 0.005490 0.046519
1 0.474818 0.488894 0.007104 0.041917
1 0.484021 0.483866 0.005812 0.044509
1 0.463187 0.495495 0.010333 0.047657
1 0.431484 0.506236 0.006781 0.050824
1 0.415234 0.511120 0.012052 0.054185
1 0.398964 0.518231 0.013740 0.057815
1 0.371229 0.512310 0.013062 0.050602
0 0.605461 0.512704 0.003630 0.006944
1 0.794794 0.552440 0.012995 0.062398
1 0.295063 0.480167 0.010344 0.049333
1 0.785036 0.506231 0.009979 0.051481
1 0.742318 0.450056 0.008417 0.026963
1 0.658172 0.440222 0.011219 0.033704
1 0.621091 0.491565 0.008745 0.044630
