1 0.399474 0.449745 0.012917 0.045231
1 0.374299 0.505384 0.015359 0.058287
0 0.463495 0.469444 0.004479 0.008315
1 0.429831 0.461009 0.011599 0.045833
1 0.929927 0.536181 0.014198 0.069120
1 0.479693 0.478491 0.015927 0.050056
1 0.455570 0.453306 0.011286 0.041093
1 0.446164 0.456407 0.011828 0.037741
1 0.177187 0.496773 0.013365 0.060972
1 0.304052 0.473176 0.008625 0.052259
1 0.360656 0.444662 0.011250 0.038676
1 0.381188 0.471819 0.008354 0.039361
1 0.891635 0.560759 0.017167 0.078074
1 0.518299 0.407917 0.008391 0.031852
1 0.253424 0.547889 0.014932 0.072278
1 0.834833 0.456759 0.012260 0.042889
1 0.588641 0.488241 0.011583 0.051241
1 0.144063 0.522505 0.013292 0.061602
1 0.197224 0.454273 0.010646 0.041824
1 0.339917 0.469593 0.014531 0.047167
1 0.863672 0.451773 0.009521 0.046620
1 0.930060 0.505972 0.010474 0.047389
1 0.483924 0.435102 0.007068 0.035593
