1 0.866922 0.361227 0.010573 0.046435
1 0.449156 0.574542 0.018948 0.054269
1 0.478594 0.701528 0.015260 0.072537
1 0.478133 0.437856 0.012422 0.051009
1 0.262984 0.504435 0.018125 0.060222
1 0.298260 0.463671 0.016958 0.053491
1 0.235576 0.388981 0.014307 0.052704
1 0.307620 0.397514 0.010469 0.048194
1 0.155034 0.537241 0.014651 0.062167
1 0.826727 0.382500 0.011297 0.045815
1 0.614771 0.515338 0.012844 0.059065
1 0.545648 0.411407 0.011339 0.046370
1 0.757552 0.291958 0.010625 0.038287
1 0.445490 0.491301 0.011219 0.061472
1 0.857068 0.531801 0.012344 0.059972
1 0.502130 0.394495 0.008760 0.047324
1 0.536664 0.293315 0.009151 0.039556
1 0.858156 0.478843 0.014188 0.054056
1 0.663422 0.441264 0.010854 0.049602
1 0.657471 0.427579 0.008891 0.050861
1 0.743458 0.705088 0.019365 0.064769
1 0.376336 0.213769 0.009089 0.034352
1 0.002104 0.370426 0.004177 0.041407
0 0.442424 0.457556 0.003651 0.007667
