1 0.800628 0.355602 0.012047 0.057704
1 0.534565 0.371787 0.015359 0.063944
1 0.512411 0.391329 0.012917 0.070194
1 0.590828 0.331944 0.013833 0.050407
1 0.465448 0.615222 0.023771 0.144722
1 0.588362 0.581542 0.027651 0.108306
1 0.335419 0.302773 0.010682 0.051269
1 0.447495 0.332000 0.010750 0.047778
1 0.429690 0.345319 0.009630 0.048213
1 0.424315 0.336977 0.007839 0.048176
1 0.451638 0.313269 0.009182 0.042241
1 0.467763 0.325431 0.008286 0.042602
1 0.475266 0.324833 0.008063 0.050963
1 0.482656 0.328019 0.006719 0.045389
1 0.488141 0.317648 0.007385 0.043037
1 0.497208 0.322426 0.006271 0.051796
1 0.504266 0.316639 0.007385 0.051426
1 0.510982 0.318644 0.008734 0.045824
1 0.504599 0.391324 0.009406 0.055741
0 0.611109 0.334306 0.004927 0.008759
1 0.612177 0.332296 0.013458 0.032241
1 0.666380 0.274000 0.010312 0.033907
1 0.646328 0.379671 0.010052 0.059935
1 0.599599 0.319250 0.009802 0.047963
