1 0.492154 0.558593 0.016307 0.091130
1 0.530169 0.441264 0.014495 0.064213
1 0.623883 0.402921 0.013182 0.050713
1 0.672755 0.349093 0.010771 0.033852
1 0.638242 0.445681 0.013839 0.059194
1 0.510958 0.460486 0.015781 0.068157
1 0.785029 0.424116 0.011547 0.054991
1 0.607047 0.582319 0.019052 0.090583
1 0.509857 0.394370 0.007307 0.051704
1 0.503771 0.395162 0.005760 0.052806
1 0.519656 0.389565 0.008552 0.047037
1 0.494594 0.394315 0.004771 0.046241
0 0.603638 0.413509 0.003870 0.008870
1 0.607940 0.406421 0.013974 0.032194
1 0.597049 0.390324 0.006964 0.049537
1 0.489523 0.395278 0.005620 0.051185
1 0.463518 0.398991 0.011193 0.042111
1 0.444734 0.413847 0.007896 0.042102
1 0.453766 0.419213 0.011188 0.051185
1 0.445896 0.382477 0.010219 0.032194
1 0.417776 0.416741 0.007938 0.047889
1 0.344404 0.380000 0.010724 0.048704
